1790954829.2012684,69.83854128736648,0.8236363504633453,0.8368264916922122,0.8374242251119906,22.27,1029.249
1790954860.5567894,69.81067085366827,0.82262114566175,0.8365563625108593,0.8378411592658167,22.29,1029.238
1790954891.903155,69.78903615159533,0.8264261490627667,0.8372435000992369,0.8391809178406142,22.34,1029.236
1790954923.2467594,69.76066043511992,0.8249020503870332,0.8390899086247345,0.8391809178406142,22.3,1029.275
1790954954.5962598,69.7386628233094,0.8282018173165745,0.8392006232218364,0.8401033270702846,22.29,1029.234
1790954985.884725,69.72141959707722,0.8314318410681262,0.8400534541842194,0.8406530068584286,22.24,1029.235
1790955017.1901765,69.70348705603686,0.8314115576796524,0.8403778281998279,0.8413005035215567,22.24,1029.23
1790955048.5320308,69.69334871123984,0.8356324971616564,0.8407016695601675,0.8411388288800311,22.23,1029.223
1790955079.8214865,69.68758557207669,0.8365728247988111,0.8394543943803857,0.8415767072408925,22.26,1029.204
1790955110.9815993,69.68606231902001,0.8387840766369918,0.8395457031653284,0.8410689562220015,22.24,1029.202
1790955142.2812135,69.6825109825124,0.8375874923724156,0.8393631606262234,0.8412307924902316,22.24,1029.197
1790955173.6128008,69.68186026612887,0.8386930809047376,0.8390184390965019,0.84088516198663,22.23,1029.194
1790955204.96228,69.68896002211793,0.8395255645242917,0.8359756865297621,0.8417155040398697,22.24,1029.192
1790955236.2576897,69.68587920487171,0.8391612609370613,0.8407016695601675,0.8415314809525255,22.23,1029.188
1790955267.5243876,69.68805171442791,0.8395255645242917,0.8384393097461882,0.8414620454199442,22.22,1029.18
1790955298.711972,69.69225871296483,0.8400534541842194,0.8379499549157587,0.841507137480424,22.19,1029.183
1790955329.9903667,69.6924414221683,0.8394744617291868,0.8393831071274521,0.8413452150976409,22.2,1029.18
1790955361.2365882,69.69602987868696,0.8394543943803857,0.8376601661210609,0.8415767072408925,22.2,1029.182
1790955392.5703366,69.6961731434495,0.8389274592206887,0.8388558268394212,0.8413005035215567,22.2,1029.176
1790955423.8956661,69.69649860318384,0.8393831071274521,0.8392203772602821,0.8412530530115193,22.2,1029.182
1790955455.185141,69.6983485697316,0.8393831071274521,0.8384581238535681,0.8416689266432096,22.22,1029.184
1790955486.518593,69.701214874155,0.8393831071274521,0.8379499549157587,0.841507137480424,22.16,1029.18
1790955517.7182007,69.70495294347137,0.8409069868046237,0.8390379521464373,0.8416689266432096,22.13,1029.175
1790955549.0538268,69.70426314217625,0.8391094937328222,0.8394543943803857,0.8412307924902316,22.14,1029.166
1790955580.4020793,69.70647551161095,0.8390379521464373,0.8379317674290894,0.8410689562220015,22.14,1029.168
1790955611.7364993,69.70546000957316,0.8390379521464373,0.8395457031653284,0.8414149466970144,22.13,1029.165
1790955643.0882359,69.70158276413558,0.8381855385876388,0.8401241613064266,0.8413924957734322,22.16,1029.162
1790955674.4365451,69.69937054441945,0.8388558268394212,0.8399619366974846,0.8410689562220015,22.16,1029.154
1790955705.7642105,69.69770516029104,0.8384393097461882,0.8392720018103969,0.8410689562220015,22.16,1029.152
1790955737.1085594,69.6956716476696,0.8388033243208423,0.8398200806315618,0.8408368369422812,22.17,1029.154
1790955768.330021,69.69327040498793,0.8388945153766042,0.8400951367174431,0.8412753685672193,22.14,1029.152
1790955799.6227405,69.69363573846367,0.8392401801363932,0.8390575133985222,0.8417841656749258,22.14,1029.147
1790955830.905071,69.69414411661903,0.8390575133985222,0.8388033243208423,0.8413452150976409,22.17,1029.143
1790955862.1996076,69.6919271749366,0.8390575133985222,0.8401659842397404,0.8418535932530007,22.12,1029.141
1790955893.5492013,69.68952665303003,0.8390575133985222,0.8402577743518063,0.8416917468755037,22.13,1029.147
1790955924.9236457,69.68781871767264,0.8385491352431624,0.8394031029218587,0.8411831593302492,22.12,1029.142
1790955956.271026,69.6871268181964,0.8392401801363932,0.8395861298745138,0.8412753685672193,22.1,1029.15
1790955987.5996132,69.68865383872519,0.8400951367174431,0.839331626453049,0.842038564228779,22.13,1029.16
1790956018.9411128,69.68883652162327,0.8390771230315844,0.83898578158254,0.8411131504033016,22.13,1029.152
1790956050.2916307,69.6893455284662,0.8388226196101197,0.8385681161886551,0.8417146235725087,22.16,1029.159
1790956081.6382194,69.68901962399181,0.839331626453049,0.8394945786902466,0.841622157246231,22.16,1029.165
1790956112.9845078,69.69003763767768,0.839331626453049,0.8388226196101197,0.8417146235725087,22.14,1029.212
1790956144.3151374,69.68800161030596,0.8388226196101197,0.8398406332959785,0.8417146235725087,22.16,1029.201
1790956175.6606634,69.69087212952455,0.840003375797953,0.8385681161886551,0.8418766606676956,22.14,1029.164
1790956206.9507325,69.69054595625211,0.8391685398168257,0.839331626453049,0.8413676538247663,22.14,1029.163
1790956238.2085242,69.69050499301221,0.8397489772440998,0.8397694588640477,0.8412054068213722,22.13,1029.157
1790956269.471176,69.69068812848724,0.8393515997690186,0.8392600320315052,0.8418071661942176,22.12,1029.154
1790956300.6788914,69.6893041785164,0.83898578158254,0.8396777565679623,0.8421311640891602,22.09,1029.149
1790956331.9530811,69.68694287587596,0.8390771230315844,0.8402577743518063,0.8413676538247663,22.1,1029.143
1790956363.3006387,69.68555934554854,0.8387313830286868,0.839423148192394,0.8414600151969405,22.12,1029.156
1790956394.643173,69.68537603344478,0.8397489772440998,0.8398406332959785,0.8415297671210724,22.13,1029.149
1790956425.9945495,69.68722811950707,0.8405121729056595,0.8395861298745138,0.841622157246231,22.16,1029.128
1790956457.3480182,69.68857224740255,0.8392401801363932,0.8385681161886551,0.842038564228779,22.14,1029.138
1790956488.6935165,69.68704585607942,0.83898578158254,0.8397489772440998,0.8417841656749258,22.1,1029.133
1790956519.988111,69.68551820582601,0.8391685398168257,0.8399323649435306,0.8417146235725087,22.12,1029.116
1790956551.3355122,69.68108063392206,0.8379681873671271,0.840186973319099,0.841622157246231,22.14,1029.118
1790956582.6830592,69.68020548105892,0.8392401801363932,0.8396777565679623,0.841622157246231,22.14,1029.112
1790956614.0305767,69.68224150843064,0.8395861298745138,0.8385681161886551,0.8417146235725087,22.14,1029.117
1790956645.377101,69.6824247029414,0.8395147454477765,0.839423148192394,0.8417146235725087,22.16,1029.115
1790956676.7185845,69.68260810753357,0.8397694588640477,0.8396777565679623,0.8422238403236453,22.13,1029.117
1790956708.0483003,69.68431781096045,0.8398406332959785,0.83898578158254,0.841622157246231,22.16,1029.117
1790956739.3946426,69.68293199654512,0.839423148192394,0.8401160554000607,0.8412054068213722,22.16,1029.112
1790956770.7462692,69.68496802391684,0.8400951367174431,0.8390771230315844,0.8418766606676956,22.13,1029.105
1790956802.1078625,69.68344037366343,0.839423148192394,0.840186973319099,0.8412054068213722,22.16,1029.108
1790956833.4492066,69.68089323950072,0.839005318615234,0.8402788856965901,0.8420618796104888,22.19,1029.098
1790956864.776744,69.68089323950072,0.839331626453049,0.839331626453049,0.8414600151969405,22.17,1029.117
1790956896.1191945,69.67987522581485,0.839331626453049,0.8398406332959785,0.8414600151969405,22.16,1029.101
1790956927.467795,69.67969218233617,0.839331626453049,0.839423148192394,0.8417146235725087,22.16,1029.102
1790956958.8132355,69.6786741686503,0.839331626453049,0.8398406332959785,0.841622157246231,22.16,1029.098
1790956990.1606786,69.67783994509657,0.8394945786902466,0.8399116904671131,0.8417146235725087,22.16,1029.088
1790957021.503247,69.67783994509657,0.8398406332959785,0.8398406332959785,0.841969231948077,22.17,1029.089
1790957052.8477569,69.68005823589593,0.8395861298745138,0.8384769844748335,0.841622157246231,22.19,1029.082
1790957084.1842284,69.67969157791686,0.8395861298745138,0.8397694588640477,0.8422238403236453,22.13,1029.09
1790957115.5217633,69.67918257107392,0.8395861298745138,0.8398406332959785,0.8429876654503502,22.16,1029.085
1790957146.8483014,69.67881579567506,0.8397489772440998,0.8399323649435306,0.8421311640891602,22.19,1029.075
1790957178.195839,69.67881579567506,0.8396777565679623,0.8396777565679623,0.841969231948077,22.17,1029.078
1790957209.548429,69.6777973621728,0.839423148192394,0.8399323649435306,0.8423165930267602,22.13,1029.071
1790957240.8738096,69.67765492082052,0.8396777565679623,0.8397489772440998,0.8418766606676956,22.16,1029.065
1790957272.2064476,69.67732901634612,0.839331626453049,0.8394945786902466,0.8421311640891602,22.13,1029.063
1790957303.5510283,69.67631184125561,0.8391488091492315,0.8396573966944859,0.8430561584441919,22.12,1029.085
1790957334.8703165,69.67478670678953,0.8398200806315618,0.8405826478646014,0.842038564228779,22.14,1029.08
1790957366.2228296,69.67547836302938,0.8403284587869215,0.8399826306669961,0.842269390887138,22.19,1029.088
1790957397.569517,69.67478670678953,0.8399826306669961,0.8403284587869215,0.8420153064182333,22.16,1029.083
1790957428.913922,69.67765438422028,0.8405826478646014,0.8391488091492315,0.8425473613364854,22.17,1029.086
1790957460.2584405,69.68001499909712,0.8399116904671131,0.8387313830286868,0.8417841656749258,22.14,1029.084
1790957491.5939546,69.6832123213128,0.840003375797953,0.8384047146901209,0.8419460406481308,22.13,1029.081
1790957522.9503531,69.68473934184158,0.8400951367174431,0.839331626453049,0.8418766606676956,22.1,1029.069
1790957554.2819183,69.68390500135904,0.840186973319099,0.8406041435603724,0.8424784486992136,22.12,1029.061
1790957585.6084712,69.68034048410108,0.8386593230656891,0.8404415816946673,0.8418766606676956,22.13,1029.068
1790957616.9508543,69.67968996837351,0.8402788856965901,0.8406041435603724,0.8421311640891602,22.17,1029.071
1790957648.302458,69.67626632940957,0.8398406332959785,0.8415524527779464,0.8424784486992136,22.16,1029.065
1790957679.6449456,69.67626632940957,0.8396777565679623,0.8396777565679623,0.8423165930267602,22.17,1029.063
1790957710.9893575,69.67575732256664,0.8398406332959785,0.8400951367174431,0.8426401709320895,22.16,1029.053
1790957742.337966,69.67848503967937,0.8403496401389077,0.83898578158254,0.8428946743535543,22.19,1029.092
1790957773.6753826,69.67561431072555,0.8383136127671905,0.8397489772440998,0.8424784486992136,22.2,1029.066
1790957805.0199544,69.67459629703968,0.8400951367174431,0.8406041435603724,0.8422238403236453,22.17,1029.067
1790957836.3533363,69.67394601444984,0.8400951367174431,0.8404202780123675,0.8425473613364854,22.14,1029.06
1790957867.6979856,69.67602098387253,0.8406745717849948,0.8396370870736475,0.8426401709320895,22.14,1029.076
1790957899.0294158,69.67856078333449,0.8414149466970144,0.840145046966038,0.8428460847881201,22.1,1029.076
1790957930.3740041,69.67689736772967,0.8400534541842194,0.84088516198663,0.8422458771244292,22.07,1029.077
1790957961.7053964,69.6755594085135,0.8400326899520818,0.8407016695601675,0.8425683170910316,22.09,1029.092
1790957993.0440266,69.67501138021252,0.8395255645242917,0.8397995786747738,0.8419689626597954,22.12,1029.093
1790958024.3835566,69.67566208210005,0.8401659842397404,0.8398406332959785,0.8426401709320895,22.14,1029.089
1790958055.7059498,69.67700537105463,0.8402577743518063,0.8395861298745138,0.8426401709320895,22.14,1029.081
1790958087.055601,69.67631175747297,0.8402788856965901,0.8406256924874221,0.8426642408368678,22.14,1029.09
1790958118.3799732,69.67802401446491,0.8403708739437413,0.8395147454477765,0.8432670994914772,22.13,1029.073
1790958149.7164154,69.67617124048009,0.8396777565679623,0.8406041435603724,0.8422238403236453,22.13,1029.075
1790958181.0591645,69.67788292556989,0.8405335991128614,0.8396777565679623,0.8430807332755739,22.13,1029.07
1790958212.3844907,69.67839193241282,0.8398406332959785,0.8395861298745138,0.8422238403236453,22.13,1029.055
1790958243.7330303,69.67857551263695,0.8402577743518063,0.8401659842397404,0.8428017598903388,22.12,1029.052
1790958275.0604637,69.6802850650593,0.8405121729056595,0.8396573966944859,0.8422929627826322,22.12,1029.046
1790958306.3502066,69.68010154322032,0.840003375797953,0.8400951367174431,0.8430561584441919,22.1,1029.044
1790958337.6855633,69.68126115914457,0.8405121729056595,0.8399323649435306,0.8428946743535543,22.1,1029.044
1790958369.019991,69.68075215230164,0.8398406332959785,0.8400951367174431,0.842733057074782,22.1,1029.048
1790958400.3636487,69.68213694155934,0.840186973319099,0.8394945786902466,0.842733057074782,22.09,1029.047
1790958431.7000713,69.68348044024914,0.840003375797953,0.839331626453049,0.8426401709320895,22.07,1029.037
1790958463.0495088,69.68060923276205,0.8391685398168257,0.8406041435603724,0.842733057074782,22.1,1029.032
1790958494.3990889,69.67755267176679,0.8392600320315052,0.8407883125291327,0.8426642408368678,22.06,1029.039
1790958525.7455049,69.67533134976304,0.8399323649435306,0.8410430259454039,0.842733057074782,22.07,1029.04
1790958557.0901732,69.67209138417562,0.8396777565679623,0.8412977393616752,0.8424784486992136,22.09,1029.032
1790958588.4375567,69.67060798372594,0.8400951367174431,0.8408368369422812,0.8425713064430314,22.07,1029.03
1790958619.7848918,69.66963366041006,0.8397285461980913,0.8402157078560339,0.8428703495637202,22.09,1029.041
1790958651.1434982,69.67111629319268,0.8406530068584286,0.8399116904671131,0.8428460847881201,22.04,1029.034
1790958682.484937,69.66977485524619,0.8398200806315618,0.8404907996048053,0.8426161604860403,22.07,1029.033
1790958713.8335025,69.66741907684187,0.8398910670198427,0.8410689562220015,0.8432175095112671,22.06,1029.033
1790958745.1779914,69.66571045507375,0.8402367151359008,0.8410910260199611,0.8433787277190798,22.06,1029.015
1790958776.502568,69.66792808264988,0.8421077823306806,0.8409989685426148,0.8431245386413999,22.04,1029.022
1790958807.837995,69.66603519426118,0.8402367151359008,0.8411831593302492,0.8433787277190798,22.04,1029.02
1790958839.1635833,69.6657099773776,0.840003375797953,0.8401659842397404,0.8429632157386397,22.04,1029.017
1790958870.4910204,69.66399943500983,0.840003375797953,0.8408586469818371,0.8429632157386397,22.06,1029.014
1790958901.817423,69.6639557069113,0.8408586469818371,0.8408805110311028,0.8432422738259185,22.07,1029.02
1790958933.1639678,69.6643239284968,0.8406256924874221,0.8404415816946673,0.8428260198593026,22.07,1029.01
1790958964.5084999,69.66228622116662,0.8400241722803189,0.8410430259454039,0.843335446691845,22.06,1029.015
1790958995.8499384,69.66228622116662,0.8404415816946673,0.8404415816946673,0.8426642408368678,22.06,1029.009
1790959027.2045083,69.6651994999646,0.8414600151969405,0.840003375797953,0.8428946743535543,22.04,1029.024
1790959058.5279934,69.66418148627874,0.8403496401389077,0.8408586469818371,0.8432422738259185,22.06,1029.021
1790959089.8786118,69.6653832315388,0.8408586469818371,0.8402577743518063,0.8428946743535543,22.07,1029.007
1790959121.2221124,69.66348931850935,0.8399116904671131,0.8408586469818371,0.8429876654503502,22.07,1029.001
1790959152.5636184,69.6619174481057,0.8400241722803189,0.840810107482146,0.8431738779242292,22.07,1029.002
1790959183.9169075,69.66400046478192,0.8411575637381725,0.8401160554000607,0.8429190593805485,22.06,1028.999
1790959215.2626095,69.66502015981354,0.8414826331861487,0.8409727856703404,0.8425023282177649,22.09,1029.003
1790959246.5970984,69.66687547994194,0.8412277094282445,0.840300049364048,0.8433603980726357,22.1,1029.009
1790959277.9575503,69.66938109247322,0.8416449666621449,0.8403921603965031,0.8431986393159575,22.12,1029.011
1790959309.2991383,69.66766527855435,0.8403921603965031,0.8412500673559352,0.8429435048687344,22.14,1029.006
1790959340.6416898,69.66613447187102,0.8398818915020568,0.8406472948437261,0.8431986393159575,22.17,1028.997
1790959371.98505,69.66460366518768,0.84013702594928,0.8409024292909494,0.8427815068911421,22.14,1029.005
1790959403.3385143,69.66548129020302,0.840300049364048,0.83986123685638,0.8428503399545377,22.17,1028.997
1790959434.6661983,69.66552491028213,0.8408586469818371,0.8408368369422812,0.8432670994914772,22.14,1028.98
1790959465.9964986,69.66556755146257,0.8404907996048053,0.8404694790145834,0.8431245386413999,22.16,1028.996
1790959497.3421125,69.6650159419342,0.84088516198663,0.8411609667508191,0.8430071906000774,22.17,1028.99
1790959528.6834867,69.66497295054266,0.8405826478646014,0.8406041435603724,0.8433787277190798,22.14,1028.991
1790959560.0190818,69.66409406243511,0.8406256924874221,0.8410651365411949,0.8428260198593026,22.19,1028.99
1790959591.3705852,69.66441968771196,0.840810107482146,0.8406472948437261,0.8425023282177649,22.19,1028.979
1790959622.7080336,69.66288888102862,0.8406472948437261,0.8414126981853955,0.8433603980726357,22.19,1028.977
1790959654.049624,69.66168505757543,0.8403708739437413,0.8409727856703404,0.8427572519756691,22.19,1028.985
1790959685.3800402,69.66215138112528,0.8411575637381725,0.8409244019632446,0.8434789133132587,22.17,1028.972
1790959716.7185516,69.66284581345276,0.8402291076657973,0.8398818915020568,0.8429680110432559,22.17,1028.962
1790959748.0621269,69.6625200716242,0.8408319565191194,0.8409948274334007,0.8425262669686077,22.19,1028.961
1790959779.4136233,69.66558295069461,0.8409948274334007,0.8394633878981939,0.8432919867362111,22.19,1028.971
1790959810.758309,69.66590863425478,0.8409024292909494,0.8407395875108663,0.8447294459992962,22.13,1028.978
1790959842.1076455,69.66535551091482,0.840300049364048,0.8405766110340281,0.8429435048687344,22.13,1028.956
1790959873.4491541,69.66331359153455,0.8404843475883318,0.8415053072784697,0.8433854113700308,22.12,1028.959
1790959904.7906008,69.6641919646495,0.8409727856703404,0.8405335991128614,0.8431053690135868,22.16,1028.952
1790959936.13905,69.66586091405254,0.8408586469818371,0.8400241722803189,0.8429876654503502,22.14,1028.956
1790959967.4726474,69.66567663351542,0.8404629381545322,0.840555078423097,0.8436154271316847,22.14,1028.964
1790959998.7990835,69.66990099644185,0.8421781015270651,0.840065920063846,0.8429435048687344,22.19,1028.961
1790960030.1435523,69.66990099644185,0.8405766110340281,0.8405766110340281,0.8431300658849396,22.16,1028.968
1790960061.4721897,69.66836828963184,0.8404134996932418,0.841179853098246,0.8431300658849396,22.17,1028.974
1790960092.8066542,69.66887919190185,0.841179853098246,0.8409244019632446,0.8432234621782574,22.17,1028.967
1790960124.0822787,69.67022824109252,0.8413651852362498,0.8406906606409207,0.8436661495121014,22.13,1028.972
1790960155.4365695,69.67041316808576,0.8406906606409207,0.8405981971442993,0.8436661495121014,22.1,1028.97
1790960186.7821527,69.66976106496641,0.8409464292508602,0.841272480810532,0.8434104868147845,22.1,1028.973
1790960218.139808,69.67143720692879,0.8411095225389329,0.8402714515577442,0.8431548241174677,22.09,1028.98
1790960249.4833112,69.67059927130751,0.8404348920309811,0.8408538598416161,0.8427368095204366,22.07,1028.988
1790960280.8247085,69.67041434431427,0.8405981971442993,0.8406906606409207,0.8428301976612516,22.04,1028.987
1790960312.1751835,69.66818305661626,0.8408538598416161,0.8419695036906181,0.8430613789171483,22.06,1028.99
1790960343.517568,69.66836773620469,0.8406689508282432,0.8405766110340281,0.843316935789522,22.07,1028.994
1790960374.8661113,69.66697641942625,0.840321265548937,0.8410169239381582,0.8431300658849396,22.09,1029.006
1790960406.188608,69.66562854509132,0.8407613670657844,0.8414353042332474,0.8437343644482601,22.07,1029.008
1790960437.5370328,69.66595500203616,0.8409464292508602,0.8407832007784456,0.843341946881953,22.04,1029.009
1790960468.879695,69.6692122163442,0.8426676825428204,0.8410390753887964,0.843341946881953,22.03,1029.009
1790960500.229159,69.66804655212432,0.8397597023370428,0.8403425344469824,0.8432483467403157,22.0,1029.011
1790960531.559811,69.66953940331301,0.840250253321037,0.8395038277266921,0.8431548241174677,21.95,1029.009
1790960562.8901927,69.66837458674527,0.8402714515577442,0.8408538598416161,0.84317964394014,21.96,1029.011
1790960594.234675,69.66855936064705,0.8405981971442993,0.8405058101934106,0.8429925781303761,21.99,1029.012
1790960625.559394,69.66716627876342,0.8403425344469824,0.8410390753887964,0.8428058220447745,21.96,1029.006
1790960656.9016078,69.6664698732693,0.8401791234210417,0.840527326168095,0.8427368095204366,21.96,1029.013
1790960688.2491527,69.66665531919344,0.841131798350862,0.8410390753887964,0.8434356246387996,21.93,1029.011
1790960719.5897465,69.66702520903856,0.8406198369535426,0.8404348920309811,0.843341946881953,21.96,1029.013
1790960750.933172,69.66567594802265,0.8404348920309811,0.8411095225389329,0.8431548241174677,21.97,1029.009
1790960782.2727032,69.66446815841489,0.8403425344469824,0.8409464292508602,0.8435724926618958,22.0,1029.015
1790960813.6073434,69.66307465270519,0.8405981971442993,0.8412949499991471,0.8429925781303761,21.96,1029.008
1790960844.9446757,69.66209482168911,0.8402714515577442,0.8407613670657844,0.8428301976612516,21.97,1029.022
1790960876.294275,69.66209482168911,0.840321265548937,0.840321265548937,0.8429680110432559,21.96,1029.022
1790960907.6368246,69.66158370794436,0.840250253321037,0.8405058101934106,0.8428991614201509,21.96,1029.024
1790960938.987186,69.66191010634574,0.8408538598416161,0.8406906606409207,0.8428991614201509,21.97,1029.025
1790960970.331614,69.66209482151375,0.8404348920309811,0.8403425344469824,0.8429925781303761,21.97,1029.029
1790961001.661119,69.66125730954298,0.8409464292508602,0.8413651852362498,0.8430860722716021,21.95,1029.028
1790961032.9866548,69.66088772610075,0.8403425344469824,0.840527326168095,0.8428991614201509,21.95,1029.024
1790961064.3321414,69.65883903110094,0.8409685113576773,0.8419928588575809,0.8431108271057859,21.93,1029.026
1790961095.6836398,69.6607017016319,0.8416437597481815,0.8407124244827013,0.8431108271057859,21.96,1029.037
1790961127.022212,69.66032938235642,0.8418066992198486,0.8419928588575809,0.8434356246387996,21.93,1029.038
1790961158.364803,69.66084113157713,0.8415508246094978,0.8412949499991471,0.8430172063574843,21.92,1029.038
1790961189.704188,69.66219205306341,0.841131798350862,0.8404563376077255,0.84317964394014,21.96,1029.047
1790961221.0427117,69.66563359407533,0.8412245982326532,0.8395038277266921,0.8430172063574843,21.93,1029.056
1790961252.390181,69.66735155630991,0.841272480810532,0.8404134996932418,0.8428991614201509,21.95,1029.06
1790961283.7396717,69.66804744395644,0.8405981971442993,0.840250253321037,0.8432483467403157,21.92,1029.056
1790961315.0843005,69.66958205561608,0.8409464292508602,0.8401791234210417,0.8432483467403157,21.92,1029.066
1790961346.4137845,69.66906988186612,0.8407124244827013,0.8409685113576773,0.8429236632414802,21.92,1029.063
1790961377.7623637,69.66735155508022,0.8399946964486632,0.8408538598416161,0.8427368095204366,21.93,1029.059
1790961409.0827823,69.66581757889631,0.8405981971442993,0.8413651852362498,0.8428991614201509,21.92,1029.058
1790961440.4333193,69.66637098395154,0.8405058101934106,0.8402291076657973,0.8429680110432559,21.95,1029.056
1790961471.7846882,69.66363342445946,0.8399738677432629,0.8413426474893015,0.8432919867362111,21.96,1029.062
1790961503.138288,69.6618684485328,0.8405981971442993,0.8414806851076291,0.84317964394014,21.99,1029.06
1790961534.470838,69.65949520670598,0.8400155769473935,0.8412021978607996,0.843341946881953,22.02,1029.057
1790961565.8161833,69.65800464962157,0.8401791234210417,0.8409244019632446,0.8428058220447745,22.04,1029.049
1790961597.1587198,69.6578642635544,0.8410651365411949,0.8411353295747835,0.8436835150115906,22.06,1029.039
1790961628.5042138,69.66161104302911,0.8421311640891602,0.8402577743518063,0.8428260198593026,22.03,1029.038
1790961659.8327503,69.66364539321013,0.8414374531028764,0.8404202780123675,0.8435649555518985,22.02,1029.028
1790961691.2172694,69.6641095225988,0.8413452150976409,0.8411131504033016,0.8433105569980452,22.02,1029.026
1790961722.5718794,69.66508426439981,0.841020970013366,0.8405335991128614,0.8428946743535543,22.03,1029.026
1790961753.9162269,69.66573536246047,0.8410651365411949,0.8407395875108663,0.8431986393159575,22.06,1029.016
1790961785.2657511,69.66708344827013,0.841179853098246,0.8405058101934106,0.8428747203998486,22.06,1029.018
1790961816.5892994,69.66777927700753,0.8401791234210417,0.8398312090523488,0.8431548241174677,22.07,1029.019
1790961847.9267712,69.66931388866716,0.8412021978607996,0.8404348920309811,0.8437598839601946,22.04,1029.019
1790961879.2683046,69.66847718631523,0.8406689508282432,0.8410873020042106,0.8432483467403157,22.03,1029.016
1790961910.555918,69.66662069607172,0.8407395875108663,0.8416678326326187,0.8428747203998486,22.03,1029.028
1790961941.9093697,69.66629524573348,0.8403708739437413,0.8405335991128614,0.8436835150115906,22.03,1029.01
1790961973.2367914,69.66578560864612,0.8408805110311028,0.8411353295747835,0.8439383335552713,22.04,1029.006
1790962004.5914295,69.66643586325283,0.841575194659293,0.8412500673559352,0.8435472266587455,22.03,1029.011
1790962035.9358358,69.6688459573547,0.8412500673559352,0.8400450203049991,0.8437089082104038,22.0,1029.008
1790962067.2813103,69.66990966349692,0.8413201656002439,0.8407883125291327,0.8431738779242292,21.99,1029.0
1790962098.6119378,69.67041888024806,0.8406961900702355,0.8404415816946673,0.8428946743535543,22.0,1028.99
1790962129.9463236,69.67046299211214,0.8410430259454039,0.841020970013366,0.8430561584441919,22.02,1028.991
1790962161.29383,69.67166437611414,0.841020970013366,0.8404202780123675,0.8434036811964835,21.99,1028.988
1790962192.640509,69.66944534053275,0.8415994041753208,0.8427089219660125,0.8440479821694707,21.99,1028.995
1790962223.9728987,69.66944534053275,0.8406530068584286,0.8406530068584286,0.8430999602975656,22.0,1029.0
1790962255.3034089,69.6686138595526,0.8411609667508191,0.8415767072408925,0.8436077113164567,22.0,1028.999
1790962286.6339712,69.66926147092381,0.8412307924902316,0.8409069868046237,0.8434467862665765,21.99,1029.0
1790962317.9683285,69.67046042533865,0.8410689562220015,0.8404694790145834,0.8436077113164567,22.0,1029.002
1790962349.3268185,69.66976892006112,0.840145046966038,0.8404907996048053,0.8437007662127718,22.0,1029.0
1790962380.66338,69.66824441324769,0.8404907996048053,0.8412530530115193,0.8435398132316613,21.97,1029.0
1790962411.9988267,69.66773624430988,0.8407448840737101,0.8409989685426148,0.8436329167967598,21.97,1028.993
1790962443.3394084,69.66741209660162,0.8406530068584286,0.840815080712556,0.8433538358070112,21.95,1028.988
1790962474.6729128,69.66658114771812,0.8409770213316822,0.8413924957734322,0.8434218309206412,21.95,1028.988
1790962505.999313,69.66727204929064,0.8411388288800311,0.8407933780937668,0.8434218309206412,21.95,1028.984
1790962537.3458505,69.66593465751103,0.8413924957734322,0.8420611916632417,0.8437685040757257,21.93,1028.983
1790962568.6922724,69.66713211724587,0.8410469408076617,0.840448210940242,0.8434218309206412,21.92,1028.969
1790962600.0367284,69.6678230188184,0.8411388288800311,0.8407933780937668,0.8439291647074433,21.95,1028.977
1790962631.3777928,69.66749966953535,0.8411388288800311,0.8413005035215567,0.8434897143793487,21.95,1028.978
1790962662.7330813,69.66800658677519,0.8412085868000186,0.8409551281800931,0.8439966316191998,21.92,1028.978
1790962694.0934427,69.66666877827755,0.84088516198663,0.8415540662354517,0.8438361306605066,21.92,1028.98
1790962725.4367537,69.66482384435211,0.84088516198663,0.8418076289493467,0.8435825679466116,21.92,1028.975
1790962756.7650015,69.66533117813891,0.8413924957734322,0.8411388288800311,0.8434218309206412,21.89,1028.979
1790962788.1051273,69.66551453756563,0.8406314950932289,0.8405398153798718,0.84316816402724,21.89,1028.984
1790962819.435735,69.66602166299342,0.8410469408076617,0.8407933780937668,0.8435825679466116,21.88,1028.986
1790962850.7809894,69.66823274902002,0.8407933780937668,0.8396878350804653,0.8436754978140423,21.86,1028.988
1790962882.1323266,69.66685181456303,0.8406100362930596,0.8413005035215567,0.8434897143793487,21.88,1028.98
1790962913.4788456,69.66551379770638,0.8406314950932289,0.8413005035215567,0.8433290052327167,21.86,1028.981
1790962944.8041039,69.66399304598683,0.8401947523203164,0.8409551281800931,0.8436754978140423,21.83,1028.991
1790962976.1345046,69.6627948106275,0.8407933780937668,0.8413924957734322,0.8439291647074433,21.86,1028.993
1790963007.4747813,69.6615960073032,0.84088516198663,0.841484563648781,0.8434218309206412,21.86,1028.992
1790963038.8071396,69.66279424266253,0.8413924957734322,0.8407933780937668,0.8432609617586269,21.83,1028.993
1790963070.1406267,69.6638084935181,0.8410469408076617,0.8405398153798718,0.8435825679466116,21.83,1028.991
1790963101.4800892,69.66500616144089,0.8413005035215567,0.8407016695601675,0.8438361306605066,21.81,1029.001
1790963132.828326,69.66366882678854,0.8407933780937668,0.8414620454199442,0.8435825679466116,21.83,1029.0
1790963164.1547613,69.66265415921494,0.8411388288800311,0.8416461626668333,0.8437431729992743,21.81,1029.008
1790963195.506135,69.66062482406772,0.84088516198663,0.8418998295602345,0.8436754978140423,21.83,1029.005
1790963226.846693,69.66265415921494,0.8418998295602345,0.84088516198663,0.8438361306605066,21.83,1029.012
1790963258.1941125,69.66094817335077,0.8413005035215567,0.8421534964536356,0.8434218309206412,21.78,1029.016
1790963289.532376,69.66113179860591,0.8410469408076617,0.8409551281800931,0.8433290052327167,21.76,1029.024
1790963320.8848147,69.66352698391849,0.8418076289493467,0.8406100362930596,0.8435825679466116,21.79,1029.024
1790963352.2262206,69.66454123477406,0.8413005035215567,0.8407933780937668,0.84316816402724,21.78,1029.029
1790963383.5717745,69.6638502759032,0.8412085868000186,0.8415540662354517,0.8433290052327167,21.76,1029.034
1790963414.9221568,69.66366638531775,0.8413701001272221,0.8414620454199442,0.8437431729992743,21.76,1029.039
1790963446.2636678,69.66398961998924,0.8411167455158346,0.8409551281800931,0.8437431729992743,21.76,1029.044
1790963477.607048,69.66500303843479,0.8411167455158346,0.8406100362930596,0.8433969370183224,21.76,1029.045
1790963508.954471,69.66550995567464,0.8417155040398697,0.8414620454199442,0.8437431729992743,21.76,1029.045
1790963540.300893,69.66500303843479,0.8414620454199442,0.8417155040398697,0.8434897143793487,21.73,1029.039
1790963571.6474402,69.66703154014596,0.8410469408076617,0.8400326899520818,0.8433290052327167,21.73,1029.048
1790963602.994787,69.66836976536162,0.8410469408076617,0.8403778281998279,0.8436754978140423,21.73,1029.043
1790963634.3201303,69.66836976536162,0.8413005035215567,0.8413005035215567,0.8434218309206412,21.71,1029.047
1790963665.6685798,69.6667097267134,0.840448210940242,0.8412782302643497,0.8433969370183224,21.71,1029.044
1790963697.0101964,69.66638628402485,0.8407016695601675,0.8408633909044472,0.8430754425188216,21.69,1029.05
1790963728.3035555,69.66518918301094,0.8406100362930596,0.8412085868000186,0.8431435824069349,21.71,1029.045
1790963759.656926,69.66380854994705,0.8407717288879981,0.8414620454199442,0.8434897143793487,21.69,1029.052
1790963791.0065532,69.66344061773059,0.8413701001272221,0.8415540662354517,0.8439966316191998,21.71,1029.058
1790963822.3447719,69.6626100497851,0.8401947523203164,0.8406100362930596,0.8439036462410974,21.69,1029.053
1790963853.6934001,69.6615970470324,0.8407717288879981,0.8412782302643497,0.8437179042403966,21.68,1029.057
1790963885.035793,69.66026181199977,0.8406801420381731,0.841347759554484,0.8436251474302863,21.69,1029.057
1790963916.380201,69.66007801527218,0.841439582588729,0.8415314809525255,0.8434647573902113,21.68,1029.064
1790963947.7056556,69.65938905549017,0.8404971934688586,0.8408416733598614,0.8439710510905819,21.68,1029.067
1790963979.0393279,69.65717966860913,0.8409332888883584,0.8420379823288769,0.8440639878342829,21.68,1029.081
1790964010.3615978,69.65920650550024,0.8411167455158346,0.8401033270702846,0.8436502916297098,21.68,1029.076
1790964041.710015,69.66072600962929,0.8417847316407012,0.841024979576174,0.8436502916297098,21.66,1029.074
1790964073.0485187,69.6600357685272,0.841024979576174,0.8413701001272221,0.8433969370183224,21.68,1029.075
1790964104.3820078,69.6614161002277,0.8416234547386098,0.8409332888883584,0.8434647573902113,21.71,1029.083
1790964135.716415,69.6604043425099,0.8407501328983078,0.8412560117572065,0.8433721043329748,21.68,1029.083
1790964167.061916,69.65888732743093,0.8409115032579695,0.8416700107974538,0.8435324666222505,21.71,1029.086
1790964198.4153636,69.66058655997482,0.8415782062006627,0.8407285899287203,0.8435324666222505,21.71,1029.086
1790964229.7407649,69.66228677025477,0.8419228466439485,0.8410727415039759,0.8435324666222505,21.68,1029.089
1790964261.0872922,69.66311471144347,0.8413254738523194,0.8409115032579695,0.8438527973357534,21.66,1029.081
1790964292.426838,69.66412564083684,0.8410727415039759,0.8405672768072892,0.8436926975694119,21.65,1029.088
1790964323.7711682,69.66550239705812,0.8411643391044642,0.8404759609938292,0.8436926975694119,21.66,1029.085
1790964355.106133,69.6665133264515,0.8408200091556325,0.8403145444589457,0.84360006498741,21.66,1029.081
1790964386.4463015,69.66564182810001,0.8407285899287203,0.8411643391044642,0.843507508212523,21.66,1029.086
1790964417.7965872,69.66531905245924,0.8402233320589381,0.8403847198793238,0.8434150271517326,21.65,1029.084
1790964449.1350625,69.66444847390662,0.8403847198793238,0.8408200091556325,0.8440127660823054,21.68,1029.091
1790964480.4715111,69.662105906733,0.8407285899287203,0.8418998735155282,0.8430022503427407,21.65,1029.093
1790964511.7981155,69.66008487525387,0.8404759609938292,0.8414864767333938,0.8431625015456984,21.68,1029.096
1790964543.1184814,69.65719294436872,0.8407983980954882,0.8422443635380672,0.843507508212523,21.65,1029.091
1790964574.474943,69.65618242862915,0.8414864767333938,0.8419917346031761,0.8441726039698346,21.64,1029.103
1790964605.8184927,69.65549427521493,0.840889771091392,0.8412338477985026,0.8438274664355088,21.65,1029.1
1790964637.1610196,69.65820263347743,0.8412338477985026,0.8398796686672557,0.8440798887971771,21.65,1029.099
1790964668.5137362,69.65632163147828,0.8405459757338198,0.8414864767333938,0.8436675527577666,21.66,1029.101
1790964699.8752904,69.65563347806406,0.840889771091392,0.8412338477985026,0.8441726039698346,21.65,1029.095
1790964731.2189348,69.65682611999128,0.841142296697426,0.8405459757338198,0.8434150271517326,21.64,1029.094
1790964762.5625908,69.65733137786106,0.8409812188636115,0.8407285899287203,0.8437601371474142,21.66,1029.091
1790964793.8979173,69.65852437582963,0.8409812188636115,0.8403847198793238,0.843322621712172,21.66,1029.096
1790964825.2486122,69.65769696229222,0.8407285899287203,0.841142296697426,0.843322621712172,21.65,1029.091
1790964856.5983942,69.66090960257897,0.8418998735155282,0.8402935533721515,0.8438274664355088,21.64,1029.098
1790964887.9436386,69.66123143803986,0.8412117381876024,0.8410508204571566,0.8439872494061981,21.62,1029.101
1790964919.295392,69.66022174859319,0.8405459757338198,0.8410508204571566,0.8434150271517326,21.62,1029.096
1790964950.6370423,69.65953323861577,0.8409812188636115,0.8413254738523194,0.8432548792776319,21.62,1029.097
1790964981.9804695,69.6640805594438,0.8427496214078495,0.8404759609938292,0.8434150271517326,21.61,1029.098
1790965013.3259432,69.66577937833388,0.8410727415039759,0.8402233320589381,0.843507508212523,21.64,1029.104
1790965044.6684756,69.66628484303057,0.8403145444589457,0.8400618121106023,0.84360006498741,21.62,1029.1
1790965076.0163696,69.66559624036391,0.8404058315649799,0.8407501328983078,0.8436251474302863,21.59,1029.107
1790965107.3656297,69.66306788189897,0.8401529957184852,0.841417174950959,0.8431870258764224,21.59,1029.114
1790965138.7092052,69.66086045619737,0.8407501328983078,0.8418538457491067,0.8438781905275976,21.64,1029.111
1790965170.0367312,69.65883528139588,0.8409332888883584,0.8419458762890996,0.8431435824069349,21.61,1029.113
1790965201.3833141,69.65832898769551,0.8404269951879878,0.8406801420381731,0.8428902277955473,21.61,1029.121
1790965232.7127023,69.65887653780479,0.8403355871652387,0.8400618121106023,0.8436926975694119,21.56,1029.124
1790965264.0395803,69.65786560841141,0.8408200091556325,0.8413254738523194,0.8438527973357534,21.58,1029.124
1790965295.3907743,69.65887612415098,0.8404759609938292,0.839970703124047,0.8431625015456984,21.61,1029.124
1790965326.7264252,69.65837024529208,0.8402442540394093,0.8404971934688586,0.8437179042403966,21.59,1029.116
1790965358.0589182,69.6610418107541,0.841347759554484,0.840011976823471,0.8434647573902113,21.58,1029.128
1790965389.4093122,69.66154851997688,0.8408633909044472,0.8406100362930596,0.8434647573902113,21.56,1029.12
1790965420.7479937,69.66136516055016,0.8405398153798718,0.8406314950932289,0.8429144971338389,21.56,1029.109
1790965452.0955954,69.66049158242515,0.8400326899520818,0.8404694790145834,0.8428218798049266,21.61,1029.114
1790965483.440929,69.65980094700883,0.8401241613064266,0.8404694790145834,0.8430071906000774,21.61,1029.113
1790965514.7384787,69.65896978959503,0.8407232501731329,0.8411388288800311,0.8433538358070112,21.59,1029.108
1790965546.0721095,69.65693962032664,0.8394543943803857,0.8404694790145834,0.842753419441528,21.61,1029.108
1790965577.3995807,69.65523255508583,0.8400534541842194,0.8409069868046237,0.8430999602975656,21.62,1029.101
1790965608.7419498,69.65458593505382,0.8407016695601675,0.841024979576174,0.8435825679466116,21.61,1029.095
1790965640.084605,69.65592205780725,0.8409332888883584,0.8402652275116467,0.8437179042403966,21.64,1029.092
1790965671.4270263,69.65758186606176,0.84058863026255,0.8397587261352952,0.8429584636898407,21.62,1029.093
1790965702.758517,69.6579471172271,0.8401033270702846,0.8399207014876172,0.8435574864579315,21.64,1029.103
1790965734.108052,69.65707321513432,0.840448210940242,0.84088516198663,0.84305098508158,21.65,1029.1
1790965765.4566476,69.6580887171721,0.840815080712556,0.840307329693665,0.8432609617586269,21.65,1029.109
1790965796.8040078,69.65892177696324,0.8404907996048053,0.8400742697092416,0.8433538358070112,21.62,1029.111
1790965828.1294906,69.66026232030069,0.8409069868046237,0.8402367151359008,0.8432857287627568,21.62,1029.12
1790965859.4702091,69.65855432618523,0.8394744617291868,0.8403284587869215,0.8431245386413999,21.64,1029.119
1790965890.8136601,69.65786210018908,0.8403284587869215,0.8406745717849948,0.8432175095112671,21.61,1029.116
1790965922.1450803,69.65735330308136,0.8402577743518063,0.8405121729056595,0.8434036811964835,21.61,1029.122
1790965953.4946666,69.65698545589154,0.8405826478646014,0.8407665714595127,0.8427089219660125,21.61,1029.124
1790965984.8450606,69.65767762366093,0.8402577743518063,0.8399116904671131,0.8429632157386397,21.61,1029.116
1790966016.1876214,69.65818642076864,0.8405121729056595,0.8402577743518063,0.8433105569980452,21.61,1029.114
1790966047.5160267,69.65716882655323,0.8407665714595127,0.8412753685672193,0.8429632157386397,21.59,1029.107
1790966078.8575451,69.65804472589681,0.8403496401389077,0.8399116904671131,0.8428017598903388,21.56,1029.115
1790966110.205115,69.66040229250137,0.8412530530115193,0.8400742697092416,0.8427775598249473,21.56,1029.117
1790966141.5477533,69.66141821228615,0.840145046966038,0.8396370870736475,0.8423383337692291,21.59,1029.117
1790966172.8930414,69.65920318715295,0.8400534541842194,0.8411609667508191,0.8430999602975656,21.59,1029.122
1790966204.2385843,69.65629177337695,0.8403284587869215,0.8417841656749258,0.843031644293852,21.59,1029.114
1790966235.5813076,69.65698436027124,0.8407665714595127,0.8404202780123675,0.8429632157386397,21.59,1029.124
1790966266.9156485,69.65785923635454,0.8401659842397404,0.8397285461980913,0.8421077823306806,21.56,1029.122
1790966298.2651863,69.65920115114952,0.8405826478646014,0.8399116904671131,0.8427089219660125,21.56,1029.126
1790966329.6047263,69.66086723553347,0.8413452150976409,0.8405121729056595,0.8430561584441919,21.58,1029.12
1790966360.950139,69.65730712271669,0.8401659842397404,0.8419460406481308,0.8426161604860403,21.59,1029.117
1790966392.2975895,69.65679895377887,0.8402367151359008,0.8404907996048053,0.8427775598249473,21.56,1029.133
1790966423.6411755,69.6576315951349,0.8409989685426148,0.8405826478646014,0.8428703495637202,21.58,1029.132
1790966454.9767337,69.65948125991555,0.8415994041753208,0.8406745717849948,0.8429632157386397,21.56,1029.13
1790966486.3181903,69.66068207345695,0.840928865557622,0.8403284587869215,0.8430561584441919,21.56,1029.132
1790966517.6607206,69.65966531714623,0.8398200806315618,0.8403284587869215,0.843031644293852,21.58,1029.13
1790966549.0041943,69.6611891968234,0.8406530068584286,0.8398910670198427,0.8429632157386397,21.59,1029.141
1790966580.3485916,69.66169736576121,0.8407448840737101,0.8404907996048053,0.8425234753560428,21.59,1029.136
1790966611.6930478,69.6606810278856,0.8399826306669961,0.8404907996048053,0.8431928063203812,21.58,1029.136
1790966643.0356538,69.66187971548702,0.840145046966038,0.8395457031653284,0.8427775598249473,21.59,1029.137
1790966674.37608,69.66104760788637,0.8403990269122332,0.840815080712556,0.842938826374186,21.59,1029.138
1790966705.7166898,69.66068085387981,0.8403778281998279,0.8405612052031104,0.8430999602975656,21.59,1029.145
1790966737.0593593,69.66086373844873,0.8399619366974846,0.8398704944130255,0.8425922092786746,21.59,1029.146
1790966768.40786,69.66104673914005,0.8402862526659768,0.8401947523203164,0.8430754425188216,21.55,1029.137
1790966799.7513509,69.66256874050046,0.8411388288800311,0.8403778281998279,0.8430999602975656,21.58,1029.152
1790966831.099857,69.66358382513467,0.8404694790145834,0.8399619366974846,0.842753419441528,21.56,1029.16
1790966862.4273877,69.66427425202068,0.8402157078560339,0.8398704944130255,0.8434218309206412,21.56,1029.155
1790966893.7778127,69.66173549692623,0.8392918276558828,0.8405612052031104,0.8426848464279907,21.55,1029.159
1790966925.1094143,69.6632587499829,0.840307329693665,0.8395457031653284,0.8426848464279907,21.56,1029.15
1790966956.4640121,69.66409106645705,0.8405612052031104,0.840145046966038,0.8426848464279907,21.58,1029.155
1790966987.8155134,69.66206089718865,0.8402157078560339,0.8412307924902316,0.8430071906000774,21.56,1029.146
1790967019.1381805,69.66187753776194,0.8405398153798718,0.8406314950932289,0.8429144971338389,21.55,1029.15
1790967050.4894834,69.66289178861751,0.8410469408076617,0.8405398153798718,0.8428218798049266,21.56,1029.161
1790967081.8370416,69.6625679298948,0.8401947523203164,0.8403566816816721,0.8431435824069349,21.58,1029.154
1790967113.1607056,69.66358134834036,0.8408633909044472,0.8403566816816721,0.8428902277955473,21.58,1029.155
1790967144.4930594,69.66496114967725,0.8409551281800931,0.8402652275116467,0.8429827971394976,21.55,1029.151
1790967175.8417008,69.66781813847969,0.8421301639613847,0.8407016695601675,0.8430754425188216,21.54,1029.156
1790967207.19223,69.66629801081136,0.8403566816816721,0.8411167455158346,0.8428902277955473,21.51,1029.157
1790967238.5457733,69.66445444045448,0.8407016695601675,0.8416234547386098,0.84305098508158,21.55,1029.159
1790967269.884156,69.66445444045448,0.8404269951879878,0.8404269951879878,0.8435324666222505,21.54,1029.146
1790967301.2248957,69.66275232829638,0.8408416733598614,0.8416927294389143,0.843211610540026,21.56,1029.151
1790967332.5314312,69.66118976861179,0.8401738483378025,0.8409551281800931,0.8431435824069349,21.54,1029.155
1790967363.8786829,69.66183703478552,0.8409551281800931,0.8406314950932289,0.8437431729992743,21.56,1029.143
1790967395.2203786,69.66303479545834,0.8402157078560339,0.8396168275196245,0.8429144971338389,21.54,1029.149
1790967426.5688264,69.66201887567357,0.8414149466970144,0.8419229065894049,0.8435147329171763,21.54,1029.152
1790967457.9433095,69.6614145042709,0.8405612052031104,0.8408633909044472,0.8433969370183224,21.52,1029.15
1790967489.290937,69.65773076641962,0.840011976823471,0.8418538457491067,0.8431190612356636,21.52,1029.157
1790967520.620483,69.65773076641962,0.8404058315649799,0.8404058315649799,0.843211610540026,21.55,1029.16
1790967551.9588768,69.65754789283224,0.8404971934688586,0.84058863026255,0.8433721043329748,21.52,1029.155
1790967583.2944272,69.65501849853774,0.8407501328983078,0.8420148300455546,0.8432795271928011,21.52,1029.159
1790967614.6378703,69.65350148345877,0.8406586674114747,0.841417174950959,0.8430265877633517,21.52,1029.163
1790967645.9834213,69.6543730744997,0.8410030723277572,0.8405672768072892,0.8429341900299275,21.52,1029.174
1790967677.3338099,69.65506137765021,0.8410727415039759,0.8407285899287203,0.8428418679423798,21.54,1029.162
1790967708.6725419,69.6569010762175,0.8408200091556325,0.8399001598719904,0.8428418679423798,21.55,1029.162
1790967740.0079122,69.6590200393083,0.8414864767333938,0.8404269951879878,0.8434398617229171,21.51,1029.154
1790967771.3354843,69.66220115267635,0.8418768093499973,0.8402862526659768,0.8433969370183224,21.49,1029.162
1790967802.6678867,69.66289133645041,0.8409551281800931,0.8406100362930596,0.8434897143793487,21.49,1029.156
1790967833.9944782,69.66224400021501,0.8401033270702846,0.8404269951879878,0.8434647573902113,21.49,1029.156
1790967865.3408625,69.66242672402277,0.8404971934688586,0.8404058315649799,0.843211610540026,21.51,1029.16
1790967896.683409,69.66210362654185,0.8401529957184852,0.8403145444589457,0.8430946002907231,21.52,1029.159
1790967928.033056,69.66311455593522,0.8418309385490061,0.8413254738523194,0.8433473326390666,21.51,1029.151
1790967959.3545132,69.66513641472197,0.8420836708973496,0.8410727415039759,0.8432548792776319,21.49,1029.166
1790967990.69305,69.66325449329136,0.8406372454853579,0.8415782062006627,0.8430022503427407,21.51,1029.156
1790968022.017438,69.66159951649493,0.8402233320589381,0.8410508204571566,0.8436675527577666,21.51,1029.159
1790968053.3599432,69.65990146731428,0.8401321942732898,0.8409812188636115,0.843507508212523,21.49,1029.17
1790968084.7074375,69.65925617996452,0.8402233320589381,0.8405459757338198,0.8432548792776319,21.49,1029.17
1790968116.0541432,69.66242872065929,0.8423364032456929,0.8407501328983078,0.8428418679423798,21.48,1029.173
1790968147.405559,69.66261215922204,0.8411864357385438,0.8410947164571727,0.8426129750410408,21.49,1029.174
1790968178.74503,69.66311824541665,0.84058863026255,0.8403355871652387,0.8436502916297098,21.46,1029.177
1790968210.0925639,69.66044992693193,0.8399913146099599,0.8413254738523194,0.8437854060516997,21.49,1029.176
1790968241.4400885,69.65943941119237,0.839970703124047,0.8404759609938292,0.843507508212523,21.49,1029.184
1790968272.7774346,69.65824661988151,0.8401321942732898,0.8407285899287203,0.8429099759396644,21.49,1029.174
1790968304.1289353,69.6580641376525,0.8403847198793238,0.8404759609938292,0.8426813541834328,21.52,1029.179
1790968335.4716122,69.65755908644043,0.8403847198793238,0.8406372454853579,0.8434150271517326,21.52,1029.183
1790968366.8220077,69.66040602825484,0.8415556651804933,0.8401321942732898,0.8434150271517326,21.52,1029.185
1790968398.1544745,69.66022369524049,0.8402935533721515,0.8403847198793238,0.8434150271517326,21.52,1029.18
1790968429.4950202,69.66123379766462,0.8406372454853579,0.8401321942732898,0.843507508212523,21.54,1029.191
1790968460.8285432,69.66141607323591,0.8402233320589381,0.8401321942732898,0.8441726039698346,21.54,1029.192
1790968492.1679828,69.66242617566004,0.840889771091392,0.8403847198793238,0.8431625015456984,21.51,1029.192
1790968523.5124602,69.66412345582187,0.840889771091392,0.840041131010483,0.8434150271517326,21.51,1029.192
1790968554.8519595,69.66343500292051,0.8405672768072892,0.8409115032579695,0.8431870258764224,21.54,1029.19
1790968586.2035482,69.66343500292051,0.8404971934688586,0.8404971934688586,0.8430265877633517,21.54,1029.207
1790968617.5512307,69.66210003259548,0.8403355871652387,0.8410030723277572,0.8433721043329748,21.54,1029.197
1790968648.9005635,69.661454515868,0.8404058315649799,0.8407285899287203,0.8433473326390666,21.52,1029.202
1790968680.2260804,69.66044400012844,0.8409812188636115,0.8414864767333938,0.8432548792776319,21.51,1029.204
1790968711.5667403,69.66044400012844,0.8410508204571566,0.8410508204571566,0.8430022503427407,21.52,1029.218
1790968742.917073,69.66195853429845,0.8407983980954882,0.840041131010483,0.8434150271517326,21.51,1029.213
1790968774.242619,69.66044400012844,0.8397887086488146,0.8405459757338198,0.8435750440738403,21.48,1029.211
1790968805.5972915,69.65860695424944,0.8403847198793238,0.841303242818825,0.8430701993505036,21.49,1029.217
1790968836.9486897,69.6557598059463,0.8398796686672557,0.841303242818825,0.8429779725994361,21.51,1029.218
1790968868.3023608,69.65713359975003,0.8403847198793238,0.8396978229774593,0.8432302918011265,21.49,1029.218
1790968899.6418207,69.65695126673567,0.8402935533721515,0.8403847198793238,0.8436675527577666,21.49,1029.223
1790968930.9854147,69.66011766091212,0.8421291728220451,0.8405459757338198,0.8429779725994361,21.48,1029.22
1790968962.3290331,69.65910797146545,0.841303242818825,0.8418080875421617,0.8431625015456984,21.51,1029.215
1790968993.6766164,69.65910797146545,0.840889771091392,0.840889771091392,0.8437601371474142,21.52,1029.218
1790969025.0281308,69.66383756786479,0.8424969924729584,0.8401321942732898,0.843507508212523,21.51,1029.228
1790969056.3527472,69.66250442588236,0.8405672768072892,0.8412338477985026,0.8430946002907231,21.52,1029.228
1790969087.6970625,69.65998020226567,0.840041131010483,0.841303242818825,0.8432548792776319,21.51,1029.22
1790969118.9746807,69.65796082337232,0.8402935533721515,0.841303242818825,0.8431625015456984,21.51,1029.228
1790969150.3250694,69.65947535754233,0.8418080875421617,0.8410508204571566,0.8432302918011265,21.51,1029.23
1790969181.6676695,69.66213720569021,0.8412810662530872,0.8399501421791499,0.8432548792776319,21.49,1029.236
1790969213.009141,69.65943177238837,0.8403636599400658,0.8417163765909834,0.8434150271517326,21.49,1029.236
1790969244.3647192,69.65823989895908,0.8402024613808403,0.8407983980954882,0.8429779725994361,21.49,1029.239
1790969275.6952422,69.65823989895908,0.841303242818825,0.841303242818825,0.8430701993505036,21.49,1029.248
1790969307.0229409,69.66094491995814,0.8412117381876024,0.8398592276880715,0.8437601371474142,21.52,1029.252
1790969338.37134,69.66466178550203,0.841142296697426,0.8392838639254779,0.8428177769888352,21.54,1029.25
1790969369.713016,69.66649883138103,0.841303242818825,0.8403847198793238,0.8432302918011265,21.55,1029.258
1790969401.0485,69.66567162450134,0.8409812188636115,0.8413948223034601,0.8436675527577666,21.58,1029.267
1790969432.3949194,69.66631661306955,0.840889771091392,0.8405672768072892,0.8437601371474142,21.55,1029.259
1790969463.7543738,69.66397274852066,0.8403145444589457,0.8414864767333938,0.8434150271517326,21.55,1029.254
1790969495.0991864,69.66282146828654,0.8398090797622589,0.8403847198793238,0.8437601371474142,21.54,1029.266
1790969526.4395137,69.65979239994651,0.8395362862871464,0.8410508204571566,0.8429779725994361,21.55,1029.261
1790969557.774929,69.65676333160648,0.840041131010483,0.8415556651804933,0.8428177769888352,21.54,1029.259
1790969589.1295345,69.65510888218124,0.8401321942732898,0.8409594189859119,0.843507508212523,21.52,1029.247
1790969620.4769266,69.65643973150091,0.841372524444054,0.8407070997842214,0.8437349302045076,21.52,1029.25
1790969651.813564,69.65712640503783,0.8404547805825309,0.8401114438140687,0.843322621712172,21.51,1029.26
1790969683.1560829,69.65629884211677,0.8401321942732898,0.8405459757338198,0.8428177769888352,21.52,1029.268
1790969714.4975548,69.65781337628678,0.8405459757338198,0.8397887086488146,0.843322621712172,21.52,1029.276
1790969745.8450558,69.65648123241935,0.8397887086488146,0.8404547805825309,0.8430701993505036,21.54,1029.275
1790969777.1406133,69.65496607878315,0.8406372454853579,0.8413948223034601,0.843322621712172,21.49,1029.265
1790969808.488168,69.65565381888194,0.8407285899287203,0.8403847198793238,0.8432548792776319,21.49,1029.269
1790969839.824562,69.65753358144175,0.8407285899287203,0.8397887086488146,0.8432548792776319,21.48,1029.278
1790969871.1721387,69.65551337659348,0.8403847198793238,0.8413948223034601,0.8441726039698346,21.49,1029.277
1790969902.5175815,69.65634120344632,0.8406372454853579,0.8402233320589381,0.8434150271517326,21.45,1029.292
1790969933.8491776,69.66005848196768,0.841647347909494,0.8397887086488146,0.8435750440738403,21.48,1029.285
1790969965.1965878,69.66694898994248,0.841142296697426,0.8376970427100267,0.8429099759396644,21.52,1029.275
1790969996.5272841,69.66896919479076,0.8398796686672557,0.8388695662431195,0.843507508212523,21.54,1029.281
1790970027.850768,69.66828047798644,0.8412338477985026,0.8415782062006627,0.8434150271517326,21.55,1029.301
1790970059.1991975,69.6637331571584,0.8394654452542647,0.841739105668285,0.8432548792776319,21.52,1029.29
1790970090.5437503,69.66221738354906,0.8397180741891558,0.8404759609938292,0.8430022503427407,21.54,1029.286
1790970121.8942387,69.65969006006563,0.8400618121106023,0.8413254738523194,0.8426813541834328,21.51,1029.27
1790970153.2377706,69.65969006006563,0.8400618121106023,0.8400618121106023,0.8432548792776319,21.51,1029.263
1790970184.5893455,69.65817366597557,0.8400618121106023,0.8408200091556325,0.8433473326390666,21.51,1029.254
1790970215.9427638,69.66019552476232,0.8410727415039759,0.8400618121106023,0.84360006498741,21.51,1029.263
1790970247.271285,69.65900098617536,0.8410727415039759,0.8416700107974538,0.8430946002907231,21.48,1029.271
1790970278.6168206,69.65784938393168,0.8399001598719904,0.8404759609938292,0.8430946002907231,21.48,1029.256
1790970309.9603868,69.65633298984162,0.8400618121106023,0.8408200091556325,0.8430022503427407,21.51,1029.254
1790970341.3098738,69.65532164645563,0.8406586674114747,0.8411643391044642,0.8427736483339026,21.46,1029.245
1790970372.6572564,69.65431030306965,0.8406586674114747,0.8411643391044642,0.8428418679423798,21.46,1029.243
1790970404.001908,69.65246971860772,0.8397383751805105,0.8406586674114747,0.8434398617229171,21.46,1029.234
1790970435.329296,69.6555049917611,0.8412560117572065,0.8397383751805105,0.8422677694750038,21.45,1029.237
1790970466.6717753,69.65435233057238,0.839829500970616,0.8404058315649799,0.8420148300455546,21.44,1029.24
1790970498.0174553,69.65416981393054,0.8401529957184852,0.8402442540394093,0.8427736483339026,21.44,1029.221
1790970529.3629081,69.65688291115531,0.8416008026517955,0.8402442540394093,0.8430265877633517,21.41,1029.22
1790970560.7123556,69.657247978611,0.8401738483378025,0.8399913146099599,0.8425207089044532,21.41,1029.231
1790970592.0589557,69.65890589699109,0.8409115032579695,0.8400825440679273,0.8429341900299275,21.42,1029.223
1790970623.3834345,69.66009996418482,0.8404971934688586,0.8399001598719904,0.8429341900299275,21.41,1029.223
1790970654.7168617,69.66226281797286,0.8410727415039759,0.8399913146099599,0.8431870258764224,21.44,1029.207
1790970686.0585732,69.66157406552658,0.8402442540394093,0.84058863026255,0.8428660181383522,21.44,1029.203
1790970717.4049618,69.66037866208033,0.8403355871652387,0.8409332888883584,0.8427053168396554,21.45,1029.215
1790970748.7535362,69.6600547113757,0.8397587261352952,0.8399207014876172,0.8427053168396554,21.42,1029.212
1790970780.0992444,69.65954800215292,0.8401033270702846,0.8403566816816721,0.84305098508158,21.4,1029.21
1790970811.427478,69.66037904412924,0.840448210940242,0.8400326899520818,0.8428218798049266,21.38,1029.214
1790970842.7599652,69.66088575335202,0.8403566816816721,0.8401033270702846,0.842729338519572,21.41,1029.204
1790970874.1006303,69.6619000042076,0.8402862526659768,0.8397791272381868,0.8428218798049266,21.42,1029.2
1790970905.4122734,69.6576602082819,0.8399412937003908,0.8420611916632417,0.8428218798049266,21.42,1029.204
1790970936.7215757,69.6576602082819,0.8405398153798718,0.8405398153798718,0.8429827971394976,21.42,1029.208
1790970968.0691147,69.6566455407083,0.8401241613064266,0.8406314950932289,0.8432609617586269,21.4,1029.203
1790970999.4186885,69.65765979156387,0.8405398153798718,0.8400326899520818,0.8430754425188216,21.41,1029.2
1790971030.7702785,69.65798338460017,0.8405184781998225,0.8403566816816721,0.8426368731841598,21.42,1029.22
1790971062.112753,69.65899638735287,0.8402652275116467,0.8397587261352952,0.8433042357697557,21.4,1029.206
1790971093.4441757,69.65913775359903,0.840011976823471,0.8399412937003908,0.8431435824069349,21.4,1029.208
1790971124.7878628,69.66116625531019,0.8410469408076617,0.8400326899520818,0.8429827971394976,21.41,1029.209
1790971156.127204,69.6633811291664,0.8420844582597835,0.8409770213316822,0.8428460847881201,21.42,1029.214
1790971187.4757488,69.66269070228037,0.8398704944130255,0.8402157078560339,0.8429144971338389,21.45,1029.214
1790971218.8193512,69.66204165345408,0.8397081655389352,0.8400326899520818,0.8430071906000774,21.44,1029.212
1790971250.1537774,69.66439853466714,0.8409069868046237,0.8397285461980913,0.8431928063203812,21.42,1029.205
1790971281.4943697,69.66453864668033,0.8410910260199611,0.841020970013366,0.8428017598903388,21.41,1029.203
1790971312.8279057,69.66643288519327,0.8415297671210724,0.8405826478646014,0.8426401709320895,21.44,1029.195
1790971344.1654737,69.6630147690713,0.8390575133985222,0.8407665714595127,0.8427089219660125,21.46,1029.192
1790971375.5159318,69.66574269591925,0.8406041435603724,0.8392401801363932,0.8428017598903388,21.44,1029.186
1790971406.8593922,69.66356813976824,0.8399116904671131,0.8409989685426148,0.8431245386413999,21.45,1029.182
1790971438.193827,69.66218414155279,0.8403990269122332,0.8410910260199611,0.842938826374186,21.46,1029.176
1790971469.5224168,69.66283270376829,0.840815080712556,0.8404907996048053,0.8431928063203812,21.44,1029.193
1790971500.8680809,69.66264921646625,0.8402367151359008,0.8403284587869215,0.8431245386413999,21.48,1029.188
1790971532.2124963,69.65992087014784,0.8397489772440998,0.8411131504033016,0.8428946743535543,21.42,1029.189
1790971563.560188,69.66010496316757,0.8406961900702355,0.8406041435603724,0.8430807332755739,21.42,1029.195
1790971594.8944702,69.65978046916078,0.8412054068213722,0.8413676538247663,0.842733057074782,21.44,1029.201
1790971626.2530422,69.66181817649095,0.8410430259454039,0.8400241722803189,0.8431738779242292,21.46,1029.191
1790971657.592569,69.6626095715225,0.8407665714595127,0.8403708739437413,0.8429876654503502,21.51,1029.203
1790971688.939003,69.66108002897506,0.83969816688082,0.8404629381545322,0.8429190593805485,21.48,1029.193
1790971720.2695384,69.66126457825354,0.8409727856703404,0.8408805110311028,0.8428260198593026,21.45,1029.19
1790971751.6142058,69.65903891734148,0.8396267570548337,0.8407395875108663,0.8433603980726357,21.45,1029.185
1790971782.9565246,69.65889754972208,0.8405766110340281,0.8406472948437261,0.8433854113700308,21.45,1029.182
1790971814.3010066,69.65810438007884,0.8402291076657973,0.8406256924874221,0.8434537737631806,21.42,1029.184
1790971845.6478188,69.65712739796695,0.839953090638724,0.8404415816946673,0.8429190593805485,21.41,1029.18
1790971876.9981601,69.6540683128721,0.8394432431229158,0.8409727856703404,0.8428260198593026,21.42,1029.169
1790971908.3426888,69.6557403706229,0.8410651365411949,0.8402291076657973,0.8434537737631806,21.38,1029.164
1790971939.6903012,69.65931372953838,0.8420157871235386,0.8402291076657973,0.8437089082104038,21.4,1029.167
1790971971.035703,69.65829192499838,0.8396471462882376,0.8401580485582404,0.8432234621782574,21.38,1029.155
1790972002.3941796,69.66103190324772,0.8415280376829057,0.8401580485582404,0.8430613789171483,21.38,1029.161
1790972033.7356603,69.65843206742272,0.8401580485582404,0.8414579664707391,0.8428747203998486,21.42,1029.162
1790972065.0822735,69.65996540865696,0.8407613670657844,0.8399946964486632,0.8431548241174677,21.38,1029.163
1790972096.4356916,69.65824650547981,0.8398312090523488,0.8406906606409207,0.8428301976612516,21.4,1029.16
1790972127.7742982,69.65773518008518,0.8398312090523488,0.8400868717496655,0.8428301976612516,21.38,1029.174
1790972159.1217136,69.66112820239664,0.842294708300027,0.8405981971442993,0.8432234621782574,21.37,1029.169
1790972190.4663305,69.66112820239664,0.8398312090523488,0.8398312090523488,0.8436661495121014,21.37,1029.172
1790972221.8103106,69.65894289752644,0.8393916951532361,0.8404843475883318,0.8428747203998486,21.35,1029.18
1790972253.1592822,69.6567182322128,0.839534962186901,0.8406472948437261,0.8431986393159575,21.34,1029.175
1790972284.4868982,69.65500284019518,0.8398818915020568,0.8407395875108663,0.8434537737631806,21.34,1029.189
1790972315.8353865,69.65769874227645,0.8413426474893015,0.8399946964486632,0.8430367468136766,21.34,1029.19
1790972347.1758811,69.65751381528321,0.8405981971442993,0.8406906606409207,0.8431548241174677,21.34,1029.197
1790972378.5263968,69.65565141561807,0.8401078755562231,0.8410390753887964,0.8437598839601946,21.32,1029.193
1790972409.8657758,69.65546618187055,0.8407832007784456,0.8408758176522023,0.8428301976612516,21.35,1029.197
1790972441.2155073,69.65528100681223,0.8406198369535426,0.8407124244827013,0.843341946881953,21.4,1029.194
1790972472.562114,69.65681625447434,0.8407832007784456,0.8400155769473935,0.8439475860361192,21.37,1029.198
1790972503.9052856,69.65835213866629,0.8401078755562231,0.8393399334602439,0.8430172063574843,21.37,1029.192
1790972535.2529418,69.65853758459042,0.841131798350862,0.8410390753887964,0.8428301976612516,21.35,1029.194
1790972566.5814211,69.65853758459042,0.840527326168095,0.840527326168095,0.843341946881953,21.35,1029.204
1790972597.9069026,69.66179537744318,0.841736771982605,0.8401078755562231,0.8432732932324603,21.37,1029.206
1790972629.2414343,69.6633280842532,0.8416907553682488,0.8409244019632446,0.8432483467403157,21.38,1029.198
1790972660.5721304,69.66537253923218,0.8410169239381582,0.8399946964486632,0.8428058220447745,21.38,1029.191
1790972691.9144504,69.66639561367194,0.8417137350806787,0.8412021978607996,0.843341946881953,21.35,1029.184
1790972723.1949465,69.66262686231981,0.840527326168095,0.8424117018441608,0.8432732932324603,21.37,1029.194
1790972754.5274746,69.66328294988132,0.8396880769827979,0.839360033202045,0.8425050326075326,21.38,1029.195
1790972785.8680947,69.66072101848724,0.8392679300146545,0.8405488957116983,0.843298301886167,21.35,1029.184
1790972817.2014287,69.65867062255069,0.8401289316782491,0.8411541296465214,0.8424356271068617,21.37,1029.182
1790972848.5459483,69.65573894245742,0.839431990107822,0.8408978301544533,0.8426919265989298,21.41,1029.187
1790972879.8775096,69.65555340119174,0.8409685113576773,0.8410612819905158,0.84317964394014,21.37,1029.184
1790972911.215985,69.65676444871028,0.8412470544216571,0.8406415306623852,0.8426226187245752,21.35,1029.196
1790972942.566718,69.65984131990704,0.8415034603547209,0.8399650247563384,0.8432045255830658,21.37,1029.191
1790972973.9119604,69.66086651787532,0.8408978301544533,0.8403852311703173,0.8430418959531033,21.42,1029.204
1790973005.24354,69.66343164250038,0.8405705190245281,0.8392879567119987,0.8434860883580074,21.4,1029.204
1790973036.5900946,69.66398699131538,0.8406415306623852,0.8403638562548829,0.8430172063574843,21.42,1029.201
1790973067.930677,69.66635757448746,0.8420391514276532,0.8408538598416161,0.8436661495121014,21.45,1029.204
1790973099.2691813,69.6640850659882,0.8394835827039157,0.8406198369535426,0.8430860722716021,21.41,1029.206
1790973130.6257174,69.66510814042796,0.8414579664707391,0.8409464292508602,0.84317964394014,21.4,1029.213
1790973161.9690814,69.66357289276586,0.8397597023370428,0.840527326168095,0.84317964394014,21.4,1029.211
1790973193.3566153,69.66050112438194,0.8395959141589037,0.841131798350862,0.8432732932324603,21.38,1029.219
1790973224.6902704,69.65998873810312,0.840805088851107,0.8410612819905158,0.8432045255830658,21.4,1029.226
1790973256.0346735,69.65863593917302,0.8402214306894021,0.8408978301544533,0.843298301886167,21.4,1029.221
1790973287.3771195,69.65896359929391,0.8404778366224659,0.8403140065620222,0.8430418959531033,21.35,1029.218
1790973318.725656,69.65742516369554,0.8407342425555298,0.8415034603547209,0.8430418959531033,21.38,1029.229
1790973350.0623436,69.65709783461277,0.8403852311703173,0.8405488957116983,0.8432045255830658,21.34,1029.235
1790973381.4217684,69.65570120905433,0.8403852311703173,0.8410835439495399,0.843460825075134,21.35,1029.229
1790973412.764285,69.65416277345595,0.8404778366224659,0.8412470544216571,0.8439051810371045,21.32,1029.232
1790973444.1068642,69.65537476867382,0.8411765166334645,0.8405705190245281,0.8433921561120928,21.38,1029.235
1790973475.4433305,69.65896147262555,0.8405488957116983,0.838755543735837,0.8432045255830658,21.37,1029.237
1790973506.7988534,69.65709837738932,0.8402002507327496,0.841131798350862,0.8429236632414802,21.37,1029.246
1790973538.1423814,69.65775191354572,0.8412245982326532,0.8408978301544533,0.8432732932324603,21.35,1029.243
1790973569.4907963,69.65448760539181,0.8398009816370104,0.8414331357139693,0.8430666471468955,21.35,1029.242
1790973600.8372686,69.65639692469017,0.8406632784724548,0.8397086188232747,0.8437427074385123,21.32,1029.237
1790973632.167763,69.65928730769069,0.8419230281227256,0.8404778366224659,0.8437171245672019,21.35,1029.252
1790973663.515447,69.66031293142295,0.8415034603547209,0.8409906484885934,0.8433670202451945,21.37,1029.251
1790973694.8759086,69.66152397894149,0.8412470544216571,0.8406415306623852,0.8438111137522946,21.38,1029.243
1790973726.2143872,69.66170940272778,0.8407342425555298,0.8406415306623852,0.8431356436495869,21.38,1029.237
1790973757.5620914,69.65933322512824,0.8400365094328809,0.8412245982326532,0.843460825075134,21.37,1029.245
1790973788.8933494,69.66003088130843,0.8406415306623852,0.8402927025722895,0.8432045255830658,21.35,1029.25
1790973820.2339776,69.66170973273604,0.8415736682693333,0.8407342425555298,0.8431108271057859,21.38,1029.253
1790973851.583587,69.66269143508417,0.8411541296465214,0.8406632784724548,0.8440675196853582,21.42,1029.233
1790973882.9069154,69.65942813378886,0.8402214306894021,0.8418530813370576,0.8435547078192307,21.4,1029.24
1790973914.240492,69.65756322045901,0.839872632186181,0.840805088851107,0.8433921561120928,21.41,1029.239
1790973945.5690854,69.65639580961592,0.839872632186181,0.8404563376077255,0.8431108271057859,21.38,1029.256
1790973976.9195285,69.65760643137048,0.8407342425555298,0.8401289316782491,0.843460825075134,21.4,1029.254
1790974008.259062,69.65574124633824,0.8404778366224659,0.8414104291385894,0.8435547078192307,21.38,1029.253
1790974039.61067,69.65956078364692,0.8423661062620693,0.8404563376077255,0.8433670202451945,21.37,1029.251
1790974070.955099,69.66077103881125,0.8408978301544533,0.8402927025722895,0.8437171245672019,21.35,1029.241
1790974102.2875984,69.66267964710715,0.8416667286306575,0.8407124244827013,0.8435293801074363,21.32,1029.249
1790974133.6282167,69.66253818950496,0.840805088851107,0.8408758176522023,0.8434356246387996,21.37,1029.25
1790974164.9744985,69.66887066588552,0.8420860545481508,0.8389198163578702,0.8435293801074363,21.4,1029.246
1790974196.3140864,69.6709185114748,0.8418997404468412,0.8408758176522023,0.8435978214923037,21.41,1029.246
1790974227.665614,69.66901084884321,0.8406198369535426,0.8415736682693333,0.8432732932324603,21.42,1029.247
1790974259.0121672,69.6691513607813,0.8414806851076291,0.8414104291385894,0.844041553857388,21.44,1029.249
1790974290.354586,69.67427735062266,0.8411541296465214,0.8385911347258408,0.8435547078192307,21.41,1029.25
1790974321.706112,69.66966395976543,0.839360033202045,0.8416667286306575,0.8436232133846033,21.42,1029.269
1790974353.0288155,69.66281845951946,0.8396880769827979,0.8431108271057859,0.8433670202451945,21.41,1029.265
1790974384.3801916,69.65937375520788,0.8396880769827979,0.8414104291385894,0.8436232133846033,21.37,1029.276
1790974415.71458,69.65579299466873,0.8399233548111021,0.8417137350806787,0.8440156525701341,21.38,1029.28
1790974447.0623438,69.65630453188861,0.8414579664707391,0.8412021978607996,0.8441095707130052,21.41,1029.275
1790974478.4127536,69.6518853531831,0.8402714515577442,0.8424810409104971,0.8437598839601946,21.38,1029.276
1790974509.7091336,69.65086227874335,0.8409464292508602,0.8414579664707391,0.8435978214923037,21.37,1029.282
1790974541.043799,69.6506773517501,0.8405981971442993,0.8406906606409207,0.8437598839601946,21.37,1029.296
1790974572.3970938,69.65123276839613,0.8410390753887964,0.8407613670657844,0.8437598839601946,21.37,1029.299
1790974603.7446291,69.65448507136594,0.8416208479335666,0.8399946964486632,0.8436916053374593,21.34,1029.297
1790974635.0873072,69.65601841260018,0.841272480810532,0.8405058101934106,0.8440836064066434,21.35,1029.301
1790974666.43774,69.6542996625145,0.8405058101934106,0.8413651852362498,0.8439218122094183,21.35,1029.308
1790974697.7773104,69.65411467696283,0.8407613670657844,0.8408538598416161,0.843316935789522,21.37,1029.319
1790974729.1277134,69.65578858409654,0.8420391514276532,0.8412021978607996,0.844177474906735,21.37,1029.329
1790974760.472387,69.65578858409654,0.8414579664707391,0.8414579664707391,0.8441095707130052,21.38,1029.336
1790974791.803879,69.65713923454099,0.8407832007784456,0.8401078755562231,0.8435978214923037,21.34,1029.33
1790974823.1473625,69.65728012884126,0.8411095225389329,0.8410390753887964,0.8435978214923037,21.32,1029.328
1790974854.4948592,69.6618782492713,0.8424571087732531,0.8401580485582404,0.8436661495121014,21.31,1029.326
1790974885.8373682,69.66020553637084,0.8406689508282432,0.8415053072784697,0.84380246658128,21.32,1029.335
1790974917.184746,69.66090060155018,0.8409948274334007,0.8406472948437261,0.8440577065038145,21.32,1029.336
1790974948.5173523,69.66108560878571,0.8412500673559352,0.8411575637381725,0.84380246658128,21.34,1029.336
1790974979.8618329,69.66039027472097,0.8413201656002439,0.8416678326326187,0.8439640426576268,21.34,1029.328
1790975011.207407,69.66141039095716,0.8418302237183419,0.8413201656002439,0.8440577065038145,21.32,1029.333
1790975042.5428517,69.65987958427382,0.8406472948437261,0.8414126981853955,0.8442191771048501,21.34,1029.338
1790975073.8912997,69.66159304481438,0.8409727856703404,0.8401160554000607,0.844193152098952,21.34,1029.342
1790975105.2429376,69.66159304481438,0.8416449666621449,0.8416449666621449,0.8434286964679099,21.35,1029.332
1790975136.5924242,69.66177732535151,0.840555078423097,0.8404629381545322,0.8435220232493813,21.37,1029.324
1790975167.937832,69.65973456147078,0.8405766110340281,0.8415979929743928,0.8438704561907338,21.37,1029.323
1790975199.278317,69.66094068142766,0.8413426474893015,0.8407395875108663,0.8443129464263489,21.4,1029.318
1790975230.6090357,69.6597347725959,0.8404843475883318,0.8410873020042106,0.8435472266587455,21.34,1029.309
1790975261.9474857,69.65634594057181,0.8405766110340281,0.8422710270460732,0.8430367468136766,21.32,1029.298
1790975293.295955,69.65550993002329,0.8410873020042106,0.8415053072784697,0.8440577065038145,21.3,1029.297
1790975324.63861,69.65504356997913,0.8408319565191194,0.8410651365411949,0.8432919867362111,21.32,1029.284
1790975355.9928682,69.65471863480732,0.8413201656002439,0.8414826331861487,0.8436154271316847,21.31,1029.273
1790975387.316377,69.65471863480732,0.840555078423097,0.840555078423097,0.8435220232493813,21.28,1029.267
1790975418.6649685,69.65694335841914,0.8418302237183419,0.8407178619124362,0.8434286964679099,21.28,1029.255
1790975450.0104487,69.65522926659324,0.8408805110311028,0.8417375569440526,0.8436835150115906,21.3,1029.248
1790975481.3549087,69.65402523271159,0.8406256924874221,0.8412277094282445,0.8436835150115906,21.3,1029.244
1790975512.696538,69.6564339897405,0.8422474044598609,0.8410430259454039,0.8438448735243876,21.3,1029.244
1790975544.0449858,69.65661874944743,0.8412277094282445,0.8411353295747835,0.8432670994914772,21.28,1029.239
1790975575.3964264,69.65694314851157,0.8418071661942176,0.8416449666621449,0.8434286964679099,21.3,1029.234
1790975606.7509568,69.65879798929633,0.8408805110311028,0.839953090638724,0.8435220232493813,21.3,1029.229
1790975638.0875592,69.66389436016995,0.8426642408368678,0.8401160554000607,0.8435220232493813,21.28,1029.237
1790975669.4160573,69.66185665283977,0.8405335991128614,0.8415524527779464,0.843335446691845,21.28,1029.23
1790975700.7635424,69.66083863915391,0.8406041435603724,0.8411131504033016,0.8432422738259185,21.3,1029.23
1790975732.1011574,69.65912632381989,0.8404415816946673,0.8412977393616752,0.8437514905770551,21.27,1029.24
1790975763.444613,69.66014517748498,0.8407883125291327,0.8402788856965901,0.8434286964679099,21.28,1029.228
1790975794.7920918,69.66046925167535,0.8418766606676956,0.8417146235725087,0.8438448735243876,21.3,1029.235
1790975826.123514,69.65843322430364,0.8408586469818371,0.8418766606676956,0.8430807332755739,21.28,1029.238
1790975857.4710758,69.6579242174607,0.8411131504033016,0.8413676538247663,0.8430807332755739,21.28,1029.225
1790975888.8176558,69.65672262389626,0.8406745717849948,0.8412753685672193,0.8434968822014869,21.3,1029.226
1790975920.1530967,69.65667788230735,0.8412753685672193,0.8412977393616752,0.8438193541057517,21.27,1029.228
1790975951.4815967,69.6583498231281,0.8407178619124362,0.8398818915020568,0.8436154271316847,21.24,1029.228
1790975982.8330197,69.65853431426753,0.840810107482146,0.8407178619124362,0.8436154271316847,21.27,1029.23
1790976014.1885107,69.66043312846001,0.842409422293187,0.8414600151969405,0.8436835150115906,21.27,1029.225
1790976045.5411654,69.65909062076737,0.8412054068213722,0.8418766606676956,0.8436581846179482,21.27,1029.223
1790976076.889692,69.66098756428022,0.8422238403236453,0.8412753685672193,0.8434968822014869,21.24,1029.223
1790976108.236189,69.65978518981449,0.841020970013366,0.841622157246231,0.8437514905770551,21.27,1029.23
1790976139.5788693,69.65960040956416,0.8415297671210724,0.841622157246231,0.8433105569980452,21.25,1029.232
1790976170.924114,69.65876717612862,0.8411131504033016,0.8415297671210724,0.8433105569980452,21.24,1029.227
1790976202.2696967,69.6614961516527,0.8418766606676956,0.8405121729056595,0.8436581846179482,21.24,1029.225
1790976233.6142957,69.6618210654759,0.8408586469818371,0.8406961900702355,0.84435430035693,21.25,1029.225
1790976264.9597538,69.66302422172252,0.841969231948077,0.8413676538247663,0.8440060989526235,21.25,1029.222
1790976296.2922447,69.66219051096459,0.8409507984458039,0.8413676538247663,0.8439126880394129,21.27,1029.236
1790976327.5897624,69.66302395413535,0.8412753685672193,0.8408586469818371,0.8436581846179482,21.3,1029.236
1790976358.9162602,69.66455223463298,0.8415524527779464,0.8407883125291327,0.8436835150115906,21.28,1029.241
1790976390.2627056,69.66112462393897,0.8405335991128614,0.8422474044598609,0.8436835150115906,21.31,1029.247
1790976421.6082826,69.65825071940795,0.8402080143966282,0.8416449666621449,0.8439383335552713,21.31,1029.248
1790976452.9508827,69.65774171256501,0.8408586469818371,0.8411131504033016,0.8440995869406588,21.31,1029.257
1790976484.3003528,69.65926936281842,0.8417146235725087,0.8409507984458039,0.8435901601081163,21.3,1029.26
1790976515.6339676,69.66250770680394,0.8409507984458039,0.839331626453049,0.843335446691845,21.31,1029.261
1790976546.9902163,69.661998699961,0.8411131504033016,0.8413676538247663,0.8434036811964835,21.31,1029.254
1790976578.3337224,69.66112196202207,0.8404202780123675,0.8408586469818371,0.8434036811964835,21.3,1029.265
1790976609.680266,69.66264898255085,0.8411131504033016,0.8403496401389077,0.8437514905770551,21.28,1029.272
1790976641.010801,69.66602378179758,0.8423619714083603,0.8406745717849948,0.8436329167967598,21.27,1029.271
1790976672.3562748,69.66398943161656,0.8406745717849948,0.8416917468755037,0.8435649555518985,21.24,1029.275
1790976703.6838012,69.66278741892721,0.8411831593302492,0.8417841656749258,0.8438193541057517,21.25,1029.267
1790976735.0213468,69.66482344629893,0.8406041435603724,0.8395861298745138,0.8439126880394129,21.25,1029.269
1790976766.3408992,69.66635046682771,0.8421311640891602,0.8413676538247663,0.8439126880394129,21.25,1029.268
1790976797.6844542,69.66806200019263,0.8412054068213722,0.8403496401389077,0.8438193541057517,21.3,1029.277
1790976829.0329304,69.66704440597722,0.8407665714595127,0.8412753685672193,0.8438193541057517,21.3,1029.277
1790976860.3623755,69.6632994555616,0.8399116904671131,0.8417841656749258,0.8435649555518985,21.3,1029.285
1790976891.7168372,69.66038752884629,0.8399116904671131,0.8413676538247663,0.8436581846179482,21.3,1029.29
1790976923.0523794,69.6568274160295,0.8401659842397404,0.8419460406481308,0.8435649555518985,21.3,1029.286
1790976954.3858778,69.65816896975377,0.8416917468755037,0.841020970013366,0.8430561584441919,21.31,1029.295
1790976985.7282856,69.65562393553913,0.8406041435603724,0.8418766606676956,0.8436581846179482,21.28,1029.292
1790977017.0729718,69.65511513843141,0.8412753685672193,0.8415297671210724,0.8440060989526235,21.27,1029.289
1790977048.4023485,69.65613273264682,0.8407665714595127,0.8402577743518063,0.8438193541057517,21.3,1029.286
1790977079.7378786,69.65678217664133,0.840928865557622,0.8406041435603724,0.8435649555518985,21.3,1029.282
1790977111.0774446,69.65645726281812,0.8406961900702355,0.8408586469818371,0.8437514905770551,21.3,1029.284
1790977142.4098501,69.65645726281812,0.8412977393616752,0.8412977393616752,0.8439383335552713,21.3,1029.285
1790977173.750418,69.66071550966336,0.8432422738259185,0.8411131504033016,0.8440995869406588,21.3,1029.28
1790977205.0978138,69.66071550966336,0.841020970013366,0.841020970013366,0.8437260970565215,21.3,1029.27
1790977236.4454126,69.65951391609892,0.8406745717849948,0.8412753685672193,0.8436581846179482,21.3,1029.278
1790977267.787817,69.6590051189912,0.8407665714595127,0.841020970013366,0.8438193541057517,21.31,1029.28
1790977299.134352,69.6603475690049,0.8412753685672193,0.8406041435603724,0.8438193541057517,21.3,1029.282
1790977330.4717424,69.66187333164066,0.8414374531028764,0.8406745717849948,0.8433105569980452,21.32,1029.285
1790977361.8143382,69.66423337586977,0.8417841656749258,0.8406041435603724,0.8433105569980452,21.37,1029.286
1790977393.1548219,69.66270698454665,0.8402577743518063,0.841020970013366,0.8442346846017759,21.38,1029.289
1790977424.4852536,69.6620141880899,0.8406745717849948,0.841020970013366,0.8435649555518985,21.38,1029.293
1790977455.8318455,69.66335532268927,0.8422003344207581,0.8415297671210724,0.8438193541057517,21.4,1029.291
1790977487.1754174,69.664557697155,0.841622157246231,0.841020970013366,0.8437260970565215,21.37,1029.296
1790977518.5177546,69.66132013425845,0.840003375797953,0.841622157246231,0.8441671914608775,21.34,1029.289
1790977549.8693597,69.66011817926316,0.8405121729056595,0.8411131504033016,0.8439126880394129,21.32,1029.294
1790977581.2097108,69.66247780402183,0.8422929627826322,0.8411131504033016,0.8439126880394129,21.34,1029.299
1790977612.549414,69.65993276980718,0.8406041435603724,0.8418766606676956,0.8440060989526235,21.32,1029.295
1790977643.8898535,69.65942355305604,0.8406961900702355,0.8409507984458039,0.8434036811964835,21.31,1029.294
1790977675.2282684,69.65909905904925,0.8412054068213722,0.8413676538247663,0.8438193541057517,21.3,1029.297
1790977706.579906,69.65822148251496,0.840928865557622,0.8413676538247663,0.8436581846179482,21.31,1029.3
1790977737.9123902,69.65549229725566,0.8407665714595127,0.8421311640891602,0.8440060989526235,21.3,1029.294
1790977769.2548208,69.6580362827942,0.8422929627826322,0.841020970013366,0.8436581846179482,21.3,1029.297
1790977800.598486,69.6580362827942,0.841020970013366,0.841020970013366,0.8435649555518985,21.27,1029.297
1790977831.9437943,69.65942317026905,0.8414600151969405,0.8407665714595127,0.8439126880394129,21.32,1029.296
1790977863.283381,69.66330960582128,0.8425473613364854,0.8406041435603724,0.8438193541057517,21.32,1029.288
1790977894.6319847,69.66654758818828,0.8421311640891602,0.8405121729056595,0.8436581846179482,21.31,1029.284
1790977925.982267,69.6633098155565,0.8402577743518063,0.8418766606676956,0.8440737526596049,21.32,1029.281
1790977957.3229563,69.66381861266422,0.842038564228779,0.8417841656749258,0.8435649555518985,21.34,1029.279
1790977988.671314,69.66145967428697,0.8407665714595127,0.8419460406481308,0.8444216948823421,21.32,1029.286
1790978020.0069828,69.65974850271354,0.8407665714595127,0.841622157246231,0.8439126880394129,21.32,1029.283
1790978051.3483753,69.65836161523869,0.8407665714595127,0.8414600151969405,0.8433105569980452,21.32,1029.272
1790978082.692812,69.66058137418462,0.8413676538247663,0.8402577743518063,0.8439126880394129,21.3,1029.277
1790978113.9673645,69.65970328381746,0.841020970013366,0.8414600151969405,0.8441671914608775,21.3,1029.275
1790978145.2989683,69.66275732487505,0.841622157246231,0.8400951367174431,0.8438193541057517,21.3,1029.285
1790978176.6499124,69.66340604547445,0.8415297671210724,0.8412054068213722,0.8433105569980452,21.32,1029.285
1790978207.9978936,69.66206311796539,0.8406961900702355,0.8413676538247663,0.8437514905770551,21.34,1029.274
1790978239.3242857,69.66275648558819,0.8413676538247663,0.841020970013366,0.8434036811964835,21.35,1029.28
1790978270.6678355,69.66581052664577,0.8421311640891602,0.8406041435603724,0.8437514905770551,21.4,1029.286
1790978302.0003948,69.67076025280487,0.8422238403236453,0.8397489772440998,0.8434036811964835,21.4,1029.285
1790978333.339961,69.6661810788355,0.840003375797953,0.8422929627826322,0.8436581846179482,21.42,1029.284
1790978364.6905012,69.66377732036779,0.8404202780123675,0.841622157246231,0.8438193541057517,21.4,1029.285
1790978396.0330527,69.66326852326007,0.8417841656749258,0.842038564228779,0.8440737526596049,21.37,1029.291
1790978427.3333955,69.66141658890808,0.8406961900702355,0.841622157246231,0.8438193541057517,21.35,1029.291
1790978458.683185,69.66104657101211,0.841622157246231,0.8418071661942176,0.84435430035693,21.31,1029.296
1790978490.0345116,69.66104657101211,0.8412054068213722,0.8412054068213722,0.84435430035693,21.28,1029.306
1790978521.3728673,69.65933305249126,0.8410430259454039,0.8418997852058256,0.8435901601081163,21.28,1029.305
1790978552.7104387,69.66206584518683,0.842409422293187,0.8410430259454039,0.8440995869406588,21.28,1029.305
1790978584.0559578,69.6637326946418,0.8421311640891602,0.8412977393616752,0.8437514905770551,21.3,1029.307
1790978615.4035692,69.66086184913418,0.8410430259454039,0.8424784486992136,0.8438448735243876,21.28,1029.326
1790978646.7529185,69.66715816563546,0.8425713064430314,0.839423148192394,0.8439383335552713,21.28,1029.33
1790978678.079607,69.6639169395596,0.8412054068213722,0.8428260198593026,0.8442607073281918,21.3,1029.331
1790978709.411916,69.6639169395596,0.8409507984458039,0.8409507984458039,0.8434968822014869,21.3,1029.338
1790978740.7535415,69.66525986706866,0.8413676538247663,0.8406961900702355,0.8440060989526235,21.3,1029.346
1790978772.098109,69.66303692171527,0.8407883125291327,0.8418997852058256,0.8437514905770551,21.32,1029.358
1790978803.4424856,69.65910166085446,0.840186973319099,0.8421546037495063,0.844193152098952,21.32,1029.36
1790978834.787935,69.6572050424193,0.8406041435603724,0.8415524527779464,0.8438448735243876,21.34,1029.369
1790978866.1155283,69.65785567467229,0.8406961900702355,0.8403708739437413,0.8435901601081163,21.35,1029.377
1790978897.4651008,69.65665158298398,0.8412977393616752,0.8418997852058256,0.843335446691845,21.34,1029.384
1790978928.8015158,69.6556327293189,0.8405335991128614,0.8410430259454039,0.8436835150115906,21.31,1029.381
1790978960.192938,69.65461345514417,0.8408805110311028,0.8413901481184642,0.844193152098952,21.3,1029.389
1790978991.525457,69.65632739417465,0.842409422293187,0.8415524527779464,0.843335446691845,21.32,1029.394
1790979022.8699696,69.65600236434605,0.8408805110311028,0.8410430259454039,0.8440995869406588,21.32,1029.392
1790979054.223561,69.6578558849271,0.8415524527779464,0.8406256924874221,0.8435901601081163,21.32,1029.399
1790979085.5691097,69.66007946104494,0.8426642408368678,0.8415524527779464,0.844193152098952,21.34,1029.399
1790979116.90045,69.66637577754622,0.8425713064430314,0.839423148192394,0.8439383335552713,21.32,1029.407
1790979148.2449727,69.66568174345493,0.8407883125291327,0.8411353295747835,0.844193152098952,21.28,1029.407
1790979179.5904264,69.66841516691495,0.8431738779242292,0.8418071661942176,0.8440318707651895,21.28,1029.407
1790979210.9349287,69.66586698147815,0.8408805110311028,0.8421546037495063,0.844193152098952,21.28,1029.403
1790979242.2794273,69.66364424637958,0.8405335991128614,0.8416449666621449,0.8439383335552713,21.28,1029.406
1790979273.627975,69.66109606094277,0.8403708739437413,0.8416449666621449,0.844193152098952,21.27,1029.404
1790979304.9733038,69.66128066820153,0.8411353295747835,0.8410430259454039,0.8442867945230935,21.3,1029.409
1790979336.3068328,69.66058564012191,0.8416449666621449,0.8419924807019568,0.8437769470072854,21.34,1029.408
1790979367.6592977,69.66382806990484,0.8426642408368678,0.8410430259454039,0.844193152098952,21.3,1029.407
1790979398.9866967,69.66484776493645,0.8414826331861487,0.8409727856703404,0.8438704561907338,21.28,1029.402
1790979430.3321877,69.66248280789455,0.840555078423097,0.8417375569440526,0.8442867945230935,21.28,1029.398
1790979461.6817675,69.65877274114646,0.8406472948437261,0.8425023282177649,0.8440318707651895,21.3,1029.399
1790979492.957156,69.65622139667423,0.84013702594928,0.8414126981853955,0.8437089082104038,21.3,1029.395
1790979524.3168674,69.65979180350091,0.8420852527773909,0.840300049364048,0.8444743115520732,21.25,1029.399
1790979555.6552267,69.66030165101672,0.8412277094282445,0.8409727856703404,0.8448905724269297,21.28,1029.401
1790979587.0017262,69.65997665806893,0.8414126981853955,0.841575194659293,0.8438704561907338,21.3,1029.401
1790979618.3422468,69.65932651917298,0.8411575637381725,0.8414826331861487,0.8446355433678806,21.25,1029.4
1790979649.6888423,69.65918664917147,0.8414126981853955,0.8414826331861487,0.8445417182809977,21.27,1029.398
1790979681.0302649,69.65881697712055,0.8411353295747835,0.8413201656002439,0.8447966420389017,21.25,1029.407
1790979712.3636298,69.65761194854036,0.8412277094282445,0.8418302237183419,0.8442867945230935,21.25,1029.411
1790979743.7053027,69.66016118611941,0.8422474044598609,0.8409727856703404,0.8442867945230935,21.24,1029.414
1790979775.0367742,69.66048543221451,0.8421546037495063,0.8419924807019568,0.8442867945230935,21.23,1029.409
1790979806.384256,69.6590957596686,0.8407178619124362,0.8414126981853955,0.8442191771048501,21.23,1029.4
1790979837.7167985,69.66113514973183,0.8417375569440526,0.8407178619124362,0.8445417182809977,21.24,1029.41
1790979869.0593061,69.65942027363583,0.8409727856703404,0.8418302237183419,0.8436154271316847,21.25,1029.415
1790979900.3966684,69.65770518693753,0.8412277094282445,0.8420852527773909,0.8443805143088317,21.24,1029.411
1790979931.6861887,69.65687013587164,0.8414126981853955,0.8418302237183419,0.8443805143088317,21.21,1029.416
1790979963.0367527,69.65941937345069,0.8427572519756691,0.8414826331861487,0.8443805143088317,21.21,1029.417
1790979994.3810654,69.65701031098885,0.8406256924874221,0.8418302237183419,0.8437769470072854,21.23,1029.423
1790980025.7077816,69.6577056450536,0.8416678326326187,0.8413201656002439,0.8446355433678806,21.21,1029.422
1790980057.0393054,69.6561754706993,0.840810107482146,0.841575194659293,0.8444743115520732,21.21,1029.415
1790980088.3757274,69.6578903467953,0.8418302237183419,0.8409727856703404,0.8442191771048501,21.2,1029.406
1790980119.725215,69.65450437280987,0.8406472948437261,0.8423402818364398,0.8441254852497827,21.21,1029.406
1790980151.0666738,69.65844843680877,0.8435472266587455,0.841575194659293,0.8446355433678806,21.18,1029.405
1790980182.4105303,69.66016388710972,0.8416678326326187,0.840810107482146,0.8445681863488834,21.18,1029.41
1790980213.7636511,69.65724204798187,0.840810107482146,0.8422710270460732,0.8439640426576268,21.21,1029.417
1790980245.093231,69.65928312355965,0.8416678326326187,0.8406472948437261,0.8448905724269297,21.21,1029.41
1790980276.4397502,69.65928312355965,0.8413201656002439,0.8413201656002439,0.8444743115520732,21.21,1029.411
1790980307.7601511,69.65756788403505,0.840555078423097,0.8414126981853955,0.8437089082104038,21.23,1029.408
1790980339.108666,69.656221662686,0.8407395875108663,0.8414126981853955,0.8441254852497827,21.2,1029.404
1790980370.4553308,69.65705650297554,0.8420852527773909,0.8416678326326187,0.8443805143088317,21.18,1029.397
1790980401.8068202,69.66081019529311,0.8430121757335731,0.8411353295747835,0.8443805143088317,21.21,1029.399
1790980433.1482215,69.65941895224653,0.8413201656002439,0.8420157871235386,0.8442867945230935,21.17,1029.399
1790980464.4776874,69.66210775241775,0.8436154271316847,0.8422710270460732,0.8439640426576268,21.18,1029.394
1790980495.8222742,69.66368390780835,0.8420157871235386,0.8412277094282445,0.8442191771048501,21.21,1029.386
1790980527.1687539,69.66349857425978,0.8417375569440526,0.8418302237183419,0.8444743115520732,21.25,1029.392
1790980558.5182562,69.66451911204867,0.8421781015270651,0.8416678326326187,0.8440318707651895,21.27,1029.381
1790980589.856812,69.66261823261095,0.840810107482146,0.8417605472010041,0.8442191771048501,21.3,1029.391
1790980621.2082174,69.66224626234661,0.8423402818364398,0.8425262669686077,0.8441254852497827,21.25,1029.399
1790980652.5358355,69.66377770188183,0.8430367468136766,0.8422710270460732,0.8444743115520732,21.21,1029.409
1790980683.8681283,69.66479866157196,0.8415053072784697,0.8409948274334007,0.8444743115520732,21.27,1029.412
1790980715.2057915,69.66340784025235,0.8410651365411949,0.8417605472010041,0.8442191771048501,21.24,1029.413
1790980746.5432646,69.66373268001003,0.8419229670798419,0.8417605472010041,0.8439640426576268,21.24,1029.414
1790980777.882807,69.6642431598551,0.8412500673559352,0.8409948274334007,0.8446621387954865,21.24,1029.428
1790980809.2093174,69.66289757135792,0.8415053072784697,0.8421781015270651,0.8445007178532644,21.25,1029.427
1790980840.5569534,69.65964889864543,0.8404843475883318,0.842108683944575,0.8445681863488834,21.24,1029.434
1790980871.9042735,69.65862793895529,0.8404843475883318,0.8409948274334007,0.8444067933103954,21.21,1029.439
1790980903.2497876,69.65997400709865,0.8422710270460732,0.8415979929743928,0.8442191771048501,21.2,1029.437
1790980934.5804431,69.6632263679412,0.843316935789522,0.8416907553682488,0.8439898155832616,21.24,1029.429
1790980965.9221458,69.66596419630332,0.8430367468136766,0.8416678326326187,0.8456169476408859,21.21,1029.426
1790980997.2692425,69.66480355712224,0.8413426474893015,0.8419229670798419,0.8443129464263489,21.25,1029.423
1790981028.6178048,69.66257684145707,0.8409024292909494,0.8420157871235386,0.8443129464263489,21.3,1029.433
1790981059.9610791,69.66870006819042,0.8419229670798419,0.8388613537131644,0.8440577065038145,21.3,1029.437
1790981091.2996502,69.6666573043097,0.8410873020042106,0.842108683944575,0.8445681863488834,21.31,1029.431
1790981122.6581433,69.66614682446462,0.8417605472010041,0.8420157871235386,0.8445681863488834,21.31,1029.423
1790981153.99249,69.66633204265077,0.8415053072784697,0.8414126981853955,0.843896102340213,21.31,1029.428
1790981185.3330355,69.66753858485787,0.841853338459484,0.8412500673559352,0.84380246658128,21.34,1029.418
1790981216.6734595,69.66567975038019,0.8416208479335666,0.8425502651724008,0.8447561689882658,21.32,1029.418
1790981248.019018,69.6626130679117,0.8405058101934106,0.8420391514276532,0.8445947201513908,21.32,1029.421
1790981279.3553545,69.65954765429169,0.8401580485582404,0.8416907553682488,0.8442452667182629,21.32,1029.408
1790981310.7068605,69.66075598310474,0.8428058220447745,0.8422016576382517,0.8445947201513908,21.3,1029.398
1790981342.056561,69.65546001318218,0.8406689508282432,0.843316935789522,0.8445007178532644,21.25,1029.404
1790981373.403751,69.65309081532006,0.8401580485582404,0.8413426474893015,0.8445007178532644,21.25,1029.404
1790981404.7413805,69.65072044379787,0.8411095225389329,0.842294708300027,0.8446888003013688,21.24,1029.404
1790981436.0849555,69.6470025051603,0.8414579664707391,0.843316935789522,0.8440836064066434,21.25,1029.401
1790981467.437292,69.64904696013929,0.841272480810532,0.840250253321037,0.8444331376040519,21.24,1029.403
1790981498.7847552,69.65276255306267,0.8428747203998486,0.8410169239381582,0.8445947201513908,21.27,1029.405
1790981530.1261742,69.65257635511796,0.8421321733282003,0.8422252723005577,0.8447829583999527,21.25,1029.423
1790981561.460706,69.65373914850692,0.8417835945552795,0.8412021978607996,0.844177474906735,21.25,1029.417
1790981592.8051448,69.65852769865383,0.8427368095204366,0.8403425344469824,0.8446213199337067,21.27,1029.419
1790981624.143625,69.65783038713973,0.8416208479335666,0.8419695036906181,0.8439218122094183,21.28,1029.425
1790981655.4911501,69.65917837720416,0.842643498722834,0.8419695036906181,0.8445271897900131,21.28,1029.419
1790981686.8207698,69.66550111536021,0.8429925781303761,0.8398312090523488,0.8444331376040519,21.25,1029.423
1790981718.098269,69.66601244075486,0.842643498722834,0.8423878360255171,0.844177474906735,21.24,1029.419
1790981749.4336264,69.66382699640127,0.8409464292508602,0.8420391514276532,0.844177474906735,21.28,1029.414
1790981780.7681491,69.66484922389077,0.8425502651724008,0.8420391514276532,0.8442452667182629,21.25,1029.418
1790981812.1275086,69.66299017776322,0.8413651852362498,0.842294708300027,0.8445271897900131,21.25,1029.426
1790981843.469987,69.66178190647263,0.8415280376829057,0.8421321733282003,0.844177474906735,21.25,1029.426
1790981874.8065696,69.6629911788571,0.8427368095204366,0.8421321733282003,0.8447829583999527,21.25,1029.417
1790981906.1421046,69.66368928035779,0.8425743230509007,0.8422252723005577,0.8443654453233559,21.25,1029.403
1790981937.4914746,69.66587782983208,0.8418066992198486,0.8407124244827013,0.8444595474334385,21.24,1029.404
1790981968.8220055,69.66420122187833,0.8416667286306575,0.8425050326075326,0.8442976407323639,21.28,1029.391
1790982000.167471,69.66420122187833,0.8408978301544533,0.8408978301544533,0.8443917928028296,21.28,1029.386
1790982031.5089738,69.66285002936529,0.840805088851107,0.8414806851076291,0.8443917928028296,21.27,1029.396
1790982062.8564951,69.65907921335204,0.841131798350862,0.8430172063574843,0.8448098144823156,21.28,1029.384
1790982094.1970162,69.65600744496813,0.8406198369535426,0.842155721145501,0.8447155281320984,21.27,1029.386
1790982125.5405095,69.65326240423401,0.8407832007784456,0.842155721145501,0.8448098144823156,21.23,1029.382
1790982156.8928924,69.65275023048406,0.841736771982605,0.8419928588575809,0.8443654453233559,21.25,1029.367
1790982188.2185469,69.65288871391576,0.8426676825428204,0.8425984408269683,0.8442976407323639,21.27,1029.362
1790982219.5569854,69.65270296012122,0.8412245982326532,0.8413174751299246,0.8443917928028296,21.24,1029.367
1790982250.9114106,69.65270296012122,0.8413174751299246,0.8413174751299246,0.8446479859422383,21.23,1029.372
1790982282.237914,69.65237626915442,0.8411541296465214,0.8413174751299246,0.8445803315514857,21.2,1029.368
1790982313.5733879,69.65391342799087,0.841829861408742,0.8410612819905158,0.8438794065240122,21.24,1029.367
1790982344.9169185,69.65526467881,0.8420860545481508,0.8414104291385894,0.8441355996634208,21.24,1029.369
1790982376.2664263,69.65801458769091,0.8425290840869758,0.8411541296465214,0.8442297235513381,21.24,1029.381
1790982407.6269417,69.6583409113608,0.8419230281227256,0.8417598662877845,0.8448367374845493,21.23,1029.389
1790982438.9524138,69.6603921588253,0.8417598662877845,0.8407342425555298,0.8445803315514857,21.21,1029.387
1790982470.2878878,69.66001883350299,0.8418530813370576,0.8420397439982119,0.8450258028410361,21.23,1029.389
1790982501.6363454,69.6588533160225,0.8415965688745517,0.8421793276147935,0.8442559455995218,21.24,1029.38
1790982532.9878466,69.6602057476401,0.8420162722208483,0.8413400564120458,0.8440675196853582,21.21,1029.383
1790982564.3313751,69.66001953060045,0.8415034603547209,0.8415965688745517,0.8447691837605313,21.25,1029.379
1790982595.6817343,69.66398298454746,0.8433921561120928,0.8414104291385894,0.8442559455995218,21.23,1029.383
1790982627.008303,69.66622066211052,0.8418530813370576,0.8407342425555298,0.8444182059621163,21.23,1029.368
1790982658.3588078,69.66468158733548,0.8413400564120458,0.8421095937995634,0.8442297235513381,21.25,1029.37
1790982689.6834652,69.66225530901447,0.8413400564120458,0.8425531955725537,0.8440935502955792,21.23,1029.372
1790982721.025841,69.661415689263,0.8413400564120458,0.8417598662877845,0.8442297235513381,21.2,1029.382
1790982752.377202,69.66020231768535,0.8410128408495282,0.8416195266383514,0.843999326519017,21.24,1029.378
1790982783.7138946,69.66052935921893,0.8418763592209664,0.8417128384541765,0.8442822331236531,21.24,1029.363
1790982815.066394,69.66225719211494,0.8419697779211243,0.8411058614731216,0.8441196459307919,21.23,1029.366
1790982846.3987284,69.660388941317,0.8414558989872291,0.8423900243861961,0.8443766923710722,21.21,1029.36
1790982877.7372055,69.66057482791014,0.8410128408495282,0.8409198975529596,0.8444446850471157,21.2,1029.358
1790982909.0808623,69.65936139792832,0.8416897547944739,0.8422964697853829,0.84435027608275,21.18,1029.356
1790982940.426219,69.65525207660649,0.8411058614731216,0.8431605221340409,0.8441878524645007,21.2,1029.357
1790982971.758739,69.65763533408777,0.842226717388072,0.8410350886474304,0.8443766923710722,21.2,1029.361
1790983003.1034377,69.65814942696834,0.8412921350877105,0.8410350886474304,0.8437683541897579,21.2,1029.353
1790983034.4357831,69.66071775279448,0.8418763592209664,0.8405921963078916,0.8447015176297304,21.23,1029.347
1790983065.7633247,69.65880407274915,0.8418530813370576,0.8428099213597245,0.8447691837605313,21.21,1029.347
1790983097.1097767,69.6586174491175,0.8416195266383514,0.8417128384541765,0.8441878524645007,21.2,1029.343
1790983128.4461167,69.65960003285511,0.8416195266383514,0.8411282347695497,0.8441196459307919,21.21,1029.344
1790983159.7976604,69.662172639399,0.8417359798253838,0.8404496765534372,0.8450803683324452,21.21,1029.351
1790983191.1450274,69.66713829697413,0.842789509708143,0.8403066809205827,0.8444031747303409,21.21,1029.358
1790983222.4885173,69.66713829697413,0.8415951316981338,0.8415951316981338,0.8440774229373301,21.23,1029.36
1790983253.835969,69.67163188543577,0.8415951316981338,0.8393483374673146,0.8444297234087462,21.23,1029.368
1790983285.1675093,69.67027302996041,0.8410797513871133,0.8417591791247934,0.844172033253236,21.25,1029.366
1790983316.4980006,69.67116186823866,0.8417591791247934,0.8413147599856726,0.844172033253236,21.27,1029.372
1790983347.8373723,69.6687752211869,0.8405426562995056,0.8417359798253838,0.8440513257148877,21.27,1029.382
1790983379.1789184,69.67017614668637,0.8412214585166051,0.8405209957668701,0.8443085863692771,21.27,1029.385
1790983410.5133843,69.67171842532805,0.8420632744085509,0.8412921350877105,0.8439569232995089,21.27,1029.391
1790983441.8519046,69.67153213308382,0.8410350886474304,0.8411282347695497,0.8440252936567056,21.25,1029.394
1790983473.204587,69.66891055200952,0.8414787191709945,0.842789509708143,0.8441458068349518,21.24,1029.389
1790983504.536112,69.66498034103142,0.8405426562995056,0.8425077617885518,0.8443085863692771,21.23,1029.388
1790983535.8304346,69.66512021339676,0.8422505011341624,0.842180564951493,0.8444031747303409,21.21,1029.388
1790983567.1838355,69.66165511915925,0.8415721278810616,0.8433046749998179,0.8442403667581682,21.24,1029.397
1790983598.5374327,69.66076489428124,0.8419230897256585,0.8423682021646646,0.8444297234087462,21.2,1029.406
1790983629.8829103,69.66109332208799,0.8416887450292488,0.8415245311258748,0.8448501708748424,21.21,1029.413
1790983661.2274053,69.65902921629862,0.8413601799716649,0.8423922328663509,0.8448773019019651,21.2,1029.417
1790983692.5769472,69.6576204356629,0.8417119335807721,0.8424163238986312,0.844551265605406,21.2,1029.423
1790983723.9223769,69.66006095479763,0.8425804395390257,0.8413601799716649,0.8448093866985545,21.2,1029.423
1790983755.24785,69.66208007825895,0.8424862968602177,0.8414767351295549,0.8439663465161258,21.21,1029.42
1790983786.579416,69.66142216207135,0.8413829754869682,0.8417119335807721,0.8440350234191089,21.24,1029.417
1790983817.9046814,69.66057770799728,0.8410087202372455,0.8414309472742837,0.8445245203338652,21.24,1029.411
1790983849.2503512,69.66071838072769,0.841946542784214,0.841876206419008,0.8446193964576505,21.21,1029.403
1790983880.5799148,69.659358056642,0.8413601799716649,0.8420403420145041,0.8443614910133359,21.21,1029.401
1790983911.9273229,69.65940404104543,0.8415475233275903,0.8415245311258748,0.8441983254320513,21.2,1029.401
1790983943.257727,69.65921612879666,0.8421342196426793,0.8422281757670692,0.844551265605406,21.2,1029.392
1790983974.6023736,69.65780895753174,0.8411021667479934,0.8418057523804492,0.8445780780507469,21.18,1029.382
1790984005.9356334,69.66072055984169,0.8425804395390257,0.8411246383840524,0.8440350234191089,21.2,1029.373
1790984037.2762609,69.6634439943852,0.8430968976447435,0.8417351803729876,0.8443880429090378,21.18,1029.366
1790984068.6207705,69.66175206044677,0.8413120198265032,0.8421579867957155,0.844509769859397,21.15,1029.366
1790984099.97119,69.66161067990096,0.8416644901000826,0.8417351803729876,0.8447684316556984,21.17,1029.357
1790984131.313601,69.66264532708617,0.8416644901000826,0.8411471665074799,0.8445780780507469,21.14,1029.35
1790984162.6411517,69.660061956057,0.8408663012811366,0.8421579867957155,0.8444830207219574,21.15,1029.34
1790984193.9907067,69.66368018946507,0.8432858518335836,0.8414767351295549,0.8443196328073143,21.14,1029.335
1790984225.3371408,69.66020117107414,0.8412182898861221,0.8429577990815891,0.8443196328073143,21.17,1029.344
1790984256.6805456,69.6634900332805,0.843027406590151,0.8413829754869682,0.844414661520782,21.15,1029.344
1790984288.023236,69.66208030925998,0.8412182898861221,0.8419231518963838,0.8443461877143974,21.17,1029.342
1790984319.3685925,69.66278611638135,0.8426991372852878,0.842346233724596,0.8446732149953052,21.14,1029.339
1790984350.7140074,69.66208080173774,0.8414058283037812,0.8417584856255883,0.844509769859397,21.15,1029.341
1790984382.0597131,69.66245643010907,0.8418291267755496,0.8416413125898838,0.8440611875638816,21.15,1029.336
1790984413.4031057,69.66433576450792,0.8412892942747313,0.8403496270753051,0.8442246836190416,21.21,1029.327
1790984444.737504,69.66311290944655,0.8414058283037812,0.8420172558344692,0.8437337844704931,21.23,1029.318
1790984476.076205,69.66297018493097,0.8410045615816575,0.841075923839446,0.8441137134925222,21.23,1029.311
1790984507.4225178,69.66122639275747,0.8410984378972166,0.8419703339839669,0.8447273046702434,21.21,1029.301
1790984538.770111,69.65811201296947,0.8411210087393122,0.8426781986333102,0.8451777661650621,21.2,1029.297
1790984570.127547,69.65985440141029,0.8420409455519458,0.841169751331534,0.8442088951312395,21.2,1029.312
1790984601.4850667,69.6612205127663,0.8419467132522395,0.8412636575742296,0.8446319054776664,21.2,1029.32
1790984632.8455267,69.66004280652047,0.8416168474362206,0.8422057005591412,0.8443728094850943,21.15,1029.311
1790984664.1859272,69.6607486533075,0.8416877259453377,0.8413348025518222,0.8447002258127138,21.17,1029.314
1790984695.570629,69.66103347227005,0.8413348025518222,0.841192393070548,0.8441824683879612,21.17,1029.316
1790984726.9199417,69.66206942149766,0.8414287386384359,0.8409107640246324,0.8443728094850943,21.18,1029.314
1790984758.2646224,69.66051680024438,0.8412409452078263,0.8420172558344692,0.8443461877143974,21.23,1029.302
1790984789.6160383,69.66155058121811,0.8419936256164202,0.8414767351295549,0.844414661520782,21.21,1029.297
1790984820.9455001,69.65811643982026,0.8407234047900646,0.8424404754889865,0.844414661520782,21.2,1029.286
1790984852.2749813,69.65811643982026,0.8423944617447262,0.8423944617447262,0.8447273046702434,21.21,1029.281
1790984883.6206555,69.6595311776617,0.8417343735241752,0.8410270046034553,0.8439758568783085,21.25,1029.266
1790984914.9609456,69.66000313799853,0.8418760522057224,0.8416400720373115,0.8444949201763079,21.21,1029.253
1790984946.3154478,69.66038097742866,0.8424889612595795,0.8423000415445178,0.8443041567242237,21.23,1029.251
1790984977.6679432,69.66160701327298,0.8427482748973858,0.8421352569752243,0.8445634703620299,21.18,1029.245
1790985009.0045857,69.65991077889113,0.8417110203461606,0.8425591375370899,0.8442775990143555,21.21,1029.234
1790985040.346898,69.6571295144298,0.8413576426667186,0.8427482748973858,0.8448227839998361,21.2,1029.235
1790985071.692378,69.65877874608726,0.842464687866043,0.8416400720373115,0.8447273046702434,21.23,1029.234
1790985103.036004,69.65863607556503,0.8412150919399362,0.8412864272010557,0.8444949201763079,21.21,1029.236
1790985134.3833551,69.6608545632571,0.842064694993857,0.8409554511478164,0.8447544518253075,21.23,1029.235
1790985165.7258558,69.65844812745001,0.8408614770903124,0.842064694993857,0.84510970382173,21.18,1029.23
1790985197.0704951,69.65920047719477,0.8413092543051182,0.8409330794327418,0.8443307814453712,21.2,1029.226
1790985228.411809,69.66481446705521,0.8440448430864173,0.8412378481562013,0.8443041567242237,21.23,1029.228
1790985259.750245,69.66415422398765,0.8426325305249479,0.8429626520587266,0.8441665046029538,21.21,1029.231
1790985291.1032376,69.66405561957586,0.8408837772268485,0.8409330794327418,0.8446589209698613,21.24,1029.225
1790985322.3882325,69.66386691766265,0.8415690043321942,0.8416633552888028,0.8442353885273082,21.27,1029.22
1790985353.7326794,69.66334719895468,0.8414034959348181,0.8416633552888028,0.8441665046029538,21.25,1029.219
1790985385.0781736,69.66042054899546,0.840695810355697,0.8421591353353108,0.8445904222374908,21.23,1029.216
1790985416.4135761,69.66316229405658,0.8424429333507569,0.8410720608202019,0.8447816675366197,21.21,1029.2
1790985447.744033,69.66283103766287,0.8417812571038821,0.841946885300733,0.8443842329385818,21.25,1029.202
1790985479.0896068,69.66401221287417,0.8427976607939738,0.8422070731883211,0.8441930002296939,21.28,1029.195
1790985510.4169688,69.66335065622577,0.8418522956725749,0.8421830739967723,0.8447131567979426,21.28,1029.198
1790985541.7604835,69.6649131004571,0.8413550818176918,0.8405738597020307,0.8444110602224029,21.28,1029.196
1790985573.0991,69.66496135850264,0.8423018522708219,0.8422777232480497,0.8445487641766136,21.31,1029.195
1790985604.4516404,69.66287897783488,0.8410003643534721,0.842041554687352,0.8443842329385818,21.3,1029.189
1790985635.7929168,69.65904973800554,0.8407179106102772,0.8426325305249479,0.8445487641766136,21.24,1029.182
1790985667.1433892,69.65658820043282,0.8410003643534721,0.842231133139828,0.8442195629084491,21.24,1029.173
1790985698.4730206,69.65800910615421,0.842917526049014,0.8422070731883211,0.8444799702803362,21.24,1029.172
1790985729.8054247,69.66184320996847,0.8426571186771269,0.8407400667700021,0.8444799702803362,21.23,1029.163
1790985761.1469243,69.66543842051948,0.8431526870931966,0.8413550818176918,0.8445487641766136,21.25,1029.158
1790985792.4813416,69.66368653763735,0.8410946744458048,0.8419706158868717,0.844315271163479,21.28,1029.152
1790985823.8319254,69.66368653763735,0.8417100986339153,0.8417100986339153,0.8440547539105226,21.23,1029.139
1790985855.1833348,69.66240788801457,0.8413550818176918,0.8419944066290765,0.8444110602224029,21.21,1029.129
1790985886.5298247,69.65857082793676,0.8404075123691334,0.8423260424080402,0.844767667481116,21.21,1029.128
1790985917.8663576,69.65752831902958,0.8418047879544495,0.8423260424080402,0.844767667481116,21.18,1029.124
1790985949.200903,69.6623665928088,0.8426817691329443,0.8402626322433364,0.8445069301875945,21.23,1029.109
1790985980.5452402,69.66269836864244,0.8421602945459015,0.8419944066290765,0.8446028811616011,21.24,1029.111
1790986011.8898127,69.66355205970206,0.84189955725238,0.8414727117225715,0.8445069301875945,21.25,1029.102
1790986043.2402751,69.66393193849412,0.8421843460251041,0.8419944066290765,0.8446989132471431,21.27,1029.102
1790986074.5838454,69.66668355273478,0.8427769489888338,0.8414011418685009,0.8440811862550961,21.27,1029.104
1790986105.916351,69.66706323053695,0.8422552540823289,0.8420654151812449,0.8451929419027889,21.27,1029.096
1790986137.263824,69.6672059290472,0.841733559175824,0.841662209920702,0.8440118223905112,21.3,1029.091
1790986168.604313,69.66493093237007,0.8412835335008588,0.8424210318394229,0.8436550824227179,21.27,1029.089
1790986199.9427612,69.66350874566072,0.8415441607276541,0.8422552540823289,0.8443420337083486,21.24,1029.088
1790986231.2942772,69.6636993678644,0.8428017932313429,0.8427064821295062,0.8445339584949134,21.23,1029.084
1790986262.638808,69.6602334911849,0.8409735437897574,0.8427064821295062,0.844299655811815,21.23,1029.089
1790986293.9902194,69.65710067455848,0.841662209920702,0.8432286182339082,0.8448912211645835,21.21,1029.081
1790986325.3156707,69.6552004827137,0.8410681618339895,0.8420182577563776,0.8448224551140456,21.21,1029.078
1790986356.6581447,69.65814516745922,0.8428017932313429,0.8413294508585764,0.8437768565095843,21.23,1029.073
1790986388.012832,69.65610289925176,0.8417806591276102,0.8428017932313429,0.8445610554629303,21.23,1029.073
1790986419.3501372,69.65472427955848,0.841519148756251,0.8422084586028925,0.8449187835839204,21.23,1029.074
1790986450.7015228,69.65543899476415,0.8422568679878601,0.8418995103850211,0.8449187835839204,21.21,1029.073
1790986482.0411217,69.65805409847775,0.8425651902416877,0.8412576383848918,0.8447535725060422,21.25,1029.076
1790986513.3896763,69.65867490352733,0.8417091683254381,0.8413987658006487,0.8443264892601388,21.21,1029.077
1790986544.7371306,69.65729382335343,0.8413756020012709,0.8420661420882173,0.8443264892601388,21.21,1029.079
1790986576.0646973,69.65724640223647,0.8418520289077502,0.8418757394662281,0.8447535725060422,21.21,1029.077
1790986607.400965,69.65720167061914,0.8407569266103373,0.8407792924190006,0.8442570981118972,21.23,1029.083
1790986638.7496505,69.65805833765862,0.8422326325123782,0.8418042989926412,0.8443533910477596,21.24,1029.085
1790986670.099255,69.66158081622923,0.8433753575660972,0.8416141182807904,0.8447810064956475,21.28,1029.09
1790986701.4466062,69.66453017036518,0.8431838453934163,0.8417091683254381,0.8445190523037723,21.25,1029.092
1790986732.7880402,69.66852734013928,0.8421373606516658,0.8401387757646176,0.8442303301351669,21.27,1029.087
1790986764.1245995,69.67162405852496,0.8425898282793692,0.8410414690865337,0.8446154564302469,21.25,1029.077
1790986795.4680684,69.66866515856664,0.8408017152856745,0.8422811652648322,0.8442839343191048,21.24,1029.079
1790986826.8105764,69.66641908096886,0.8408241954289808,0.8419472342278669,0.8441179619146735,21.23,1029.079
1790986858.152033,69.66503327716445,0.8413498881643023,0.8420427900665101,0.8438819316608742,21.21,1029.077
1790986889.502419,69.66436496862441,0.8416846114734079,0.8420187657434263,0.8441179619146735,21.24,1029.073
1790986920.8470025,69.66322073217219,0.8414706718403978,0.8420427900665101,0.844766890943892,21.21,1029.07
1790986952.181402,69.66484598243558,0.8423299461712423,0.8415173210395489,0.8444345090671078,21.23,1029.069
1790986983.5370033,69.66207453718725,0.8414452709827869,0.8428309936069518,0.8442411982085706,21.23,1029.074
1790987014.8675003,69.66221794537634,0.8418517596475721,0.8417800555530294,0.8444768705523166,21.25,1029.066
1790987046.2128654,69.66383905118265,0.8415173210395489,0.8407067681363967,0.8444074006878353,21.28,1029.065
1790987077.5516179,69.66588965279995,0.8422568679878601,0.8412315671792086,0.8444497657644634,21.28,1029.065
1790987108.8488693,69.66274219623436,0.8406119016592516,0.8421856299420458,0.844546222366237,21.3,1029.066
1790987140.1974697,69.66426773512268,0.842614529091732,0.8418517596475721,0.8446154564302469,21.28,1029.066
1790987171.544828,69.66053993705444,0.8407291174991072,0.8425930165332255,0.8448637291053601,21.24,1029.073
1790987202.894325,69.66240705216741,0.8418755808996239,0.8409420233431345,0.8445040445762313,21.23,1029.068
1790987234.233922,69.6629340911632,0.8424504454129436,0.8421869259150495,0.8452519080499358,21.25,1029.063
1790987265.5824974,69.66274244934165,0.8419952022967403,0.8420910232075097,0.8445586013960961,21.21,1029.053
1790987296.9287858,69.66010612912565,0.8404374863729428,0.8417556464809425,0.8442251896298499,21.21,1029.04
1790987328.2742867,69.66187982924679,0.8421152324983068,0.8412283824377427,0.8444889342712928,21.24,1029.032
1790987359.611787,69.66202436341538,0.8415877432154211,0.841515476131119,0.8444191480014835,21.27,1029.022
1790987390.9491494,69.66240707036312,0.841178889264922,0.8409875357910527,0.8439880854731058,21.28,1029.02
1790987422.2797222,69.65886408626568,0.8404154338663316,0.8421869259150495,0.8446281496807548,21.27,1029.023
1790987453.6252565,69.65886408626568,0.8412283824377427,0.8412283824377427,0.844295081898202,21.25,1029.021
1790987484.9525301,69.66135769555953,0.8431702110640784,0.8419234064171554,0.8447803347101887,21.24,1029.023
1790987516.297089,69.66087913544214,0.8417319075583389,0.8419711876170289,0.8444345090671078,21.23,1029.012
1790987547.62474,69.65829843612256,0.8418994630781375,0.8431898127379276,0.844766890943892,21.23,1029.001
1790987578.9661767,69.66021241770432,0.8429521930876146,0.8419952022967403,0.844697579429091,21.25,1028.994
1790987610.321488,69.65844055812516,0.8417319075583389,0.842617837347914,0.8441982797691271,21.24,1028.985
1790987641.6681316,69.65800663979707,0.8422829105241424,0.8424998696881891,0.8444889342712928,21.23,1028.977
1790987673.0246527,69.65925262539562,0.8415877432154211,0.8409647504161426,0.844391966696942,21.18,1028.969
1790987704.3729162,69.6597344352928,0.8409420233431345,0.8407011183945426,0.8447250939095314,21.15,1028.964
1790987735.7144282,69.66045338208785,0.8418514878568639,0.8414920144593425,0.8445859847273814,21.17,1028.953
1790987767.0591023,69.6581530318391,0.8413963674213673,0.8425465425457423,0.844295081898202,21.18,1028.947
1790987798.4065354,69.66059885709564,0.8429064664226354,0.841683553794374,0.8446134383654166,21.15,1028.937
1790987829.750852,69.65867734005715,0.8418033072536002,0.8427640657728426,0.8446409625813185,21.18,1028.932
1790987861.095505,69.65949426805079,0.8424282600981087,0.8420197961012872,0.84447372033368,21.2,1028.928
1790987892.4208674,69.66064608668856,0.841995605755708,0.8414196964368279,0.8448358597807648,21.18,1028.925
1790987923.7613719,69.66573003465614,0.8434339557055213,0.8408919817217356,0.8445859847273814,21.18,1028.926
1790987955.0989716,69.66496387689656,0.8413963674213673,0.8417794463011521,0.8445859847273814,21.2,1028.918
1790987986.4403257,69.66390709255795,0.8422356736035358,0.8427640657728426,0.8446831181715168,21.21,1028.917
1790988017.7857013,69.66376241316736,0.8415389980665654,0.8416113377618573,0.844516251631161,21.18,1028.913
1790988049.1352665,69.66251149786159,0.841731070073147,0.8423565277260368,0.84447372033368,21.21,1028.91
1790988080.4657536,69.66039430525394,0.8415625804981706,0.8426211768019921,0.8451006223473685,21.23,1028.905
1790988111.7621982,69.6630385291169,0.8432215272569958,0.8418994153255173,0.8446409625813185,21.2,1028.9
1790988143.1076996,69.66217373491112,0.842163837711813,0.8425962348147042,0.8447107083109817,21.18,1028.889
1790988174.4462354,69.660393975027,0.8412019987080249,0.8420918786500813,0.8447107083109817,21.18,1028.876
1790988205.7907064,69.6602516783028,0.8416113377618573,0.8416824861239632,0.8449750174980165,21.18,1028.869
1790988237.1421268,69.65957685258124,0.8412251676373934,0.8415625804981706,0.84486372960387,21.17,1028.866
1790988268.4886642,69.66063635719976,0.8422846722559185,0.841754919946656,0.8443063346475572,21.14,1028.866
1790988299.8312242,69.66227155910134,0.8429571048707002,0.8421395039199124,0.8450724839610659,21.13,1028.861
1790988331.1807265,69.66116740248393,0.8420192785025425,0.8425713568112515,0.8447526789127358,21.13,1028.849
1790988362.5142932,69.6619824406828,0.8425713568112515,0.842163837711813,0.8443492422807631,21.14,1028.847
1790988393.8645217,69.66716511977802,0.8432924579421494,0.8407011183945426,0.8450444177892162,21.11,1028.837
1790988425.2131019,69.66533996394607,0.8418514878568639,0.8427640657728426,0.8446134383654166,21.18,1028.833
1790988456.5596404,69.6625947968007,0.8407912541391301,0.842163837711813,0.8450030184855908,21.2,1028.83
1790988487.9099345,69.66586653890319,0.8429571048707002,0.8413212338194569,0.8453369063473617,21.17,1028.832
1790988519.2414887,69.66909956257945,0.8432989979620913,0.8416824861239632,0.8450874552168329,21.14,1028.831
1790988550.576077,69.6686623112546,0.8424059222349375,0.842624547897366,0.8444858678452756,21.15,1028.831
1790988581.9064407,69.66493646205096,0.8409557902646076,0.8428187148664251,0.8451157463179026,21.18,1028.837
1790988613.2498813,69.66160529189048,0.8404750056716569,0.8421405907518935,0.8439979111332012,21.2,1028.839
1790988644.6015596,69.66126752651769,0.8421650411288311,0.8423339238152261,0.8449196852113238,21.17,1028.841
1790988675.9270203,69.65731473255056,0.8405262642989669,0.8425026612825341,0.8446962238381788,21.17,1028.843
1790988707.277508,69.65784493979722,0.8419475897472887,0.8416824861239632,0.8447939055823331,21.18,1028.841
1790988738.6091232,69.65615797506307,0.84124839628301,0.8420918786500813,0.8447939055823331,21.18,1028.84
1790988769.938435,69.65587219712137,0.8426211768019921,0.8427640657728426,0.8448080615747702,21.2,1028.837
1790988801.284955,69.65976147358376,0.8419714775188823,0.8400268392876915,0.8445859847273814,21.17,1028.842
1790988832.6214068,69.65730775539974,0.8410332823462597,0.8422601414382691,0.844571097214161,21.2,1028.829
1790988863.9598398,69.65947762909047,0.8422372157226816,0.841152278877312,0.8445285740992892,21.2,1028.825
1790988895.3132997,69.65913940662486,0.8416336931128308,0.8418028043456348,0.844360780201501,21.21,1028.821
1790988926.593947,69.65643295255177,0.8411023450968305,0.8424555721333777,0.8445561072008325,21.2,1028.816
1790988957.9423394,69.65406023794374,0.8412219223505816,0.8424082796545982,0.8449759306313265,21.18,1028.808
1790988989.2908726,69.65638262792055,0.8428187148664251,0.8416575198780203,0.8440786637804801,21.21,1028.805
1790989020.6344519,69.65938029535805,0.8431563535967687,0.8416575198780203,0.8448497288994501,21.2,1028.807
1790989051.976733,69.66233663441925,0.8416575198780203,0.840179350347422,0.8448497288994501,21.2,1028.801
1790989083.3193734,69.65982074401228,0.8411254850411154,0.8423834302445962,0.8448497288994501,21.18,1028.804
1790989114.6688282,69.65836574562765,0.8420446871244959,0.842772186316808,0.8449058415937374,21.21,1028.799
1790989146.017213,69.65874701226964,0.841462318197044,0.8412716848760436,0.8444858678452756,21.21,1028.798
1790989177.3437338,69.65715639052969,0.8414173825006376,0.8422126933706143,0.8449334338022313,21.24,1028.795
1790989208.6692936,69.65932241856962,0.8425495484105499,0.8414665343905859,0.8449334338022313,21.2,1028.79
1790989240.0047784,69.66211398274146,0.8428858258779476,0.8414900437920247,0.84447372033368,21.18,1028.781
1790989271.3482137,69.664136225885,0.8431761627006003,0.8421650411288311,0.8449895211631818,21.2,1028.777
1790989302.6925588,69.66089677935895,0.8409328595174279,0.8425525827804513,0.8450176735446784,21.23,1028.776
1790989334.0312045,69.65576436065254,0.8406159614485713,0.8431821708017766,0.8446113872161584,21.2,1028.773
1790989365.3885648,69.65799269997792,0.8431105938542525,0.8419964241915591,0.8449759306313265,21.18,1028.769
1790989396.7310584,69.65518594767643,0.8410521959826288,0.8424555721333777,0.8450176735446784,21.14,1028.77
1790989428.0525296,69.66035472673106,0.8433249549337655,0.8407405654064526,0.8447239614283863,21.13,1028.774
1790989459.4021657,69.65721188331503,0.8411754334832721,0.8427468551912844,0.8450592370653771,21.14,1028.778
1790989490.746515,69.65721188331503,0.8417302246562071,0.8417302246562071,0.8450176735446784,21.15,1028.774
1790989522.0911255,69.65614781364121,0.8419235372964728,0.8424555721333777,0.8451441106518366,21.2,1028.777
1790989553.4314394,69.65759547362329,0.8425026612825341,0.8417788312914974,0.8447239614283863,21.18,1028.776
1790989584.782956,69.65788041504992,0.8431504749539029,0.843008004240591,0.8450310915817436,21.17,1028.779
1790989616.1324415,69.66438640484294,0.8425495484105499,0.8392965535140332,0.8445986259805444,21.18,1028.781
1790989647.4768813,69.66134891088105,0.8408871752539865,0.8424059222349375,0.844431006333935,21.2,1028.788
1790989678.8264022,69.65917468011166,0.8406670711378349,0.8417541865225295,0.8446816394682426,21.17,1028.787
1790989710.1740193,69.6614957570807,0.8424555721333777,0.8412950336488589,0.8452139036401904,21.15,1028.785
1790989741.523398,69.66071899502698,0.8418750961619543,0.8422634771888166,0.8448777489339976,21.18,1028.78
1790989772.8658462,69.66159207184973,0.8429670685974471,0.8425305301860742,0.8444705183806545,21.2,1028.784
1790989804.2173321,69.66100685285843,0.8427001310624923,0.8429927405581351,0.8443999011668771,21.23,1028.785
1790989835.5649087,69.66299891728298,0.8431622882048552,0.8421662559925829,0.8451310143323588,21.25,1028.781
1790989866.8883233,69.65931366307747,0.8402755456840229,0.8421181727867744,0.8447652995617873,21.24,1028.777
1790989898.220826,69.65552588704037,0.8408315683178091,0.8427254563363572,0.8452296459054093,21.23,1028.771
1790989929.5634618,69.66052682153426,0.8441328481696195,0.8416323809226733,0.8452010601586498,21.24,1028.775
1790989960.895846,69.66227490578677,0.8431622882048552,0.8422882460786005,0.8451310143323588,21.23,1028.769
1790989992.2362106,69.66120437854559,0.8424832156681944,0.8430184792887858,0.8453283629513877,21.24,1028.77
1790990023.593882,69.66251344390783,0.8423359410010485,0.8416814083199278,0.8446113872161584,21.18,1028.766
1790990054.93437,69.6582589983126,0.8404973250997548,0.842624547897366,0.8450874552168329,21.2,1028.761
1790990086.2747808,69.65975651531959,0.8425275897949862,0.8417788312914974,0.8441928419587951,21.23,1028.759
1790990117.627349,69.65724391541792,0.8411023450968305,0.8423586450476646,0.8448497288994501,21.21,1028.758
1790990148.9836361,69.65472848387884,0.8408594676226628,0.8421171833922028,0.8446816394682426,21.2,1028.764
1790990180.331256,69.65521257383551,0.842311163806935,0.8420691188285978,0.8450741971178175,21.17,1028.756
1790990211.6697705,69.65676202156017,0.8435723070456566,0.8427975831833318,0.8449340071613922,21.17,1028.755
1790990243.0202763,69.65719938649752,0.8420936139669003,0.8418749314982247,0.8443999011668771,21.17,1028.756
1790990274.352627,69.65744514160019,0.8426785236141874,0.8425556460628557,0.8449201471784429,21.18,1028.75
1790990305.6971858,69.656375078212,0.8415831410926722,0.8421181727867744,0.845427165581447,21.2,1028.743
1790990337.042671,69.65963021856561,0.8421181727867744,0.8404906026099681,0.8446948459368987,21.2,1028.741
1790990368.380057,69.65841565146644,0.8421181727867744,0.8427254563363572,0.8447933312572855,21.2,1028.742
1790990399.7254689,69.65496657107775,0.8410985058527638,0.8428230460471111,0.8446669541641347,21.21,1028.745
1790990431.0730398,69.6575287597336,0.8431563535967687,0.8418752592688495,0.8446538968317308,21.17,1028.733
1790990462.4575746,69.66385014049379,0.84337013631696,0.8402094459368613,0.8448916713212058,21.18,1028.741
1790990493.8020232,69.6613367500988,0.8409328595174279,0.8421895547149254,0.8449196852113238,21.17,1028.73
1790990525.1464655,69.66008053349367,0.8416336931128308,0.8422618014153933,0.8450176735446784,21.2,1028.729
1790990556.4759564,69.66046472338279,0.8424555721333777,0.8422634771888166,0.8454800357261644,21.2,1028.719
1790990587.8225713,69.65861911800103,0.8413654433877186,0.8422882460786005,0.8451310143323588,21.21,1028.711
1790990619.1619735,69.65910542891518,0.8425083244421699,0.8422651689850928,0.8449484660503193,21.21,1028.711
1790990650.4934657,69.66096129980126,0.8431682795811756,0.8422403441381395,0.8452870408315495,21.18,1028.706
1790990681.826977,69.65745527035631,0.8416310561915031,0.8433840709139749,0.8452870408315495,21.18,1028.701
1790990713.1043217,69.65570449278721,0.842045331543376,0.8429207203279278,0.8455958787984388,21.13,1028.689
1790990744.446987,69.65482783820956,0.842337977457377,0.8427763047462001,0.8452167957568419,21.14,1028.685
1790990775.7773626,69.65960393040315,0.8438482259623215,0.8414601798655249,0.8450892999620758,21.14,1028.683
1790990807.104946,69.65985053997105,0.8428018283981382,0.8426785236141874,0.8450189441611702,21.18,1028.67
1790990838.4533615,69.6619459907525,0.8428741707981358,0.8418264454074116,0.8452167957568419,21.15,1028.665
1790990869.7858794,69.65835528202516,0.8414386517687272,0.8432340061324018,0.8454392554129697,21.15,1028.66
1790990901.1303804,69.6587441621748,0.8428441171718134,0.8426496770969897,0.8451725485033535,21.17,1028.664
1790990932.4598644,69.65597972018305,0.8417541865225295,0.8431364075184007,0.8448497288994501,21.17,1028.663
1790990963.781217,69.65665875380203,0.8423359410010485,0.8419964241915591,0.8447373405531052,21.18,1028.662
1790990995.1337998,69.65359744663081,0.8417293711943016,0.843260024779913,0.844962245921154,21.15,1028.661
1790991026.4652603,69.65466751001901,0.8423856886338256,0.8418506569397234,0.8449905581586935,21.17,1028.655
1790991057.8057313,69.65447291980325,0.8418506569397234,0.8419479520476031,0.845526053906933,21.14,1028.665
1790991089.1521857,69.65272357343152,0.8411217510056894,0.8419964241915591,0.8447652995617873,21.14,1028.661
1790991120.4986699,69.65228518969981,0.8419236036710233,0.8421427955368789,0.8457938017810528,21.15,1028.666
1790991151.850274,69.65657101431827,0.8434821157301502,0.8413392034209162,0.8453283629513877,21.15,1028.662
1790991183.1867814,69.6613862995652,0.8439907837161321,0.8415831410926722,0.8452996366807647,21.18,1028.666
1790991214.521091,69.6589069531075,0.8421181727867744,0.8433578460156218,0.8453982985541368,21.14,1028.668
1790991245.8667529,69.66138373346143,0.8413654433877186,0.8401270532107562,0.8452010601586498,21.17,1028.664
1790991277.2090898,69.66352015743949,0.8419964241915591,0.8409282122025289,0.8444274459526433,21.21,1028.658
1790991308.5517836,69.66172518080182,0.8410018301387948,0.841899318457628,0.8451025688770852,21.17,1028.664
1790991339.903208,69.66002351131078,0.8416323809226733,0.8424832156681944,0.8443999011668771,21.18,1028.663
1790991371.2295432,69.66075393504603,0.8421427955368789,0.8417775836692564,0.8441873145363342,21.2,1028.668
1790991402.564328,69.65626981987958,0.8414364032260486,0.8436784608092737,0.8453860401211624,21.2,1028.667
1790991433.9196308,69.65997193895687,0.8434821157301502,0.8416310561915031,0.8451881274824731,21.23,1028.668
1790991465.2450225,69.65714442316394,0.8417285095720476,0.843142267468515,0.8456542532589952,21.21,1028.672
1790991496.595899,69.654266452475,0.8413628430536704,0.8428018283981382,0.8447508474907908,21.18,1028.677
1790991527.9369686,69.6569002908403,0.8426060741277565,0.8412891549451094,0.8448496138454968,21.23,1028.675
1790991559.2865844,69.6561682583914,0.8421674824671688,0.8425334986916155,0.8450474042172416,21.23,1028.672
1790991590.618132,69.65636356798397,0.842094494074852,0.8419968392785702,0.8457534551698872,21.23,1028.676
1790991621.9454134,69.65865560906529,0.8436068175177062,0.8424607969770437,0.8455842969704034,21.18,1028.671
1790991653.2740703,69.66153759143131,0.8430960987156373,0.8416551075326244,0.8452455388862925,21.15,1028.676
1790991684.6165931,69.66051702497099,0.8413890352274673,0.841899318457628,0.8449340071613922,21.18,1028.671
1790991715.9649131,69.66104974840667,0.8422141317556061,0.841947770037767,0.8447796519161374,21.17,1028.673
1790991747.3115728,69.6613887420769,0.8417541865225295,0.8415846896874157,0.8446816394682426,21.15,1028.671
1790991778.6330726,69.6630841280374,0.8428441171718134,0.8419964241915591,0.8444705183806545,21.21,1028.67
1790991809.9715335,69.65967888380405,0.8407805935515189,0.8424832156681944,0.8450608471043366,21.2,1028.67
1790991841.3150554,69.66002021227109,0.8416070674595704,0.8414364032260486,0.8458232341723081,21.18,1028.67
1790991872.6499636,69.66075162764912,0.8436518187880946,0.8432861110990815,0.8456947973917427,21.13,1028.673
1790991903.9899132,69.66391771857968,0.841218646141579,0.8396356006762982,0.845427165581447,21.13,1028.67
1790991935.3304765,69.66406386512061,0.8418506569397234,0.8417775836692564,0.8450608471043366,21.14,1028.663
1790991966.6727858,69.66240453293447,0.8410207085685285,0.8418503746615946,0.8455142189076245,21.15,1028.654
1790991998.026426,69.66352701391851,0.8416792217283635,0.8411179812363447,0.8445383446244938,21.14,1028.659
1790992029.3539336,69.66025419851522,0.8412891549451094,0.8429255626467543,0.8450474042172416,21.14,1028.652
1790992060.693416,69.6642659013715,0.8426094168639099,0.840603565435776,0.8451045476523502,21.17,1028.649
1790992092.0299067,69.66597866574283,0.8431943596430442,0.842337977457377,0.8452167957568419,21.15,1028.634
1790992123.3784025,69.65868449748939,0.8402455618574167,0.8438926459841326,0.84462427015056,21.14,1028.626
1790992154.715892,69.65468686004459,0.8410713393822619,0.8430701581046608,0.8451595337711513,21.17,1028.619
1790992186.0674806,69.65468686004459,0.8433122653542608,0.8433122653542608,0.8453860401211624,21.13,1028.615
1790992217.4097743,69.65161681973817,0.8406324623139576,0.8421674824671688,0.8451178269833296,21.14,1028.605
1790992248.7562263,69.65464533034867,0.8421922338289038,0.8406779785236503,0.8447789578406608,21.17,1028.606
1790992280.1008701,69.6548409365219,0.8425334986916155,0.8424356956050016,0.8448496138454968,21.15,1028.599
1790992311.4523017,69.65264413893354,0.8420698807869978,0.8431682795811756,0.8455842969704034,21.17,1028.593
1790992342.7878115,69.64874224526426,0.8415576013216902,0.8435085481563328,0.8453860401211624,21.18,1028.597
1790992374.1313367,69.652796992313,0.8439021387796332,0.8418747652552635,0.8452743571643868,21.15,1028.594
1790992405.4817102,69.6547543812045,0.8429513593876257,0.8419726649418795,0.8450053259123509,21.17,1028.586
1790992436.833239,69.65372688773495,0.8418012666572157,0.8423150133919916,0.8453736961854408,21.15,1028.586
1790992468.1556578,69.6509859181431,0.8421191716578845,0.8434896564538068,0.8460116536885456,21.17,1028.58
1790992499.5041718,69.65123058290173,0.8421191716578845,0.8419968392785702,0.8450474042172416,21.18,1028.577
1790992530.7836413,69.65093795063005,0.8418260476982711,0.8419723638341092,0.8453158505938225,21.15,1028.584
1790992562.1251376,69.65079165586684,0.8418017841166185,0.8418749314982247,0.8451595337711513,21.17,1028.581
1790992593.4745882,69.65483362623345,0.8430184792887858,0.8409974941054806,0.8445535718847673,21.18,1028.578
1790992624.8142145,69.65649506213784,0.8426567656504643,0.8418260476982711,0.8452455388862925,21.2,1028.576
1790992656.166577,69.65522364941171,0.8421191716578845,0.8427548780209511,0.844906190606126,21.2,1028.567
1790992687.4920485,69.65825656611703,0.8416792217283635,0.840162763375704,0.8452743571643868,21.18,1028.563
1790992718.8266308,69.6580064251258,0.8433189945241015,0.8434440650197134,0.8451332316162825,21.18,1028.558
1790992750.1719975,69.65736959100012,0.8416297187386692,0.8419481358015104,0.844198232156243,21.18,1028.561
1790992781.5134785,69.65961941934594,0.8421922338289038,0.8410673196559918,0.8450053259123509,21.17,1028.56
1790992812.8580003,69.65893284513045,0.8408956012761019,0.8412388883838477,0.8449345900227679,21.17,1028.565
1790992844.205507,69.65888461673897,0.8416551075326244,0.8416792217283635,0.8444394988222969,21.2,1028.567
1790992875.5419524,69.65756295229052,0.8420213786303099,0.8426822108545352,0.8451751046792729,21.2,1028.562
1790992906.8734117,69.66213814530975,0.842094494074852,0.8398068975652375,0.8450759386170738,21.2,1028.565
1790992938.2132068,69.66048656292594,0.8416323809226733,0.8424581721145792,0.8439637938833212,21.18,1028.566
1790992969.558686,69.65869089411325,0.841802296656147,0.8427001310624923,0.8443999011668771,21.21,1028.566
1790993000.8969963,69.65557557690401,0.841218646141579,0.8427763047462001,0.8443566383402642,21.23,1028.575
1790993032.2426078,69.65215780670447,0.8415576013216902,0.8432664864214631,0.8454149916065813,21.21,1028.579
1790993063.5699878,69.64966812181741,0.8413865443844846,0.8426313868280138,0.8455842969704034,21.18,1028.582
1790993094.9223466,69.65371009218403,0.8430184792887858,0.8409974941054806,0.8447228102845737,21.18,1028.589
1790993126.2540226,69.65351454925135,0.8422651689850928,0.8423629404514328,0.8449484660503193,21.2,1028.592
1790993157.5934439,69.65718887368573,0.8439563338750667,0.8421191716578845,0.8448353991192596,21.2,1028.609
1790993188.9418144,69.65416352677967,0.8412891549451094,0.8428018283981382,0.8446801363437966,21.18,1028.607
1790993220.2834847,69.65806694674983,0.8436068175177062,0.8416551075326244,0.8454851254633645,21.14,1028.619
1790993251.6329265,69.65606571252678,0.8414601798655249,0.8424607969770437,0.8449484660503193,21.13,1028.617
1790993282.9722672,69.65562606459558,0.8416551075326244,0.8418749314982247,0.8445105114640798,21.13,1028.629
1790993314.3237927,69.65567490840115,0.8420208460943451,0.8419964241915591,0.8447652995617873,21.17,1028.63
1790993345.6724398,69.65693922470977,0.8428230460471111,0.8421908878928012,0.8452296459054093,21.17,1028.624
1790993376.999808,69.6547035130939,0.8410249397289454,0.8421427955368789,0.845427165581447,21.2,1028.627
1790993408.3322868,69.6547035130939,0.8425808272916157,0.8425808272916157,0.8443566383402642,21.2,1028.629
1790993439.6868443,69.65450824645544,0.8422403441381395,0.842337977457377,0.8451881274824731,21.17,1028.626
1790993471.0345,69.65358043773375,0.8421674824671688,0.8426313868280138,0.8452167957568419,21.2,1028.625
1790993502.361841,69.65338478808827,0.8421922338289038,0.8422900586516416,0.8447081788436288,21.2,1028.617
1790993533.7114294,69.65534234761832,0.8417769508879196,0.8407981711229012,0.8455433884164227,21.17,1028.611
1790993565.0450416,69.65387244785816,0.8425840446440274,0.8433189945241015,0.8452743571643868,21.18,1028.606
1790993596.3824153,69.65617190829549,0.8422170498746573,0.8410673196559918,0.8455433884164227,21.17,1028.601
1790993627.712869,69.65905791349275,0.8433911384001351,0.8419481358015104,0.8450053259123509,21.21,1028.6
1790993659.0515451,69.65817805780044,0.8430497286076571,0.8434896564538068,0.8456428447185312,21.21,1028.592
1790993690.403941,69.65876404722096,0.8426060741277565,0.8423130794174958,0.8451178269833296,21.18,1028.583
1790993721.7484875,69.65983364715798,0.8417534461100897,0.841218646141579,0.8450608471043366,21.18,1028.585
1790993753.0930178,69.6599790113943,0.8424106595755331,0.842337977457377,0.8450189441611702,21.17,1028.579
1790993784.4404001,69.65900625861505,0.8419968392785702,0.8424832156681944,0.8449484660503193,21.18,1028.574
1790993815.7829766,69.6603691217182,0.8424832156681944,0.8418017841166185,0.8451881274824731,21.18,1028.566
1790993847.129303,69.65905014358529,0.8422403441381395,0.8428998332045946,0.8447508474907908,21.2,1028.557
1790993878.4700754,69.66027134932821,0.8425587386729736,0.8419481358015104,0.8453736961854408,21.24,1028.548
1790993909.8154924,69.66559793408794,0.842094494074852,0.8394312016949852,0.8445383446244938,21.24,1028.545
1790993941.1629186,69.65973426397028,0.8403346513626292,0.8432664864214631,0.8442971020530785,21.25,1028.544
1790993972.513436,69.66115199197561,0.8421191716578845,0.8414103076552166,0.8451751046792729,21.25,1028.538
1790994003.8528817,69.6587100472048,0.8417769508879196,0.8429979232733232,0.844736294660315,21.24,1028.543
1790994035.1884933,69.65744135534287,0.8421674824671688,0.8428018283981382,0.8447789578406608,21.28,1028.536
1790994066.5297618,69.65397325212082,0.8409698571318117,0.8427039087428344,0.8451464284584416,21.27,1028.537
1790994097.8773994,69.65309625929507,0.8410713393822619,0.8415098357951365,0.8456250280393843,21.25,1028.533
1790994129.2208645,69.65401805392355,0.8421662559925829,0.8417053586783434,0.8452010601586498,21.27,1028.532
1790994160.5733845,69.65727306691402,0.8436966253238325,0.8420691188285978,0.8450041627255559,21.28,1028.532
1790994191.925828,69.65688418176084,0.8415831410926722,0.8417775836692564,0.8448214359234215,21.27,1028.531
1790994223.2753832,69.65751606193817,0.8427039087428344,0.8423879686541745,0.8449905581586935,21.25,1028.537
1790994254.6089456,69.65639287910412,0.8413865443844846,0.8419481358015104,0.8456135326096537,21.25,1028.539
1790994285.9333458,69.6576631852446,0.8421191716578845,0.841484018587646,0.8454149916065813,21.2,1028.539
1790994317.2068646,69.65712629249144,0.8426313868280138,0.8428998332045946,0.8454149916065813,21.21,1028.542
1790994348.5584896,69.65619629345572,0.8427293601251834,0.8431943596430442,0.8453447356133637,21.23,1028.543
1790994379.8987696,69.6574692200091,0.8432205079207162,0.8425840446440274,0.8459119932516218,21.17,1028.55
1790994411.2483559,69.65859310469317,0.8422170498746573,0.8416551075326244,0.8451464284584416,21.13,1028.545
1790994442.582938,69.66000860019015,0.8432664864214631,0.8425587386729736,0.8455142189076245,21.08,1028.549
1790994473.9263353,69.66274443441563,0.8438036127177426,0.8424356956050016,0.8448496138454968,21.11,1028.553
1790994505.2617855,69.66313513734936,0.8424356956050016,0.8422403441381395,0.8449484660503193,21.15,1028.551
1790994536.6116457,69.66017401730473,0.8417534461100897,0.8432340061324018,0.8453283629513877,21.13,1028.547
1790994567.9418263,69.65726175377482,0.8416085044156324,0.8430646361805892,0.8449340071613922,21.11,1028.553
1790994599.2832613,69.65920432307435,0.8434294567643438,0.8424581721145792,0.8445964458888028,21.13,1028.54
1790994630.638904,69.6580792581394,0.8430442850502305,0.8436068175177062,0.8450892999620758,21.14,1028.542
1790994661.9662063,69.65627327028734,0.8419968392785702,0.8428998332045946,0.8455142189076245,21.1,1028.531
1790994693.3076117,69.6553950277137,0.8418260476982711,0.8422651689850928,0.8455842969704034,21.14,1028.538
1790994724.6571786,69.65319962895015,0.8415336874462391,0.8426313868280138,0.8446801363437966,21.13,1028.535
1790994756.0031986,69.65153791611979,0.8416551075326244,0.8424859639478042,0.8456135326096537,21.15,1028.538
1790994787.3490844,69.65392695117862,0.8423629404514328,0.8411684229220182,0.8446801363437966,21.17,1028.544
1790994818.6886864,69.65485418698785,0.8425334986916155,0.8420698807869978,0.844581400707664,21.15,1028.547
1790994850.039301,69.6547085303421,0.8423879686541745,0.8424607969770437,0.8454440187524198,21.17,1028.541
1790994881.3715792,69.65529982703723,0.8437588049868974,0.8434631566393341,0.8453736961854408,21.13,1028.539
1790994912.7160819,69.65769210535063,0.8429979232733232,0.8418017841166185,0.844906190606126,21.14,1028.54
1790994944.0706694,69.65515997051956,0.8416803202373073,0.8429463876528417,0.8445535718847673,21.17,1028.54
1790994975.4211166,69.65589039425481,0.8421427955368789,0.8417775836692564,0.8452167957568419,21.15,1028.528
1790995006.763556,69.65287578437743,0.8415831410926722,0.8430904460313665,0.8453283629513877,21.17,1028.53
1790995038.1055799,69.65204716203596,0.8416070674595704,0.8420213786303099,0.845427165581447,21.13,1028.517
1790995069.4526103,69.65351475506425,0.8434631566393341,0.8427293601251834,0.8448778653103017,21.13,1028.512
1790995100.791183,69.6562978108642,0.8436334587583012,0.8422419308583239,0.8450759386170738,21.13,1028.514
1790995132.1446996,69.65600552113763,0.842143913788354,0.8422900586516416,0.8448071416207839,21.14,1028.498
1790995163.487127,69.6548801891102,0.8420213786303099,0.8425840446440274,0.8446093021621619,21.17,1028.497
1790995194.83452,69.65419587530631,0.8416792217283635,0.8420213786303099,0.844566250586169,21.17,1028.489
1790995226.1830258,69.66266351012224,0.8428788002661411,0.8386449828581768,0.8449345900227679,21.21,1028.491
1790995257.5234623,69.66300530351506,0.8429513593876257,0.8427804626912127,0.844566250586169,21.17,1028.484
1790995288.875047,69.66084929559038,0.8413602177480836,0.842438221710426,0.844693445169903,21.18,1028.491
1790995320.2015882,69.65937359753546,0.8422185300068431,0.8429563790343053,0.8456608330944623,21.15,1028.489
1790995351.5522084,69.6572147625563,0.8427333014520477,0.8438127189416356,0.8461715372759984,21.15,1028.489
1790995382.8964717,69.6554119574642,0.8422668770351291,0.8431682795811756,0.8453447356133637,21.13,1028.489
1790995414.2309806,69.65735854781201,0.8436518187880946,0.8426785236141874,0.8452870408315495,21.13,1028.488
1790995445.5807707,69.6552184210356,0.8418506569397234,0.8429207203279278,0.8451595337711513,21.13,1028.493
1790995476.9310398,69.65322408195088,0.8414860461258344,0.8424832156681944,0.8448637301105808,21.18,1028.495
1790995508.2726946,69.65376027529165,0.8420698807869978,0.8418017841166185,0.844581400707664,21.17,1028.488
1790995539.6091344,69.65463798794451,0.8424356956050016,0.8419968392785702,0.8454851254633645,21.13,1028.494
1790995570.9476595,69.65531983549393,0.8432664864214631,0.8429255626467543,0.8456135326096537,21.11,1028.483
1790995602.2800965,69.65424417920134,0.8419481358015104,0.8424859639478042,0.8444672634082789,21.15,1028.487
1790995633.6216843,69.65419159734977,0.8433384878111835,0.8433647787369692,0.8453447356133637,21.11,1028.488
1790995664.9711652,69.65610024916049,0.8425840446440274,0.8416297187386692,0.8454440187524198,21.11,1028.482
1790995696.310712,69.65732206990715,0.8431221071480993,0.8425111967747683,0.844906190606126,21.13,1028.474
1790995727.6570804,69.65559851341104,0.8425364957167707,0.8433982739648261,0.8444238264882613,21.14,1028.48
1790995758.9865904,69.65937482406851,0.8434440650197134,0.8415559096909775,0.8447216400129348,21.18,1028.469
1790995790.3321788,69.66015947616859,0.8421935927072539,0.8418012666572157,0.8451332316162825,21.18,1028.466
1790995821.6777225,69.65752118051316,0.8417769508879196,0.8430960987156373,0.8447081788436288,21.2,1028.461
1790995853.0190597,69.65255041469585,0.8413628430536704,0.8438482259623215,0.8448496138454968,21.17,1028.455
1790995884.3695147,69.65430448552958,0.8427763047462001,0.841899269329336,0.8452870408315495,21.2,1028.455
1790995915.7151642,69.65405884649024,0.842337977457377,0.8424607969770437,0.8447789578406608,21.18,1028.454
1790995947.0646946,69.65567092661824,0.8430960987156373,0.8422900586516416,0.8449768588649605,21.17,1028.441
1790995978.4231858,69.6540595477294,0.8416551075326244,0.8424607969770437,0.8452455388862925,21.21,1028.44
1790996009.7676785,69.65493927698732,0.8427548780209511,0.8423150133919916,0.8451751046792729,21.21,1028.442
1790996041.1220105,69.65420481873302,0.8427548780209511,0.8431221071480993,0.8452743571643868,21.17,1028.447
1790996072.4757123,69.65288317450667,0.8418503746615946,0.8425111967747683,0.8447644840817609,21.2,1028.451
1790996103.8073184,69.65454558918704,0.8427548780209511,0.841923670680764,0.8452455388862925,21.18,1028.45
1790996135.0936565,69.65508412101993,0.8422419308583239,0.8419726649418795,0.8449345900227679,21.21,1028.451
1790996166.4231746,69.65753344104569,0.8424130623214446,0.841188402308563,0.8450338674839923,21.23,1028.456
1790996197.8165307,69.65719015243131,0.8419237383348569,0.842095382642045,0.8450911753736892,21.24,1028.451
1790996229.1660094,69.65753331254614,0.8418992197292549,0.841727639671846,0.8447927473973817,21.23,1028.459
1790996260.5094924,69.65978692262226,0.8431481836683725,0.8420213786303099,0.8449345900227679,21.2,1028.448
1790996291.8501477,69.65910523867225,0.8421674824671688,0.8425083244421699,0.8446521668744125,21.24,1028.452
1790996323.183635,69.65554930921061,0.8411684229220182,0.8429463876528417,0.8446521668744125,21.23,1028.45
1790996354.5340853,69.65691929558879,0.8414601798655249,0.8407751866764349,0.8451881274824731,21.21,1028.442
1790996385.8805363,69.65652651371028,0.8432403350185,0.8434367259577563,0.8449484660503193,21.2,1028.434
1790996417.2289774,69.65955655538592,0.8434631566393341,0.8419481358015104,0.8450759386170738,21.2,1028.425
1790996448.5696034,69.6605842405703,0.8424130623214446,0.8418992197292549,0.8448353991192596,21.2,1028.425
1790996479.8930898,69.65676443249909,0.8410673196559918,0.8429772236915974,0.8449345900227679,21.2,1028.421
1790996511.2386136,69.65440853361127,0.8416538839624601,0.8428318334063704,0.8453322203484491,21.17,1028.409
1790996542.5872827,69.64949079095516,0.8421201801423392,0.8445790514703995,0.8461015438874865,21.11,1028.412
1790996573.933525,69.65155355754926,0.842587292988028,0.8415559096909775,0.8454902999588101,21.13,1028.403
1790996605.2840807,69.65135619424395,0.8431743285441796,0.8432730101968416,0.8453322203484491,21.11,1028.396
1790996636.615611,69.65468677930012,0.8438575263569904,0.8421922338289038,0.8451751046792729,21.13,1028.388
1790996667.970023,69.65541891801827,0.841923670680764,0.8415576013216902,0.8453158505938225,21.14,1028.384
1790996699.314476,69.65541891801827,0.8418503746615946,0.8418503746615946,0.8450759386170738,21.15,1028.374
1790996730.6579182,69.65668905400268,0.8425587386729736,0.841923670680764,0.8449768588649605,21.13,1028.375
1790996762.0045884,69.65482772507342,0.8419481358015104,0.8428788002661411,0.8450338674839923,21.13,1028.367
1790996793.3541753,69.65790957079784,0.8412624998527528,0.839721576990539,0.8452038559392123,21.14,1028.36
1790996824.6965501,69.66353292665815,0.8434896564538068,0.8406779785236503,0.8449345900227679,21.18,1028.362
1790996856.0501046,69.65951862326736,0.8418503746615946,0.8438575263569904,0.8451751046792729,21.17,1028.355
1790996887.406595,69.6570241740438,0.842143913788354,0.8433911384001351,0.8454731218556568,21.15,1028.355
1790996918.7469695,69.65609316789269,0.842143913788354,0.8426094168639099,0.8453032508862236,21.17,1028.358
1790996950.0765212,69.65756409657062,0.8428061143984121,0.842070650059447,0.8445942296351112,21.18,1028.356
1790996981.4099789,69.66049894677366,0.8418992197292549,0.8404317946277399,0.8442257172772981,21.17,1028.356
1790997012.7574334,69.65613943180628,0.8413364681890824,0.8435162256727686,0.8441267922734347,21.17,1028.349
1790997044.1091714,69.65329753147518,0.8405517147763267,0.8419726649418795,0.8447644840817609,21.21,1028.351
1790997075.4414937,69.65759080677954,0.8425334986916155,0.8403868610394344,0.8451881274824731,21.23,1028.353
1790997106.7749267,69.65617871975013,0.8422403441381395,0.8429463876528417,0.8446521668744125,21.24,1028.355
1790997138.1213825,69.655106798534,0.8422403441381395,0.8427763047462001,0.8451881274824731,21.24,1028.358
1790997169.468008,69.65632454945184,0.8424106595755331,0.8418017841166185,0.8449201471784429,21.25,1028.354
1790997200.8043556,69.65788474835787,0.8430701581046608,0.8422900586516416,0.8451178269833296,21.23,1028.359
1790997232.1528957,69.65700708039633,0.8433647787369692,0.8438036127177426,0.8450759386170738,21.15,1028.36
1790997263.4894836,69.6539788035322,0.8409466585449823,0.8424607969770437,0.8452455388862925,21.2,1028.363
1790997294.8438225,69.65426820990493,0.8429721218806672,0.8428274186943056,0.8450474042172416,21.18,1028.363
1790997326.1964502,69.6566141719304,0.8431943596430442,0.8420213786303099,0.8448778653103017,21.21,1028.367
1790997357.5329263,69.65808048845881,0.8430960987156373,0.8423629404514328,0.8445105114640798,21.21,1028.376
1790997388.8753874,69.65778878833223,0.842094494074852,0.8422403441381395,0.8447508474907908,21.2,1028.372
1790997420.2308865,69.65705715869622,0.8420698807869978,0.8424356956050016,0.8447789578406608,21.18,1028.373
1790997451.5774715,69.65296211652577,0.8413628430536704,0.8434103641388944,0.8452870408315495,21.14,1028.371
1790997482.917948,69.64886730729023,0.8416310561915031,0.8436784608092737,0.8456542532589952,21.14,1028.368
1790997514.2516336,69.65213621465743,0.8436068175177062,0.8419723638341092,0.8453860401211624,21.15,1028.367
1790997545.5823286,69.64911624580384,0.8414364032260486,0.8429463876528417,0.8444827508204116,21.11,1028.366
1790997576.9174218,69.65057806579945,0.842337977457377,0.8416070674595704,0.8445535718847673,21.11,1028.369
1790997608.2671442,69.64945645254222,0.8415336874462391,0.842094494074852,0.8446521668744125,21.11,1028.369
1790997639.61267,69.65306605327211,0.8433384878111835,0.8415336874462391,0.8448496138454968,21.14,1028.366
1790997670.963068,69.65306605327211,0.8425808272916157,0.8425808272916157,0.8452583060328133,21.14,1028.371
1790997702.3096316,69.65140782294904,0.8417043835300789,0.8425334986916155,0.8451178269833296,21.13,1028.376
1790997733.6506076,69.64999315430246,0.842094494074852,0.8428018283981382,0.8449484660503193,21.14,1028.373
1790997765.0037067,69.65072541988874,0.8428018283981382,0.8424356956050016,0.8447789578406608,21.15,1028.378
1790997796.356045,69.65228659603349,0.8424356956050016,0.8416551075326244,0.8445105114640798,21.17,1028.372
1790997827.68456,69.65209141388078,0.8416551075326244,0.841752698608978,0.8450474042172416,21.2,1028.371
1790997859.0311766,69.65404450316682,0.8429979232733232,0.8420213786303099,0.8452167957568419,21.21,1028.37
1790997890.378577,69.65731634086704,0.8430960987156373,0.8414601798655249,0.8454149916065813,21.2,1028.373
1790997921.6611865,69.65751247596701,0.8432403350185,0.843142267468515,0.8442146541500323,21.2,1028.363
1790997952.989558,69.65517706319537,0.8415831410926722,0.8427508474784902,0.8453571640007301,21.17,1028.354
1790997984.3281722,69.65356987896344,0.8424106595755331,0.8432142516914959,0.8451881274824731,21.14,1028.351
1790998015.678847,69.65337427279022,0.8424356956050016,0.8425334986916155,0.8447789578406608,21.15,1028.356
1790998047.019192,69.65625602140986,0.8428274186943056,0.8413865443844846,0.8452455388862925,21.17,1028.354
1790998078.370593,69.65444963009915,0.8415576013216902,0.8424607969770437,0.8449768588649605,21.17,1028.347
1790998109.7181304,69.65703709259529,0.8428274186943056,0.8415336874462391,0.8439736187109181,21.2,1028.349
1790998141.0617568,69.65395869593888,0.8423629404514328,0.8439021387796332,0.8444394988222969,21.18,1028.352
1790998172.404114,69.65087810548478,0.8413127806690147,0.8428530758960633,0.8450759386170738,21.2,1028.353
1790998203.7336028,69.6498024491922,0.8422170498746573,0.8427548780209511,0.8455433884164227,21.17,1028.345
1790998235.0801716,69.65087623469852,0.8423629404514328,0.8418260476982711,0.8454149916065813,21.14,1028.343
1790998266.4286568,69.65263242326513,0.8424356956050016,0.8415576013216902,0.8450474042172416,21.15,1028.344
1790998297.772274,69.65619905935837,0.8430960987156373,0.8413127806690147,0.8446093021621619,21.18,1028.342
1790998329.1196659,69.65766274040779,0.8434103641388944,0.8426785236141874,0.8441434769307513,21.21,1028.346
1790998360.4672668,69.6571756879927,0.841899269329336,0.8421427955368789,0.8450189441611702,21.18,1028.348
1790998391.8047233,69.6555187070757,0.8417775836692564,0.8426060741277565,0.8444550624104539,21.24,1028.345
1790998423.1561203,69.65766441217836,0.841899269329336,0.8408264167780047,0.8441434769307513,21.24,1028.35
1790998454.49676,69.65552056974612,0.8414364032260486,0.8425083244421699,0.8446521668744125,21.25,1028.357
1790998485.843314,69.65464368243578,0.8420698807869978,0.8425083244421699,0.8447508474907908,21.28,1028.358
1790998517.1876397,69.65283943318335,0.8418017841166185,0.8427039087428344,0.8448778653103017,21.24,1028.361
1790998548.5433187,69.6495642359141,0.8416551075326244,0.8432927061672448,0.8455433884164227,21.2,1028.367
1790998579.9017475,69.65303538099835,0.8435616202403917,0.8418260476982711,0.8455842969704034,21.17,1028.37
1790998611.2432144,69.656796901297,0.8436334587583012,0.841752698608978,0.8446093021621619,21.18,1028.381
1790998642.5709774,69.65718781726552,0.8423629404514328,0.8421674824671688,0.8450474042172416,21.18,1028.389
1790998673.909221,69.65752865545338,0.8433647787369692,0.8431943596430442,0.8447081788436288,21.15,1028.389
1790998705.257707,69.65675250098009,0.8425840446440274,0.8429721218806672,0.844736294660315,21.18,1028.394
1790998736.6042619,69.65514601373538,0.8417775836692564,0.8425808272916157,0.8450892999620758,21.2,1028.391
1790998767.9577384,69.65514601373538,0.8435537429093772,0.8435537429093772,0.8451595337711513,21.23,1028.396
1790998799.2993557,69.65553662962736,0.8426785236141874,0.8424832156681944,0.8456250280393843,21.18,1028.394
1790998830.630849,69.65694842121414,0.8425808272916157,0.8418749314982247,0.8450892999620758,21.17,1028.395
1790998861.9720967,69.65636281091217,0.8419723638341092,0.8422651689850928,0.844581400707664,21.21,1028.391
1790998893.3196337,69.65328893745075,0.8420698807869978,0.8436068175177062,0.8449201471784429,21.21,1028.394
1790998924.6641295,69.65514294404662,0.8426313868280138,0.8417043835300789,0.8454851254633645,21.23,1028.395
1790998956.008656,69.65621579659795,0.841899269329336,0.8413628430536704,0.8449484660503193,21.25,1028.397
1790998987.354267,69.65850747848525,0.8432403350185,0.842094494074852,0.8453860401211624,21.24,1028.398
1790999018.69966,69.66246097372236,0.841923670680764,0.839946923062205,0.8453158505938225,21.24,1028.397
1790999050.0463336,69.66104789307126,0.8418017841166185,0.8425083244421699,0.8450189441611702,21.23,1028.393
1790999081.37767,69.65934209396731,0.8414601798655249,0.8423130794174958,0.844581400707664,21.21,1028.398
1790999112.7152796,69.66328479520479,0.8413392034209162,0.8393678528021783,0.8453571640007301,21.2,1028.401
1790999144.0636666,69.6593386713381,0.8413392034209162,0.8433122653542608,0.8454561077865035,21.21,1028.4
1790999175.4052615,69.65617451921263,0.8414364032260486,0.8430184792887858,0.8452870408315495,21.18,1028.405
1790999206.7586207,69.65544409547738,0.8417775836692564,0.8421427955368789,0.8452583060328133,21.14,1028.41
1790999238.1003106,69.65437449554035,0.8417534461100897,0.8422882460786005,0.8444550624104539,21.15,1028.411
1790999269.4285836,69.65535126976783,0.8418749314982247,0.8413865443844846,0.8445105114640798,21.18,1028.412
1790999300.7822125,69.65393660112126,0.842094494074852,0.8428018283981382,0.8447789578406608,21.18,1028.409
1790999332.1317327,69.65559720536885,0.8431682795811756,0.842337977457377,0.8450474042172416,21.17,1028.406
1790999363.4822598,69.65150747038273,0.8413392034209162,0.8433840709139749,0.845526053906933,21.2,1028.408
1790999394.8276398,69.65009438973162,0.8418017841166185,0.8425083244421699,0.8454561077865035,21.21,1028.41
1790999426.1801078,69.65169948481393,0.8429207203279278,0.8421181727867744,0.8455958787984388,21.2,1028.409
1790999457.5237305,69.65223498056217,0.8428485751657353,0.8425808272916157,0.8445535718847673,21.2,1028.399
1790999488.8690965,69.65506025416119,0.8423130794174958,0.8409004426179879,0.8452583060328133,21.23,1028.402
1790999520.2267847,69.65311389614244,0.8429463876528417,0.8439195666622145,0.8454561077865035,21.24,1028.393
1790999551.5683374,69.65238277542,0.8425808272916157,0.8429463876528417,0.8452870408315495,21.18,1028.391
1790999582.9097874,69.65184658207923,0.8428741707981358,0.843142267468515,0.8455551375019287,21.18,1028.382
1790999614.2571409,69.65111592601491,0.842045331543376,0.8424106595755331,0.8457240880905338,21.17,1028.375
1790999645.6097882,69.65252678828541,0.8436518187880946,0.8429463876528417,0.8449905581586935,21.18,1028.373
1790999676.9443343,69.65335351687494,0.8427763047462001,0.8423629404514328,0.8452167957568419,21.18,1028.366
1790999708.2507942,69.65155013567959,0.8417043835300789,0.8426060741277565,0.8456542532589952,21.18,1028.359
1790999739.5944846,69.649352127771,0.8421674824671688,0.8432664864214631,0.8455842969704034,21.14,1028.358
1790999770.9377337,69.65008503013708,0.8431682795811756,0.8428018283981382,0.844411806637274,21.17,1028.348
1790999802.283375,69.64856987186671,0.8422403441381395,0.8429979232733232,0.8460217848764099,21.15,1028.353
1790999833.6297758,69.64871584865135,0.8421674824671688,0.842094494074852,0.8448778653103017,21.15,1028.346
1790999864.9802976,69.64939719286438,0.8428741707981358,0.8425334986916155,0.8451178269833296,21.2,1028.347
1790999896.3058512,69.65139598822742,0.8415576013216902,0.840558203640172,0.8453158505938225,21.2,1028.341
1790999927.6344473,69.65159170127865,0.8424607969770437,0.8423629404514328,0.8451464284584416,21.23,1028.336
1790999958.980777,69.65178701087122,0.842094494074852,0.8419968392785702,0.8449484660503193,21.18,1028.335
1790999990.3263466,69.65880764249484,0.8436068175177062,0.8400965017058969,0.8455842969704034,21.15,1028.335
1791000021.6718774,69.65939261607235,0.8424106595755331,0.8421181727867744,0.8451595337711513,21.17,1028.331
1791000053.0123575,69.6596835171558,0.8422882460786005,0.8421427955368789,0.8454561077865035,21.17,1028.334
1791000084.3649108,69.66095053557444,0.8427763047462001,0.8421427955368789,0.8457240880905338,21.2,1028.338
1791000115.7092738,69.66095053557444,0.8431163230398551,0.8431163230398551,0.845427165581447,21.18,1028.335
1791000147.0418022,69.65739530370506,0.8419723638341092,0.8437499797688045,0.845526053906933,21.18,1028.347
1791000178.3854084,69.6555405785695,0.8421427955368789,0.8430701581046608,0.8454851254633645,21.15,1028.348
1791000209.7278485,69.65715055680863,0.8433384878111835,0.8425334986916155,0.8448778653103017,21.15,1028.346
1791000241.0534494,69.65519723377622,0.841752698608978,0.8427293601251834,0.8448778653103017,21.2,1028.355
1791000272.4029744,69.65237183336302,0.8415336874462391,0.8429463876528417,0.8452167957568419,21.21,1028.356
1791000303.749352,69.65310375880765,0.843142267468515,0.8427763047462001,0.8454561077865035,21.15,1028.366
1791000335.0949683,69.65383602439393,0.8428018283981382,0.8424356956050016,0.8457534551698872,21.14,1028.366
1791000366.4274924,69.65315434044392,0.8421674824671688,0.8425083244421699,0.8453860401211624,21.13,1028.367
1791000397.7648947,69.65544437188571,0.8430442850502305,0.841899269329336,0.8452870408315495,21.13,1028.363
1791000429.1124766,69.6554959834086,0.8430442850502305,0.8430184792887858,0.8453571640007301,21.17,1028.362
1791000460.4609363,69.65228300891916,0.8415098357951365,0.8431163230398551,0.8456947973917427,21.15,1028.367
1791000491.8065066,69.6550543671485,0.8438213747196729,0.8424356956050016,0.8450892999620758,21.18,1028.362
1791000523.1478577,69.65023072167595,0.8414364032260486,0.8438482259623215,0.8462600486985944,21.18,1028.362
1791000554.4973016,69.64989044917455,0.8423130794174958,0.8424832156681944,0.8453571640007301,21.2,1028.365
1791000585.847038,69.64749999596168,0.8418749314982247,0.8430701581046608,0.8457938017810528,21.23,1028.372
1791000617.1713934,69.64823215413901,0.8434103641388944,0.8430442850502305,0.8458232341723081,21.17,1028.367
1791000648.5198874,69.64823215413901,0.8425083244421699,0.8425083244421699,0.8455551375019287,21.14,1028.368
1791000679.8623786,69.65120177570643,0.8437499797688045,0.8422651689850928,0.8456542532589952,21.13,1028.37
1791000711.2089615,69.65480870795612,0.8427039087428344,0.8409004426179879,0.8450189441611702,21.14,1028.373
1791000742.5586138,69.65924304749775,0.8438482259623215,0.8416310561915031,0.8451178269833296,21.15,1028.371
1791000773.8818703,69.65885259800672,0.841899269329336,0.842094494074852,0.8452870408315495,21.2,1028.378
1791000805.2304778,69.65865688495549,0.8423629404514328,0.8424607969770437,0.8450474042172416,21.15,1028.384
1791000836.5751765,69.65528706744317,0.8415815776653047,0.8432664864214631,0.8458527433469842,21.13,1028.384
1791000867.9203455,69.6551425977805,0.8429979232733232,0.8430701581046608,0.8452167957568419,21.11,1028.389
1791000899.2600005,69.65616696571766,0.8419723638341092,0.8414601798655249,0.8452167957568419,21.11,1028.392
1791000930.6095083,69.65743368810686,0.8418017841166185,0.8411684229220182,0.8450189441611702,21.14,1028.389
1791000961.9518497,69.65548441411501,0.8415336874462391,0.8425083244421699,0.844581400707664,21.14,1028.391
1791000993.3034034,69.6534853636895,0.8417043835300789,0.8427039087428344,0.8450189441611702,21.17,1028.387
1791001024.631995,69.6538754740134,0.8419968392785702,0.8418017841166185,0.8448496138454968,21.2,1028.386
1791001055.9623601,69.65802080201176,0.8430701581046608,0.8409974941054806,0.8450189441611702,21.2,1028.389
1791001087.3039806,69.65606900727191,0.8415576013216902,0.8425334986916155,0.8449484660503193,21.21,1028.39
1791001118.6476314,69.65787586566886,0.8429979232733232,0.842094494074852,0.8450474042172416,21.2,1028.392
1791001149.9959927,69.65738894211665,0.8421922338289038,0.8424356956050016,0.8449484660503193,21.21,1028.383
1791001181.3244019,69.65958643911742,0.8434367259577563,0.842337977457377,0.8446093021621619,21.23,1028.385
1791001212.6698809,69.66256357947046,0.8427039087428344,0.8412153385663141,0.8450189441611702,21.2,1028.384
1791001244.0144584,69.66637347784297,0.8436334587583012,0.8417285095720476,0.8450759386170738,21.18,1028.387
1791001275.316018,69.66422590683032,0.8426313868280138,0.8437051723343373,0.8450474042172416,21.18,1028.39
1791001306.6584961,69.66066436719146,0.8418260476982711,0.8436068175177062,0.8453158505938225,21.18,1028.381
1791001338.0039196,69.65441596594603,0.840849418088205,0.8439736187109181,0.8448778653103017,21.18,1028.387
1791001369.3515356,69.65085711711635,0.8413628430536704,0.843142267468515,0.8452870408315495,21.2,1028.386
1791001400.6969004,69.64890655191215,0.8419968392785702,0.8429721218806672,0.8450189441611702,21.2,1028.382
1791001432.041567,69.64763999855501,0.8416070674595704,0.8422403441381395,0.8448496138454968,21.23,1028.378
1791001463.3778875,69.64924648579972,0.842045331543376,0.8412420879210167,0.8448214359234215,21.21,1028.378
1791001494.7166584,69.6540680384955,0.8421427955368789,0.8397320191889904,0.8445535718847673,21.23,1028.379
1791001526.0099437,69.6537274076207,0.8422403441381395,0.8424106595755331,0.8454561077865035,21.2,1028.381
1791001557.3524456,69.65104644091691,0.8420698807869978,0.8434103641388944,0.8451178269833296,21.2,1028.383
1791001588.7021468,69.65124228022752,0.8428018283981382,0.8427039087428344,0.8451178269833296,21.2,1028.378
1791001620.0485127,69.65392208326783,0.8433122653542608,0.8419723638341092,0.8449201471784429,21.21,1028.386
1791001651.3960836,69.65665293361201,0.8428018283981382,0.8414364032260486,0.8448496138454968,21.21,1028.379
1791001682.7275105,69.65465341751889,0.8419723638341092,0.8429721218806672,0.8449484660503193,21.23,1028.386
1791001714.0530074,69.65572627007022,0.8429721218806672,0.8424356956050016,0.8448496138454968,21.27,1028.379
1791001745.3834972,69.65484931968395,0.8424356956050016,0.8428741707981358,0.8447508474907908,21.24,1028.389
1791001776.7310364,69.65323864142447,0.8423629404514328,0.8431682795811756,0.8450189441611702,21.23,1028.385
1791001808.0576842,69.64894723121914,0.8413628430536704,0.8435085481563328,0.8450189441611702,21.21,1028.38
1791001839.4061522,69.64914260425499,0.8422651689850928,0.8421674824671688,0.8455842969704034,21.2,1028.378
1791001870.750581,69.64875190132126,0.8422403441381395,0.8424356956050016,0.8460217848764099,21.15,1028.372
1791001902.0743134,69.65123836346943,0.8426060741277565,0.8413628430536704,0.8455551375019287,21.15,1028.373
1791001933.426715,69.65109228045257,0.8419968392785702,0.8420698807869978,0.8451178269833296,21.17,1028.373
1791001964.7951753,69.65504380310497,0.8436068175177062,0.8416310561915031,0.8450474042172416,21.18,1028.382
1791001996.1456666,69.65509485040884,0.8428018283981382,0.8427763047462001,0.8453860401211624,21.18,1028.381
1791002027.4901538,69.65489971051038,0.841899269329336,0.8419968392785702,0.8451178269833296,21.17,1028.384
1791002058.8336003,69.65426854418487,0.8423629404514328,0.8426785236141874,0.8451881274824731,21.18,1028.386
1791002090.1682115,69.65928682179843,0.8441162062663519,0.8416070674595704,0.8455551375019287,21.17,1028.385
1791002121.4957047,69.65640791855998,0.8424356956050016,0.8438751472242286,0.8454851254633645,21.17,1028.38
1791002152.836139,69.65533506600865,0.8432403350185,0.8437767612941656,0.8457534551698872,21.14,1028.387
1791002184.1676385,69.65191839989711,0.8419968392785702,0.8437051723343373,0.8458527433469842,21.14,1028.371
1791002215.5151672,69.64976895972646,0.8420213786303099,0.8430960987156373,0.8457828989289563,21.11,1028.379
1791002246.862795,69.65240387871782,0.8430701581046608,0.841752698608978,0.8454149916065813,21.14,1028.382
1791002278.2081234,69.65084382585884,0.8418260476982711,0.8426060741277565,0.8451464284584416,21.17,1028.377
1791002309.5608938,69.65118504877417,0.8420698807869978,0.841899269329336,0.8451178269833296,21.18,1028.382
1791002340.9012573,69.65391520031336,0.8425334986916155,0.8411684229220182,0.8447508474907908,21.23,1028.377
1791002372.241701,69.65211205185071,0.8414364032260486,0.842337977457377,0.8454851254633645,21.24,1028.371
1791002403.5883,69.65138048567657,0.8416310561915031,0.8419968392785702,0.8454851254633645,21.23,1028.374
1791002434.9306867,69.65333081774338,0.8432403350185,0.8422651689850928,0.8446801363437966,21.21,1028.374
1791002466.281233,69.65727624401781,0.8425083244421699,0.8405356113049532,0.8445535718847673,21.21,1028.368
1791002497.6287513,69.6576668599098,0.8426785236141874,0.8424832156681944,0.8451881274824731,21.21,1028.373
1791002528.9543014,69.65644874968413,0.841899269329336,0.8425083244421699,0.8456542532589952,21.21,1028.374
1791002560.3016126,69.6557159553736,0.8434103641388944,0.8437767612941656,0.8454561077865035,21.15,1028.375
1791002591.6497295,69.65854512275119,0.8436068175177062,0.8421922338289038,0.8456542532589952,21.15,1028.377
1791002622.993684,69.65439247329897,0.842094494074852,0.8441708188009649,0.8451464284584416,21.15,1028.374
1791002654.3361776,69.65444238277966,0.8423150133919916,0.8422900586516416,0.8457129328255667,21.15,1028.382
1791002685.6837184,69.6608850958176,0.8437051723343373,0.8404838158153668,0.8454149916065813,21.15,1028.382
1791002717.0233915,69.65747023257825,0.8416310561915031,0.8433384878111835,0.8452167957568419,21.14,1028.383
1791002748.355703,69.65264449251143,0.8412655907758598,0.8436784608092737,0.8453860401211624,21.13,1028.382
1791002779.690308,69.6519121016014,0.8433122653542608,0.8436784608092737,0.8449201471784429,21.1,1028.38
1791002811.0207407,69.65103544702374,0.842337977457377,0.8427763047462001,0.8452870408315495,21.13,1028.378
1791002842.3782442,69.65049948641568,0.8433122653542608,0.8435802456582912,0.8456542532589952,21.11,1028.376
1791002873.7187595,69.65405810231047,0.8434103641388944,0.8416310561915031,0.8451178269833296,21.15,1028.372
1791002905.067373,69.65639901077347,0.8432403350185,0.8420698807869978,0.8450189441611702,21.15,1028.38
1791002936.4137073,69.65352127322191,0.8410946299158376,0.8425334986916155,0.8447508474907908,21.18,1028.38
1791002967.7443376,69.65473906171067,0.8436068175177062,0.8429979232733232,0.8448778653103017,21.2,1028.379
1791002999.0888743,69.65748143744972,0.8440279535199879,0.8426567656504643,0.8456428447185312,21.2,1028.375
1791003030.4183946,69.65606676880314,0.842094494074852,0.8428018283981382,0.8455842969704034,21.2,1028.375
1791003061.7627633,69.65392199544011,0.8415336874462391,0.8426060741277565,0.8460217848764099,21.2,1028.371
1791003093.0993352,69.65226446392202,0.8414364032260486,0.8422651689850928,0.8455551375019287,21.23,1028.38
1791003124.446909,69.64865660033712,0.8414364032260486,0.8432403350185,0.8458232341723081,21.18,1028.373
1791003155.7993834,69.64973038584344,0.8426313868280138,0.842094494074852,0.8455142189076245,21.14,1028.379
1791003187.147777,69.65153684037573,0.8434367259577563,0.8425334986916155,0.8453860401211624,21.15,1028.376
1791003218.4903984,69.65134163701538,0.8420698807869978,0.8421674824671688,0.8454851254633645,21.15,1028.379
1791003249.8217733,69.65012399245731,0.8421674824671688,0.8427763047462001,0.8457240880905338,21.15,1028.38
1791003281.163271,69.6517318742815,0.8419723638341092,0.8411684229220182,0.8458232341723081,21.15,1028.375
1791003312.4578338,69.65416319012026,0.8439195666622145,0.8427039087428344,0.8454561077865035,21.17,1028.383
1791003343.8063912,69.65269628089409,0.8430701581046608,0.8438036127177426,0.8456835547547211,21.18,1028.392
1791003375.1547766,69.65572215790496,0.8437051723343373,0.8421922338289038,0.8461211897235651,21.17,1028.391
1791003406.4822836,69.65684512642495,0.8428018283981382,0.8422403441381395,0.8449484660503193,21.15,1028.394
1791003437.810845,69.65806158848015,0.8428485751657353,0.8422403441381395,0.8453571640007301,21.2,1028.399
1791003469.1603444,69.65752562787209,0.8427763047462001,0.8430442850502305,0.8453571640007301,21.2,1028.4
1791003500.510799,69.65713513782273,0.8423130794174958,0.8425083244421699,0.8457240880905338,21.2,1028.41
1791003531.8612103,69.65859915897539,0.8432403350185,0.8425083244421699,0.8450189441611702,21.18,1028.408
1791003563.204778,69.6577212768495,0.8413628430536704,0.8418017841166185,0.8455551375019287,21.17,1028.409
1791003594.5545144,69.66006085138561,0.8428741707981358,0.8417043835300789,0.8453860401211624,21.18,1028.41
1791003625.8998096,69.65723743722587,0.8419723638341092,0.8433840709139749,0.8450892999620758,21.17,1028.41
1791003657.2304313,69.65816342302347,0.8425083244421699,0.842045331543376,0.8454561077865035,21.17,1028.407
1791003688.5541453,69.65709150180734,0.8419723638341092,0.8425083244421699,0.8449201471784429,21.17,1028.408
1791003719.8893952,69.6576274624154,0.8427763047462001,0.8425083244421699,0.8457240880905338,21.21,1028.407
1791003751.2309494,69.65889604666619,0.8439465574796529,0.8433122653542608,0.8455551375019287,21.21,1028.412
1791003782.574593,69.65742786097977,0.8434367259577563,0.8441708188009649,0.8456835547547211,21.2,1028.408
1791003813.9238846,69.65225131267691,0.8412153385663141,0.8438036127177426,0.8460515789502882,21.14,1028.407
1791003845.2555344,69.65405823388943,0.8439736187109181,0.8430701581046608,0.8454851254633645,21.15,1028.401
1791003876.5821102,69.64922829917202,0.8422651689850928,0.8446801363437966,0.8460217848764099,21.15,1028.401
1791003907.9134007,69.6483512859313,0.8428018283981382,0.8432403350185,0.8456542532589952,21.17,1028.396
1791003939.2510753,69.64874360133231,0.8431682795811756,0.8429721218806672,0.8461211897235651,21.21,1028.403
1791003970.5847023,69.64854752888432,0.8429721218806672,0.8430701581046608,0.8458527433469842,21.18,1028.405
1791004001.9319482,69.65283707561039,0.8442146541500323,0.8420698807869978,0.8457534551698872,21.14,1028.4
1791004033.283585,69.65571307621997,0.8434103641388944,0.8419723638341092,0.8453571640007301,21.2,1028.405
1791004064.619176,69.65624903682803,0.8422403441381395,0.8419723638341092,0.8459920683945641,21.18,1028.407
1791004095.9524634,69.65537214951769,0.8420698807869978,0.8425083244421699,0.8451881274824731,21.2,1028.407
1791004127.2991307,69.65595883653073,0.8428741707981358,0.8425808272916157,0.846160756116693,21.2,1028.405
1791004158.639637,69.66233651039127,0.8417534461100897,0.838564609179819,0.8457938017810528,21.21,1028.41
1791004189.9760818,69.6601392025033,0.841899269329336,0.8429979232733232,0.8455551375019287,21.23,1028.406
1791004221.3175743,69.66175198448104,0.844000750631914,0.8431943596430442,0.8461511266022335,21.21,1028.405
1791004252.661135,69.65657156683508,0.8419481358015104,0.8445383446244938,0.8455142189076245,21.24,1028.408
1791004283.9916198,69.65066060636578,0.841752698608978,0.8447081788436288,0.8463202589716201,21.23,1028.409
1791004315.328123,69.6517334589171,0.8429721218806672,0.8424356956050016,0.8460217848764099,21.18,1028.406
1791004346.6697118,69.64944167039265,0.8414601798655249,0.8426060741277565,0.845922466396828,21.21,1028.404
1791004378.0142221,69.65421958270858,0.8439465574796529,0.8415576013216902,0.8452870408315495,21.24,1028.403
1791004409.340568,69.65212538997024,0.8422651689850928,0.8433122653542608,0.8455551375019287,21.23,1028.409
1791004440.689108,69.65319731118636,0.8430442850502305,0.8425083244421699,0.8457240880905338,21.25,1028.409
1791004472.034629,69.65714406934856,0.8420698807869978,0.8400965017058969,0.8458232341723081,21.23,1028.405
1791004503.3791487,69.65982387238887,0.8438482259623215,0.8425083244421699,0.8453571640007301,21.24,1028.416
1791004534.7085207,69.65568108568947,0.8416070674595704,0.8436784608092737,0.8454561077865035,21.2,1028.417
1791004566.053146,69.65207148495958,0.8415336874462391,0.8433384878111835,0.8456542532589952,21.18,1028.421
1791004597.3715832,69.64806876071285,0.8415336874462391,0.8435350495696029,0.8460217848764099,21.17,1028.413
1791004628.723095,69.64767669698026,0.8426313868280138,0.8428274186943056,0.845952117902861,21.17,1028.413
1791004660.0686882,69.64655075135019,0.8426313868280138,0.8431943596430442,0.8461511266022335,21.14,1028.418
1791004691.418152,69.64850413756587,0.8436334587583012,0.8426567656504643,0.8460515789502882,21.11,1028.416
1791004722.7606037,69.6499183395322,0.8433384878111835,0.8426313868280138,0.8455842969704034,21.13,1028.411
1791004754.112208,69.65045499894525,0.8425334986916155,0.8422651689850928,0.8457534551698872,21.11,1028.407
1791004785.4406521,69.65059921767296,0.843142267468515,0.8430701581046608,0.8457534551698872,21.17,1028.404
1791004816.781161,69.64952636512163,0.841899269329336,0.8424356956050016,0.8453860401211624,21.17,1028.405
1791004848.1226933,69.65294035907087,0.8440449744319984,0.842337977457377,0.845922466396828,21.18,1028.401
1791004879.4781332,69.65001070267847,0.8422403441381395,0.8437051723343373,0.8454851254633645,21.15,1028.405
1791004910.8176925,69.64859580069178,0.8418260476982711,0.8425334986916155,0.8455842969704034,21.14,1028.399
1791004942.1530826,69.64859580069178,0.8423629404514328,0.8423629404514328,0.8453158505938225,21.15,1028.394
1791004973.4947207,69.65040202188395,0.8431682795811756,0.8422651689850928,0.8447789578406608,21.15,1028.397
1791005004.83829,69.65347833457328,0.844242065087499,0.8427039087428344,0.8452455388862925,21.15,1028.39
1791005036.1778355,69.65376939464817,0.8425334986916155,0.8423879686541745,0.8457129328255667,21.17,1028.397
1791005067.5301158,69.65484505094075,0.8435616202403917,0.8430237920940978,0.8456835547547211,21.14,1028.39
1791005098.876713,69.65254876444607,0.8423150133919916,0.8434631566393341,0.8453736961854408,21.14,1028.386
1791005130.1582615,69.65005901635652,0.8425587386729736,0.8438036127177426,0.8457828989289563,21.15,1028.382
1791005161.5068178,69.65254747050942,0.8428018283981382,0.8415576013216902,0.8453158505938225,21.13,1028.379
1791005192.8342066,69.65240196020228,0.8423629404514328,0.8424356956050016,0.8456542532589952,21.13,1028.38
1791005224.1766987,69.65040047342238,0.8426060741277565,0.8436068175177062,0.8451178269833296,21.13,1028.372
1791005255.5241127,69.64952180729203,0.8426567656504643,0.8430960987156373,0.8457828989289563,21.13,1028.37
1791005286.844613,69.64844568228389,0.8423150133919916,0.8428530758960633,0.8458823296059436,21.07,1028.359
1791005318.1961672,69.64737049429873,0.8421191716578845,0.8426567656504643,0.8453447356133637,21.08,1028.355
1791005349.543741,69.64737049429873,0.8430960987156373,0.8430960987156373,0.8457828989289563,21.07,1028.352
1791005380.8921301,69.64737049429873,0.24157994966343424,0.26961560199487744,0.844000750631914,21.07,1028.357
1791005412.2166483,69.64737049429873,0.2388523724335643,0.2727509908481316,0.2787727852875473,21.08,1028.341
1791005443.5493262,69.64737049429873,0.24002898803252987,0.2683079267331643,0.2743602696751284,21.14,1028.34
1791005474.8746133,69.64737049429873,0.23949256175686423,0.27367452086361715,0.27406196122972015,21.07,1028.348
1791005506.223204,69.64737049429873,0.24163826685952666,0.2692642200563052,0.2726012020375265,21.08,1028.344
1791005537.561862,69.64737049429873,0.23996927140394902,0.27003526558100704,0.2738238433994628,21.07,1028.336
1791005568.9132578,69.64737049429873,0.24114790829205998,0.2720326703281355,0.27421118027666236,21.05,1028.343
1791005600.239654,69.64737049429873,0.24001389996844646,0.2688575383054647,0.28155485413198694,21.05,1028.343
1791005631.5892346,69.64737049429873,0.24173192453768558,0.2808952542167485,0.2798210016241894,21.08,1028.348
1791005662.9227839,69.64737049429873,0.24077461053369165,0.27325662209997753,0.2818469061505655,21.11,1028.348
1791005694.276267,69.64737049429873,0.23904278380621682,0.2711616653196935,0.27498686495767316,21.1,1028.358
1791005725.6209,69.64737049429873,0.23829737069755266,0.2673148130013968,0.27450965750036643,21.11,1028.359
1791005756.9642878,69.64737049429873,0.24125285093220344,0.27200074252694784,0.27319487109586993,21.11,1028.361
1791005788.3148153,69.64737049429873,0.23984952602565748,0.2696989881449605,0.2742705273884574,21.1,1028.356
1791005819.6472723,69.64737049429873,0.24162668194618603,0.27038796054920833,0.2746887124898471,21.11,1028.37
1791005850.9906886,69.64737049429873,0.23908627802285537,0.271613693342707,0.27803532441251366,21.14,1028.358
1791005882.3361917,69.64737049429873,0.24340229110285855,0.2706567575454982,0.2773766824527464,21.13,1028.356
1791005913.6738188,69.64737049429873,0.24001389996844646,0.26996790221810746,0.2743004935560259,21.1,1028.352
1791005945.0183644,69.64737049429873,0.24055149396102635,0.26939583537164585,0.27292595702272304,21.08,1028.351
1791005976.3647547,69.64737049429873,0.2421062900998121,0.27223779032783724,0.2768113216124482,21.11,1028.341
1791006007.7191777,69.64737049429873,0.24318241510795588,0.2683544177792262,0.27546616535226853,21.13,1028.334
1791006039.0588393,69.64737049429873,0.23811306225668016,0.27089263406765757,0.2737326992421637,21.1,1028.323
1791006070.4033625,69.64737049429873,0.2406562682450981,0.26990030371998364,0.2804309252283587,21.07,1028.32
1791006101.7476604,69.64737049429873,0.24080689627899401,0.2730137834948504,0.2743301335559013,21.04,1028.315
1791006133.0852592,69.64737049429873,0.2410762796812254,0.2712472207311406,0.2781298359072941,21.05,1028.313
1791006164.4197104,69.64737049429873,0.24165038918063847,0.2695626144809593,0.2747195521796971,21.03,1028.316
1791006195.7673244,69.64737049429873,0.23939950488465603,0.2729201553409873,0.2726501829686209,21.04,1028.314
1791006227.118856,69.64737049429873,0.24046379482486188,0.2732476016495473,0.27954722625964584,21.04,1028.307
1791006258.44426,69.64737049429873,0.23927823865386133,0.27534990669228454,0.27610280802541715,21.08,1028.311
1791006289.7747614,69.64737049429873,0.24145101270445352,0.2717537466816402,0.27888562172770787,21.08,1028.316
1791006321.1232502,69.64737049429873,0.24253866675712618,0.27062360281562164,0.27594713949941513,21.08,1028.321
1791006352.4628181,69.64737049429873,0.24080689627899401,0.26981650905951376,0.2820458164269021,21.08,1028.324
1791006383.792177,69.64737049429873,0.24092518231824497,0.27250682157987316,0.2770803528644841,21.07,1028.341
1791006415.1368492,69.64737049429873,0.24781086473701,0.2704056532734325,0.2770803528644841,21.05,1028.35
1791006446.4883184,69.64737049429873,0.24041834226209044,0.2731279085592445,0.27625224419069055,21.1,1028.354
1791006477.8297503,69.64737049429873,0.23917360879519248,0.2705419624140425,0.2816350832796122,21.11,1028.361
1791006509.164192,69.64737049429873,0.2416387393602369,0.2697802730611493,0.2733983539652602,21.08,1028.364
1791006540.5057118,69.64737049429873,0.24402025614634282,0.2711690302855106,0.27411880222574825,21.07,1028.37
1791006571.8482745,69.64737049429873,0.2416975419264584,0.2699668863087191,0.27863252696541363,21.04,1028.375
1791006603.1957452,69.64737049429873,0.23951576261381477,0.27152647409096026,0.2756537129896749,21.04,1028.376
1791006634.5423546,69.64737049429873,0.24254825185141105,0.272731417381102,0.2761381867613965,21.03,1028.381
1791006665.867877,69.64737049429873,0.24043523819195992,0.269864683225656,0.2747818006818564,21.03,1028.384
1791006697.198351,69.64737049429873,0.2418397473347071,0.2780909244243702,0.2770077193422834,21.01,1028.385
1791006728.5518928,69.64737049429873,0.24468004816540678,0.2748395745947026,0.2832361485642826,21.03,1028.39
1791006759.8882213,69.64737049429873,0.2391127514140357,0.2704234544990876,0.27630897379088265,21.05,1028.391
1791006791.2317193,69.64737049429873,0.24310846849150283,0.27086490535229907,0.2737887294966483,21.05,1028.395
1791006822.579456,69.64737049429873,0.24109689915977311,0.2706792306752295,0.27818617331755985,21.04,1028.406
1791006853.9237442,69.64737049429873,0.23933288840478203,0.2712222623082785,0.27571677848261933,21.04,1028.414
1791006885.2572877,69.64737049429873,0.24081249085753434,0.27297140257267993,0.2777386419048666,21.04,1028.416
1791006916.5457346,69.64737049429873,0.24162703830710783,0.2779831406863781,0.2779831406863781,21.05,1028.425
1791006947.900316,69.64737049429873,0.24036065187960104,0.27042564809302233,0.2776840817630639,21.03,1028.429
1791006979.2327938,69.64737049429873,0.24040642939245446,0.27544953354299173,0.27544953354299173,21.01,1028.432
1791007010.556304,69.64737049429873,0.24128374503525826,0.2710368144339616,0.2808990221632,21.05,1028.436
1791007041.8837101,69.64737049429873,0.2412368483587393,0.2722120466524007,0.2750556700741624,21.05,1028.432
1791007073.2113082,69.64737049429873,0.2412027408041856,0.27544126321389245,0.27874566609297496,21.07,1028.444
1791007104.5669785,69.64737049429873,0.24473601222044136,0.2751415491144007,0.2812412707397153,21.1,1028.441
1791007135.9033391,69.64737049429873,0.23969767512928797,0.27868518712108487,0.27880726208557405,21.08,1028.446
1791007167.2508194,69.64737049429873,0.2387200339313825,0.2739679690341324,0.28463238095093757,21.1,1028.446
1791007198.6002793,69.64737049429873,0.24569977555497532,0.27348368498313874,0.28358727593207417,21.11,1028.453
1791007229.9358003,69.64737049429873,0.24373493314292066,0.2807257474611717,0.2782702265312313,21.11,1028.457
1791007261.2884042,69.64737049429873,0.24187619628806958,0.27330098322582974,0.2827834677708319,21.13,1028.466
1791007292.6289313,69.64737049429873,0.24618612125058306,0.27293993597221045,0.28364588067340574,21.13,1028.469
1791007323.98427,69.64737049429873,0.24025471489060582,0.27124271079557644,0.27852665036083923,21.11,1028.485
1791007355.3258312,69.64737049429873,0.24193517852871133,0.2737247563723189,0.2794649241033494,21.1,1028.479
1791007386.6683583,69.64737049429873,0.24362746159988818,0.2719950063769391,0.2771400932047904,21.08,1028.497
1791007418.013783,69.64737049429873,0.24154415346075936,0.27184230066368814,0.27705644976324517,21.07,1028.499
1791007449.3562381,69.64737049429873,0.24264551620618183,0.27311779746942594,0.27484481975587033,21.07,1028.506
1791007480.7057357,69.64737049429873,0.2433631576743022,0.2717977513068683,0.27762932899107506,21.08,1028.504
1791007512.0492754,69.64737049429873,0.23928862855984653,0.2723403057386843,0.27776585005684457,21.03,1028.508
1791007543.3957918,69.64737049429873,0.24064680493133173,0.27300281384487635,0.28035543789985934,21.03,1028.512
1791007574.7443075,69.64737049429873,0.24185099156404338,0.2717977513068683,0.28005912190300825,21.07,1028.506
1791007606.0879004,69.64737049429873,0.24129623766024588,0.2727247892328877,0.27423924625004037,21.04,1028.516
1791007637.4173014,69.64737049429873,0.24143741258212506,0.269574065927754,0.276266956836023,21.04,1028.515
1791007668.757785,69.64737049429873,0.24055868072251865,0.27099008811460185,0.2765394312670334,21.1,1028.523
1791007700.101361,69.64737049429873,0.24230431430478921,0.27184230066368814,0.2755125380070509,21.05,1028.524
1791007731.4931118,69.64737049429873,0.24137791175262488,0.2774517195545845,0.277997390872349,21.08,1028.526
1791007762.832285,69.64737049429873,0.2429089348662967,0.2717221707180568,0.277601880049682,21.07,1028.524
1791007794.174901,69.64737049429873,0.2396334594930071,0.27144933505917457,0.2769060482368199,21.08,1028.522
1791007825.5223222,69.64737049429873,0.24165098876266025,0.27274996624586634,0.277574382566945,21.08,1028.52
1791007856.8496795,69.64737049429873,0.2424602682762364,0.2761808471849489,0.27630311049722894,21.1,1028.52
1791007888.1882782,69.64737049429873,0.24186494313786783,0.2763317690371571,0.2759076493391412,21.1,1028.507
1791007919.5388587,69.64737049429873,0.24144958845303008,0.2717002076220554,0.27866620769137485,21.07,1028.506
1791007950.8863575,69.64737049429873,0.24362746159988818,0.273243037846977,0.2791670395400771,21.05,1028.503
1791007982.2277532,69.64737049429873,0.24070663465573422,0.2705266851040065,0.2811447077581054,21.07,1028.504
1791008013.5773127,69.64737049429873,0.23981618359288653,0.27042564809302233,0.2736350632906883,21.04,1028.498
1791008044.9177926,69.64737049429873,0.24514877800669055,0.2720274185335269,0.2753280243083471,21.07,1028.508
1791008076.259212,69.64737049429873,0.24055868072251865,0.27438987897726447,0.2775468364139876,21.08,1028.513
1791008107.605827,69.64737049429873,0.24236302230408177,0.27332792192676764,0.27918602348883403,21.1,1028.517
1791008138.9512258,69.64737049429873,0.24077166798360242,0.27290247303525605,0.2757856150170863,21.1,1028.518
1791008170.2966812,69.64737049429873,0.24180571571757142,0.26958948614632783,0.2745114032384893,21.05,1028.53
1791008201.6444867,69.64737049429873,0.24213826192643417,0.27666152901109786,0.2781473103361189,21.08,1028.537
1791008232.9907231,69.64737049429873,0.2393160504565554,0.27499619862464403,0.27762932899107506,21.08,1028.544
1791008264.3231974,69.64737049429873,0.24295821829213327,0.2701704945771786,0.2789391639724823,21.11,1028.552
1791008295.6657128,69.64737049429873,0.2408783031087194,0.2683768656288046,0.27287076420776885,21.1,1028.563
1791008327.0131946,69.64737049429873,0.2425189421394399,0.27508805580171797,0.28082521056368054,21.13,1028.567
1791008358.342738,69.64737049429873,0.24181710974186682,0.27160214689887685,0.27563445149333343,21.11,1028.567
1791008389.6731536,69.64737049429873,0.24079894320738163,0.2720920714219914,0.2743596358189501,21.08,1028.576
1791008421.0198014,69.64737049429873,0.2419940567397446,0.2717221707180568,0.2752361332508332,21.11,1028.579
1791008452.3633037,69.64737049429873,0.2424702197927665,0.2706832455001415,0.27702847000473,21.11,1028.583
1791008483.7046895,69.64737049429873,0.24405149344639868,0.2716894598665552,0.2768497480743617,21.13,1028.581
1791008515.0503418,69.64737049429873,0.24110483474258945,0.27411656018869807,0.2815202322278299,21.11,1028.585
1791008546.3967843,69.64737049429873,0.247768271220944,0.2725973243693154,0.2759076493391412,21.11,1028.589
1791008577.736213,69.64737049429873,0.24191290375587102,0.27193000988016724,0.28502835302415797,21.13,1028.591
1791008609.0817742,69.64737049429873,0.24043791073951487,0.27533172275384954,0.2775192414614769,21.13,1028.59
1791008640.4302166,69.64737049429873,0.2408783031087194,0.272323884530862,0.2775192414614769,21.13,1028.598
1791008671.7657475,69.64737049429873,0.2409850327307375,0.2765479621602074,0.28475479202854664,21.1,1028.591
1791008703.1114645,69.64737049429873,0.24683918443915945,0.27295999731638,0.2772458016230234,21.08,1028.598
1791008734.4028518,69.64737049429873,0.24142518278562622,0.27533172275384954,0.27791576713826394,21.08,1028.596
1791008765.7453508,69.64737049429873,0.2401187315383273,0.2717548237995521,0.2782163420171935,21.08,1028.599
1791008797.080735,69.64737049429873,0.24950659627579477,0.27236418558037934,0.27411768565590156,21.11,1028.603
1791008828.4273512,69.64737049429873,0.2409184402056288,0.27185243795035396,0.27701805355417225,21.13,1028.604
1791008859.7587328,69.64737049429873,0.24019432809851943,0.27205977349813054,0.2771400932047904,21.14,1028.62
1791008891.1182616,69.64737049429873,0.2401338346584797,0.27290247303525605,0.27871922671511673,21.11,1028.616
1791008922.4577882,69.64737049429873,0.24016434974390355,0.27135030324359255,0.27630311049722894,21.08,1028.616
1791008953.8001878,69.64737049429873,0.2415321547219601,0.27052962025675864,0.27560516259230294,21.1,1028.626
1791008985.1478302,69.64737049429873,0.24125859372634878,0.2706495410750536,0.2799802000075576,21.13,1028.627
1791009016.4932814,69.64737049429873,0.2398297578068126,0.2714705878556017,0.2761520422692098,21.11,1028.642
1791009047.8438544,69.64737049429873,0.23978454375490574,0.27080318125236996,0.2824178782629094,21.11,1028.644
1791009079.1891637,69.64737049429873,0.24125859372634878,0.270375858814871,0.28147206008121095,21.1,1028.65
1791009110.5277255,69.64737049429873,0.2416392214956883,0.2730232850344327,0.28199551718262567,21.1,1028.652
1791009141.8803093,69.64737049429873,0.24115174294717281,0.27420741045742864,0.2776697044400608,21.08,1028.653
1791009173.2207417,69.64737049429873,0.24165098876266025,0.2722678420358214,0.27697236178457,21.07,1028.65
1791009204.5613585,69.64737049429873,0.2408452808046697,0.2735422125259189,0.27599448240501256,21.08,1028.655
1791009235.9137847,69.64737049429873,0.2405126205719775,0.2709370395976278,0.27529855534122405,21.11,1028.666
1791009267.2452366,69.64737049429873,0.2411645769232428,0.2733591846713504,0.28099858312005394,21.11,1028.659
1791009298.587949,69.64737049429873,0.24089174126436053,0.2704436924229864,0.2788158978489958,21.11,1028.658
1791009329.938277,69.64737049429873,0.2407114717351262,0.2745114032384893,0.27645404503075666,21.05,1028.669
1791009361.2669015,69.64737049429873,0.24318189114740418,0.27184230066368814,0.28162083903827806,21.08,1028.673
1791009392.60346,69.64737049429873,0.24236302230408177,0.2732070820692255,0.27812029512915987,21.08,1028.674
1791009423.955706,69.64737049429873,0.24083175773255405,0.272323884530862,0.2756636885991927,21.07,1028.67
1791009455.2923467,69.64737049429873,0.24875496026043828,0.2720179523759671,0.27888644065374396,21.08,1028.671
1791009486.6439645,69.64737049429873,0.24454132567368447,0.27162386423920387,0.28380835774590535,21.11,1028.679
1791009517.9852767,69.64737049429873,0.24141289870449265,0.2701878021843462,0.27530213949815946,21.1,1028.679
1791009549.323812,69.64737049429873,0.24147257960067542,0.27006792661044665,0.2756393866580343,21.07,1028.685
1791009580.6652365,69.64737049429873,0.24349719073307854,0.2738123522040944,0.27445072840465173,21.05,1028.69
1791009612.0118623,69.64737049429873,0.24338920502684874,0.27198540239541136,0.2769442330592556,21.05,1028.689
1791009643.3503695,69.64737049429873,0.24174638323298592,0.2721709862304265,0.27925748085952096,21.05,1028.7
1791009674.6947007,69.64737049429873,0.24093832507575053,0.27039185012967826,0.28162083903827806,21.01,1028.702
1791009706.0481987,69.64737049429873,0.23936050321189964,0.27099008811460185,0.2759076493391412,21.0,1028.705
1791009737.39375,69.64737049429873,0.2447064608470672,0.27174427011578445,0.2780932321056031,21.01,1028.702
1791009768.72416,69.64737049429873,0.24300763279660179,0.273507604581001,0.281870513742544,21.03,1028.71
1791009800.07683,69.64737049429873,0.2403167119052601,0.2741768032925139,0.28020315575954585,21.01,1028.712
1791009831.4262924,69.64737049429873,0.2398297578068126,0.27186478278713816,0.28075100598382147,21.03,1028.72
1791009862.7756417,69.64737049429873,0.23999712793459219,0.27490659618653956,0.28075100598382147,21.04,1028.721
1791009894.1153162,69.64737049429873,0.24125859372634878,0.2709566853385949,0.2811984990855997,21.03,1028.72
1791009925.4636137,69.64737049429873,0.2394050740407706,0.27208287949783283,0.27520983534296356,21.03,1028.73
1791009956.8122265,69.64737049429873,0.24081817471514025,0.27432901547793237,0.2775468364139876,21.07,1028.737
1791009988.1346161,69.64737049429873,0.24240149028452726,0.272533252619687,0.27898367722721046,21.07,1028.734
1791010019.4691339,69.64737049429873,0.23890239889386142,0.27099008811460185,0.27530213949815946,21.05,1028.736
1791010050.806706,69.64737049429873,0.24198308389988962,0.2717548237995521,0.27536125364752567,21.05,1028.743
1791010082.1520448,69.64737049429873,0.2395886451905302,0.27023857118278477,0.2817164454562312,21.05,1028.748
1791010113.4955618,69.64737049429873,0.24143741258212506,0.2726930074717505,0.2756928740471531,21.04,1028.76
1791010144.8480673,69.64737049429873,0.24083175773255405,0.2712963881014732,0.27812029512915987,21.07,1028.769
1791010176.191578,69.64737049429873,0.24122421359437873,0.27035799242364544,0.27457186347476287,21.07,1028.774
1791010207.5350912,69.64737049429873,0.2429089348662967,0.27448077113929975,0.2749663839869801,21.04,1028.786
1791010238.8646042,69.64737049429873,0.24334726219430097,0.27596558919037156,0.27980912443915834,21.05,1028.797
1791010270.2070448,69.64737049429873,0.2430744265354187,0.2732070820692255,0.28303350818909434,21.07,1028.803
1791010301.5556707,69.64737049429873,0.24236302230408177,0.273600998936803,0.2815202322278299,21.07,1028.821
1791010332.9021075,69.64737049429873,0.2430163738128373,0.27102343182036576,0.27906253913751117,21.1,1028.826
1791010364.249557,69.64737049429873,0.24083175773255405,0.27078400146922166,0.2755125380070509,21.08,1028.848
1791010395.5920703,69.64737049429873,0.24268489950356692,0.2706832455001415,0.27469330697694466,21.08,1028.85
1791010426.927585,69.64737049429873,0.24295821829213327,0.26952007638617104,0.27682152315581876,21.04,1028.857
1791010458.2501416,69.64737049429873,0.24284159776222783,0.27709508415143,0.2758203539653408,21.05,1028.88
1791010489.5976543,69.64737049429873,0.24154415346075936,0.2721152569447956,0.27505828291539614,21.03,1028.89
1791010520.883979,69.64737049429873,0.24022503040646967,0.27150356501550177,0.27508805580171797,21.05,1028.904
1791010552.2365696,69.64737049429873,0.2368403573886344,0.2723882132259031,0.2795829359600253,21.07,1028.913
1791010583.5852153,69.64737049429873,0.2412711971796519,0.27208287949783283,0.2759366448803001,21.08,1028.921
1791010614.9134748,69.64737049429873,0.24180571571757142,0.27186478278713816,0.2760297917086626,21.08,1028.933
1791010646.2418718,69.64737049429873,0.24826117874696155,0.2717770048539552,0.2763968685388902,21.08,1028.936
1791010677.5755765,69.64737049429873,0.24339710568802017,0.27438987897726447,0.28464998040498884,21.1,1028.954
1791010708.916862,69.64737049429873,0.2415321547219601,0.2734176438846756,0.27682152315581876,21.04,1028.963
1791010740.2605197,69.64737049429873,0.24454132567368447,0.2747246535167895,0.2840817975843588,21.05,1028.965
1791010771.6071043,69.64737049429873,0.24312390784221244,0.27387407594683844,0.28326147806899854,21.07,1028.973
1791010802.9535165,69.64737049429873,0.24252875521765413,0.2728135133535859,0.27866620769137485,21.08,1028.976
1791010834.2999914,69.64737049429873,0.24263597858518923,0.2730548449167322,0.27906253913751117,21.04,1028.989
1791010865.6236124,69.64737049429873,0.24257751215059697,0.2721152569447956,0.2774240770772987,21.05,1028.992
1791010896.9779775,69.64737049429873,0.24061890560547827,0.2705112863260032,0.2759366448803001,21.08,1028.994
1791010928.3125722,69.64737049429873,0.24198308389988962,0.2723882132259031,0.2778745951929004,21.08,1029.004
1791010959.662855,69.64737049429873,0.2424702197927665,0.27290247303525605,0.2797580328158047,21.1,1029.006
1791010990.9955485,69.64737049429873,0.24175791861317372,0.2715364838062173,0.28040289232572435,21.07,1029.008
1791011022.339958,69.64737049429873,0.2421971427827311,0.2764825574425151,0.2817933092378653,21.08,1029.015
1791011053.6695826,69.64737049429873,0.24104498677216873,0.27423796340003587,0.2778200342597954,21.11,1029.022
1791011084.9949682,69.64737049429873,0.24197206246253303,0.2721152569447956,0.2772458016230234,21.1,1029.027
1791011116.3444,69.64737049429873,0.24520098989312056,0.2737529946314404,0.2764825574425151,21.14,1029.032
1791011147.6859615,69.64737049429873,0.2423145925302778,0.2754201589039347,0.27866620769137485,21.13,1029.044
1791011179.0254438,69.64737049429873,0.24526086646003176,0.27127572894682767,0.28511196576431547,21.15,1029.049
1791011210.3749027,69.64737049429873,0.241556099269443,0.2705786417922571,0.28473481724683475,21.15,1029.052
1791011241.7234652,69.64737049429873,0.23990641577411456,0.27339039220340067,0.27938747635084543,21.11,1029.059
1791011273.0689454,69.64737049429873,0.2440579174338169,0.2717221707180568,0.27980912443915834,21.1,1029.059
1791011304.4123595,69.64737049429873,0.2478202466556913,0.2724202923285321,0.27678373462002676,21.11,1029.058
1791011335.76384,69.64737049429873,0.2476032142956563,0.27378386804462423,0.27487472861749784,21.13,1029.059
1791011367.1067023,69.64737049429873,0.24749389247579826,0.272484280795758,0.27596558919037156,21.11,1029.054
1791011398.4490073,69.64737049429873,0.24705756885030358,0.2719073659398564,0.2765677929461169,21.11,1029.059
1791011429.7985752,69.64737049429873,0.24107105736576956,0.27275651493911524,0.27844675228410626,21.13,1029.062
1791011461.127912,69.64737049429873,0.24030033194264883,0.27560037854253183,0.28008159887016876,21.13,1029.06
1791011492.4724398,69.64737049429873,0.24645847548476774,0.27214757718531374,0.2826815886313343,21.13,1029.059
1791011523.7999587,69.64737049429873,0.2423145925302778,0.2721243124558181,0.2754201589039347,21.1,1029.058
1791011555.1484551,69.64737049429873,0.24362746159988818,0.27490458468097095,0.2778336770705646,21.08,1029.057
1791011586.487055,69.64737049429873,0.24417192988660272,0.2717874192639459,0.2763889342771231,21.13,1029.059
1791011617.8225372,69.64737049429873,0.24296705686094325,0.27629555880275963,0.27874566609297496,21.07,1029.053
1791011649.1648953,69.64737049429873,0.24422878542924353,0.2760233246594023,0.27629555880275963,21.1,1029.061
1791011680.5074446,69.64737049429873,0.24144958845303008,0.2753574413226464,0.2772622404313617,21.07,1029.067
1791011711.843977,69.64737049429873,0.24079894320738163,0.2738454515125443,0.27850006460047416,21.07,1029.071
1791011743.1633937,69.64737049429873,0.24243162815770913,0.27306017901773916,0.2769621497134554,21.07,1029.077
1791011774.4989455,69.64737049429873,0.2426550118463989,0.2708316421346819,0.2804040245544315,21.07,1029.076
1791011805.8362846,69.64737049429873,0.24022404312731874,0.2716458315260048,0.2762880668080478,21.05,1029.085
1791011837.1859393,69.64737049429873,0.24548386136379102,0.27246002091732774,0.28141610422187974,21.07,1029.087
1791011868.5364027,69.64737049429873,0.24054097504100982,0.2758091019885332,0.2784307431203624,21.03,1029.098
1791011899.8758163,69.64737049429873,0.24162703830710783,0.27288286017050034,0.2892695190305026,21.05,1029.106
1791011931.2112744,69.64737049429873,0.24168598034107888,0.277643857171985,0.27996132270545687,21.1,1029.111
1791011962.5509732,69.64737049429873,0.24272241976116435,0.2732742103086506,0.28240067401392854,21.08,1029.109
1791011993.9003203,69.64737049429873,0.2367397536096668,0.27222069571623625,0.2768023643377166,21.1,1029.116
1791012025.241802,69.64737049429873,0.24244158575668134,0.2731541373864083,0.2770737608014909,21.11,1029.113
1791012056.5852664,69.64737049429873,0.2383688485088138,0.2697802730611493,0.27653096787394227,21.07,1029.116
1791012087.9357722,69.64737049429873,0.24162703830710783,0.27381700323619923,0.275294999556146,21.04,1029.112
1791012119.2822506,69.64737049429873,0.24156799249747649,0.27466215394261606,0.2787021395841367,21.03,1029.108
1791012150.620984,69.64737049429873,0.24102448282301528,0.2691685087325213,0.2767180121145859,21.1,1029.114
1791012181.9752324,69.64737049429873,0.24217006994015686,0.27435979616374784,0.2765026611385415,21.05,1029.117
1791012213.3167734,69.64737049429873,0.24157983349125595,0.27113606342508645,0.2811447077581054,21.08,1029.115
1791012244.654413,69.64737049429873,0.239139410836169,0.2703898916971899,0.2750826200885137,21.04,1029.111
1791012276.003667,69.64737049429873,0.23909554146924503,0.27032258920672414,0.27767111269107536,21.04,1029.119
1791012307.2983847,69.64737049429873,0.2403295942615388,0.27336330845345774,0.2756246981570629,21.04,1029.127
1791012338.6528468,69.64737049429873,0.24141470312517085,0.27330532800738594,0.2760808568257638,21.1,1029.129
1791012369.99426,69.64737049429873,0.24142685938145153,0.27399846395141514,0.2756246981570629,21.08,1029.132
1791012401.3237233,69.64737049429873,0.24174481887273488,0.27838831619700644,0.2778201231538485,21.1,1029.138
1791012432.6721966,69.64737049429873,0.23974229865861377,0.2714726218772175,0.28013446331743835,21.07,1029.145
1791012464.0116286,69.64737049429873,0.24126195163341868,0.2715591126429435,0.27944493077697874,21.05,1029.142
1791012495.356093,69.64737049429873,0.2424033143647928,0.27183015167721813,0.27616677622561214,21.04,1029.15
1791012526.6866908,69.64737049429873,0.24488522810540184,0.27297140257267993,0.27697989332843603,21.04,1029.148
1791012558.033103,69.64737049429873,0.24297585647448494,0.272484280795758,0.28722280515221876,21.04,1029.156
1791012589.3856914,69.64737049429873,0.24341280259183332,0.275265592314072,0.2832935429959676,21.04,1029.156
1791012620.7410445,69.64737049429873,0.2428198871257081,0.27285135720742554,0.2826029729192984,21.03,1029.16
1791012652.0927322,69.64737049429873,0.24222853477289488,0.2719817905862062,0.275294999556146,21.04,1029.16
1791012683.450198,69.64737049429873,0.24087214869335485,0.27475196792309703,0.2756246981570629,21.07,1029.164
1791012714.7896173,69.64737049429873,0.23941056890895643,0.27176529394132753,0.2792449325116853,21.05,1029.165
1791012746.1361604,69.64737049429873,0.24060087147744683,0.27140722149787394,0.27828167353791555,21.07,1029.165
1791012777.48555,69.64737049429873,0.24694875332254318,0.272731417381102,0.27589573719133753,21.07,1029.171
1791012808.829086,69.64737049429873,0.24168598034107888,0.2714399503857424,0.2755665153726706,21.08,1029.174
1791012840.1724908,69.64737049429873,0.24246137015743655,0.2728322214082064,0.28131651787683004,21.11,1029.173
1791012871.5200822,69.64737049429873,0.24133338777412336,0.271656685322168,0.2842803512383816,21.07,1029.17
1791012902.8654625,69.64737049429873,0.2397135535399252,0.27099737590953354,0.27952171951487526,21.1,1029.172
1791012934.2071173,69.64737049429873,0.24008851008059315,0.2697984623940934,0.2742398800955164,21.08,1029.168
1791012965.5436618,69.64737049429873,0.24013356902533026,0.270812526337593,0.2773609957102571,21.08,1029.176
1791012996.899039,69.64737049429873,0.23822131142716474,0.2733943888404745,0.27526217750731413,21.07,1029.18
1791013028.2448225,69.64737049429873,0.24005831704563077,0.2747818006818564,0.27830840448866057,21.04,1029.178
1791013059.574134,69.64737049429873,0.24157983349125595,0.2704413652273282,0.2793935133522926,21.0,1029.176
1791013090.9214478,69.64737049429873,0.24564720458306744,0.272826034602252,0.2737274249171405,20.98,1029.179
1791013122.263135,69.64737049429873,0.24197914340963408,0.27123479071713463,0.27637325343143276,20.98,1029.177
1791013153.6057217,69.64737049429873,0.24160336014648973,0.2724119463148994,0.280036822082415,21.01,1029.182
1791013184.9569087,69.64737049429873,0.2437062990108447,0.2718080019560293,0.27657882816327956,21.0,1029.183
1791013216.3035347,69.64737049429873,0.2411097351961064,0.2731018400898479,0.27721217559933403,21.03,1029.188
1791013247.6321335,69.64737049429873,0.2452757209652352,0.2728635211445289,0.27915535820324155,21.03,1029.194
1791013278.9656339,69.64737049429873,0.24112251515299182,0.27459963454648695,0.2782245950410371,21.03,1029.204
1791013310.3040617,69.64737049429873,0.24053751287676262,0.2766068829511879,0.2774430389824624,21.07,1029.208
1791013341.6415408,69.64737049429873,0.24457826391023338,0.27181817216946086,0.27888562172770787,21.07,1029.214
1791013372.995994,69.64737049429873,0.24035860055617042,0.2712472207311406,0.27705277224151653,21.03,1029.222
1791013404.3385067,69.64737049429873,0.24273169714970258,0.2724040977434145,0.2810435135319774,21.03,1029.224
1791013435.6859152,69.64737049429873,0.2421221496368308,0.271050091390806,0.27767111269107536,21.04,1029.234
1791013467.0636456,69.64737049429873,0.24121535064939303,0.2721653459553454,0.27688627277735556,21.04,1029.234
1791013498.4099574,69.64737049429873,0.23959267821329888,0.2716890957231343,0.2773060605028045,21.05,1029.24
1791013529.7555285,69.64737049429873,0.24068819663448737,0.26974861671594547,0.27603911941848575,21.05,1029.24
1791013561.1013358,69.64737049429873,0.24101721697450523,0.2711817407153409,0.2743301335559013,21.05,1029.238
1791013592.444561,69.64737049429873,0.2417090529340568,0.2722611582049287,0.2768765016328294,21.05,1029.236
1791013623.7880163,69.64737049429873,0.2427409340061939,0.2723802105962546,0.27645799344790467,21.04,1029.237
1791013655.1364343,69.64737049429873,0.24224923388521136,0.2760105433323707,0.2827628052218026,21.13,1029.244
1791013686.480928,69.64737049429873,0.24474086226818784,0.272744517578406,0.2780496304159481,21.08,1029.245
1791013717.8245802,69.64737049429873,0.24150967127085501,0.2722059857455172,0.2766348887757683,21.07,1029.24
1791013749.1551096,69.64737049429873,0.23952034819859389,0.2722059857455172,0.28243809057040464,21.1,1029.245
1791013780.4924242,69.64737049429873,0.24188442988791953,0.27265704294957616,0.27839910182373856,21.05,1029.247
1791013811.841947,69.64737049429873,0.23848650180801148,0.27160273688829834,0.2766907540467793,21.03,1029.256
1791013843.1893442,69.64737049429873,0.23960877914489964,0.2711160313376359,0.27942509467877524,21.05,1029.259
1791013874.532936,69.64737049429873,0.24592064537094893,0.27586113218850783,0.27655072428352523,21.05,1029.265
1791013905.8674538,69.64737049429873,0.24241327726358877,0.2739106961347725,0.2776310861858344,21.07,1029.272
1791013937.1968038,69.64737049429873,0.24173192453768558,0.2788420666319543,0.27864214940527154,21.07,1029.28
1791013968.5382917,69.64737049429873,0.238339852571309,0.27280713351581765,0.2796488088513949,21.07,1029.287
1791013999.8697333,69.64737049429873,0.2435649766253181,0.27304488408394506,0.2758840118273387,21.04,1029.292
1791014031.2052903,69.64737049429873,0.2457107644596767,0.27131247258384183,0.2751971341002326,21.05,1029.301
1791014062.5348012,69.64737049429873,0.24157994966343424,0.2711743162495183,0.2809933792171293,21.07,1029.3
1791014093.8862097,69.64737049429873,0.23970082502736814,0.27140992515896756,0.27933496966083915,21.04,1029.299
1791014125.167768,69.64737049429873,0.24796765922646058,0.27355563026163,0.2754331222264596,21.05,1029.311
1791014156.4992094,69.64737049429873,0.24372752067608125,0.27271972934681576,0.27540419311262454,21.08,1029.314
1791014187.8456614,69.64737049429873,0.24861180844317946,0.28026095870745005,0.28079738498311557,21.07,1029.315
1791014219.1831467,69.64737049429873,0.24223244341424333,0.271463148534368,0.2778470404669548,21.08,1029.32
1791014250.5287404,69.64737049429873,0.24188442988791953,0.2760961219713055,0.27642183997363245,21.05,1029.317
1791014281.8782282,69.64737049429873,0.24209569170107134,0.27717365558023105,0.2760961219713055,21.05,1029.318
1791014313.2267609,69.64737049429873,0.24091201072328225,0.27379113157473,0.2760961219713055,21.04,1029.31
1791014344.549327,69.64737049429873,0.24226975268397932,0.27158138665698867,0.27905933939585076,21.08,1029.315
1791014375.897567,69.64737049429873,0.24001389996844646,0.26976681920442613,0.2766907540467793,21.05,1029.312
1791014407.2220933,69.64737049429873,0.24995938883117377,0.27027029323604757,0.27671861374801293,21.03,1029.314
1791014438.5666726,69.64737049429873,0.24271111941085782,0.27072289409186806,0.28008956477232916,21.03,1029.319
1791014469.916018,69.64737049429873,0.24485682451352025,0.2724512829702349,0.2837477294992764,21.0,1029.321
1791014501.258569,69.64737049429873,0.24265373516975777,0.27090633594548796,0.2755816162755289,21.01,1029.324
1791014532.6101801,69.64737049429873,0.24217469313519221,0.2724512829702349,0.2746284828129612,21.03,1029.325
1791014563.9476726,69.64737049429873,0.2425482749069908,0.27191439021707314,0.28157845977398466,21.05,1029.335
1791014595.3020704,69.64737049429873,0.24314191915963312,0.27293171339655903,0.2803827635266831,21.05,1029.337
1791014626.6435757,69.64737049429873,0.2418014358077366,0.27796779616797934,0.27930944470059255,21.05,1029.345
1791014657.9880242,69.64737049429873,0.24272032879556185,0.27334884691298794,0.27706988293818546,21.04,1029.347
1791014689.3284318,69.64737049429873,0.24080138889238772,0.2730810990388682,0.2784622830500861,21.04,1029.348
1791014720.657862,69.64737049429873,0.24110184058386103,0.27215105338537077,0.2782889941696444,21.03,1029.344
1791014751.999433,69.64737049429873,0.24506563387220742,0.273313915335981,0.27549510347871686,21.03,1029.343
1791014783.3509514,69.64737049429873,0.24074759829286368,0.27528797176461134,0.28297662240329347,21.01,1029.346
1791014814.6834428,69.64737049429873,0.24076113383963246,0.2737326992421637,0.27705277224151653,21.03,1029.352
1791014846.0309234,69.64737049429873,0.24147495608090022,0.2696989881449605,0.27952705842306586,21.05,1029.347
1791014877.3644395,69.64737049429873,0.23844375406623164,0.2709584177355764,0.27552399125395277,21.01,1029.348
1791014908.7168336,69.64737049429873,0.2405061641571108,0.27280713351581765,0.2756150977541918,21.01,1029.348
1791014940.0604005,69.64737049429873,0.23893871198328676,0.2727509908481316,0.2771078854564565,21.01,1029.342
1791014971.4079037,69.64737049429873,0.23977637888230935,0.2714746117941495,0.2746580602019125,21.01,1029.343
1791015002.7403967,69.64737049429873,0.24157994966343424,0.2716459438404923,0.28123549859484137,21.01,1029.356
1791015034.0849023,69.64737049429873,0.2469488771950517,0.27200074252694784,0.2771628070484114,21.03,1029.35
1791015065.4324567,69.64737049429873,0.2435649766253181,0.27057215833416876,0.2763578179288435,21.03,1029.355
1791015096.7507958,69.64737049429873,0.2429793325486906,0.27194635143463314,0.27513574673604363,20.97,1029.353
1791015128.0945241,69.64737049429873,0.24116052219812198,0.27370493958287373,0.2784097844583371,21.01,1029.354
1791015159.447866,69.64737049429873,0.24512901508822302,0.2722462374656396,0.2766540029570461,20.97,1029.37
1791015190.7893271,69.64737049429873,0.24259625103886287,0.27675564247117207,0.277458292968184,20.98,1029.373
1791015222.1340206,69.64737049429873,0.2415564543377883,0.2725626027265648,0.27984230713088626,21.04,1029.372
1791015253.4722788,69.64737049429873,0.24252901666679602,0.27062360281562164,0.2769042721779997,21.04,1029.388
1791015284.8148623,69.64737049429873,0.24152153095353535,0.27421118027666236,0.2751971341002326,21.04,1029.39
1791015316.1411922,69.64737049429873,0.24055149396102635,0.2710435585106949,0.2770148713721098,21.04,1029.403
1791015347.4848907,69.64737049429873,0.24442106526915428,0.2743900403441248,0.27842550912466385,21.03,1029.405
1791015378.83537,69.64737049429873,0.24184839604001515,0.27409205653729557,0.276237761639958,21.05,1029.404
1791015410.1677153,69.64737049429873,0.24083362744602824,0.2725697966244151,0.2852330964091838,21.03,1029.409
1791015441.5073245,69.64737049429873,0.24909644820769872,0.271613693342707,0.2768668069946517,21.04,1029.395
1791015472.8377235,69.64737049429873,0.24475049918190894,0.2722462374656396,0.2837042943026421,21.04,1029.397
1791015504.1722975,69.64737049429873,0.24196446311021297,0.27427103358983035,0.2782889941696444,21.04,1029.39
1791015535.504823,69.64737049429873,0.2453417174151694,0.2727821980737003,0.27733786324221577,21.05,1029.389
1791015566.854222,69.64737049429873,0.2406836062703762,0.2761743050825226,0.27644193689281826,21.03,1029.39
1791015598.200808,69.64737049429873,0.2453417174151694,0.2726325529013566,0.2799211504266622,21.0,1029.379
1791015629.5463226,69.64737049429873,0.24400239722189807,0.2734674414738676,0.2793604503242615,21.0,1029.382
1791015660.895656,69.64737049429873,0.2436781125003917,0.27215105338537077,0.28403737084297387,21.03,1029.376
1791015692.2272816,69.64737049429873,0.24275013059568057,0.27573519660430446,0.2796488088513949,21.03,1029.376
1791015723.5519383,69.64737049429873,0.23962480985574416,0.2715490236363703,0.2785468854967248,21.05,1029.365
1791015754.8971632,69.64737049429873,0.2421642759387659,0.27185030073013555,0.28448926216803866,21.04,1029.367
1791015786.241678,69.64737049429873,0.24147495608090022,0.27179621291795864,0.2765982438465119,21.03,1029.362
1791015817.5863407,69.64737049429873,0.24083362744602824,0.27159239320328765,0.2754331222264596,21.03,1029.358
1791015848.9345791,69.64737049429873,0.24481065221905712,0.2718382750466733,0.27575857778006585,21.01,1029.355
1791015880.2661555,69.64737049429873,0.24176586079579482,0.2738562440739058,0.2807724704811448,21.04,1029.352
1791015911.5395362,69.64737049429873,0.24241493277082027,0.2767925569584081,0.2788075127850913,21.04,1029.347
1791015942.890188,69.64737049429873,0.24385380819404467,0.2742715358534288,0.2852112449239089,21.04,1029.34
1791015974.2236884,69.64737049429873,0.2445485880477496,0.27201939973821465,0.27717933499182446,21.03,1029.339
1791016005.5791624,69.64737049429873,0.24315842755410874,0.27507200237078094,0.27655341720168947,21.04,1029.337
1791016036.9225972,69.64737049429873,0.24759068109469215,0.2743306795202276,0.2771247038148305,21.01,1029.33
1791016068.2640545,69.64737049429873,0.24217469313519221,0.2733447275083975,0.2839570789534203,21.03,1029.341
1791016099.6056788,69.64737049429873,0.24125285093220344,0.274031813534694,0.2769596681199262,21.04,1029.338
1791016130.9430704,69.64737049429873,0.242327571017531,0.2724827777102988,0.28451033436663775,21.03,1029.339
1791016162.2774413,69.64737049429873,0.23938856577432288,0.27334884691298794,0.2767741879156236,21.0,1029.341
1791016193.6329882,69.64737049429873,0.24116052219812198,0.27483614603104417,0.2748067616671389,21.01,1029.35
1791016224.976356,69.64737049429873,0.2414868498927355,0.27215982792808735,0.2761743050825226,21.0,1029.355
1791016256.3167932,69.64737049429873,0.24176586079579482,0.2712068639200298,0.2820622049090277,21.01,1029.354
1791016287.6692934,69.64737049429873,0.2409056814883083,0.2730501783777306,0.27471706119137057,21.01,1029.364
1791016319.0129023,69.64737049429873,0.24057927431319637,0.27177438687380834,0.28055362689057967,21.01,1029.355
1791016350.3623805,69.64737049429873,0.24534522066261308,0.2728444502620128,0.27513287947299364,21.04,1029.361
1791016381.6919587,69.64737049429873,0.2431501912393396,0.27093911604591003,0.2815269412884363,21.04,1029.369
1791016413.0183227,69.64737049429873,0.24185948491266393,0.2772175380150273,0.2788506231854795,21.03,1029.371
1791016444.3647234,69.64737049429873,0.2456642787088144,0.2741520905353472,0.2847177310973468,21.04,1029.363
1791016475.704437,69.64737049429873,0.23924111526171796,0.2788764792525686,0.28101567912661146,21.05,1029.363
1791016507.0579033,69.64737049429873,0.2435649766253181,0.27191439021707314,0.2804808791581007,21.07,1029.362
1791016538.4033449,69.64737049429873,0.24582041129484558,0.27292595702272304,0.2759410858657863,21.04,1029.366
1791016569.7487247,69.64737049429873,0.2404016372548097,0.2727821980737003,0.2781564778726279,21.05,1029.366
1791016601.105648,69.64737049429873,0.2418126120040841,0.273677348171077,0.2766818099377188,21.05,1029.357
1791016632.4287152,69.64737049429873,0.24284344217657955,0.27830014443739615,0.2805053019216561,21.05,1029.359
1791016663.7743037,69.64737049429873,0.24433748841350167,0.27160331412892136,0.28137774727254233,21.03,1029.366
1791016695.1246161,69.64737049429873,0.24476005276383728,0.27142157089904034,0.27922048629785107,21.04,1029.357
1791016726.4702656,69.64737049429873,0.24320694688838937,0.27153907439685326,0.2849238719122937,21.05,1029.365
1791016757.8158324,69.64737049429873,0.2423576149492445,0.27157122204941575,0.2759634364103482,21.07,1029.358
1791016789.1422777,69.64737049429873,0.24209067741428975,0.2734710693360765,0.27732643202831764,21.05,1029.357
1791016820.4856062,69.64737049429873,0.24299655134285708,0.2731735400329611,0.2778603070982271,21.04,1029.358
1791016851.8311493,69.64737049429873,0.23999953622705383,0.2759634364103482,0.2782475469808547,21.07,1029.346
1791016883.1796255,69.64737049429873,0.24044411645968222,0.2742715358534288,0.27972886984291045,21.04,1029.346
1791016914.5211267,69.64737049429873,0.24091876429708656,0.2726706028187243,0.2781536586593864,21.04,1029.345
1791016945.8716667,69.64737049429873,0.24182373987933495,0.27358930653895097,0.2782738684401898,21.05,1029.348
1791016977.2160857,69.64737049429873,0.2415568023443802,0.27733786324221577,0.28026274491281994,21.04,1029.353
1791017008.5467632,69.64737049429873,0.24469491255917195,0.27158138665698867,0.2820159363646322,21.04,1029.356
1791017039.888118,69.64737049429873,0.2414164714401998,0.2715601662198393,0.27549510347871686,21.03,1029.356
1791017071.230571,69.64737049429873,0.23976077489469705,0.272427459738383,0.2751649090886268,21.03,1029.359
1791017102.5732434,69.64737049429873,0.24160324155772162,0.27065299365444867,0.2785829913751838,20.98,1029.363
1791017133.9196234,69.64737049429873,0.24171923081443877,0.27323490125727945,0.2781272446331819,20.98,1029.367
1791017165.2500837,69.64737049429873,0.24011829777973434,0.27208267241778367,0.2776202448401541,20.98,1029.379
1791017196.579755,69.64737049429873,0.24242472890926114,0.273413906679751,0.27927133743240734,21.01,1029.377
1791017227.9121406,69.64737049429873,0.2415684580283539,0.2726151661225706,0.28033632484198123,21.01,1029.388
1791017259.2535958,69.64737049429873,0.24066554383535424,0.27273277901553283,0.2763426220560792,21.0,1029.394
1791017290.6011188,69.64737049429873,0.24455378559705251,0.2718482095527955,0.27740760946565307,21.0,1029.399
1791017321.9425619,69.64737049429873,0.24072417159385462,0.2706018852728197,0.27794010317044,21.03,1029.399
1791017353.2760344,69.64737049429873,0.2423102586839357,0.2722861066478308,0.27513003447608503,21.0,1029.409
1791017384.6186686,69.64737049429873,0.24031164250290069,0.2720963595605979,0.2756056467156824,20.98,1029.416
1791017415.957065,69.64737049429873,0.24034221884764065,0.2726012020375265,0.27799448630894263,20.97,1029.419
1791017447.299572,69.64737049429873,0.24775249376305783,0.2749845770384217,0.278194767203035,21.0,1029.417
1791017478.6410394,69.64737049429873,0.24187052577949955,0.2719559080180177,0.2792648305912394,21.0,1029.43
1791017509.9636223,69.64737049429873,0.2415104834449699,0.27578173694132035,0.2773805970359552,20.98,1029.434
1791017541.3139966,69.64737049429873,0.24823024071824915,0.27441976192476014,0.28656448857337596,21.03,1029.432
1791017572.65644,69.64737049429873,0.24273862831886683,0.2716353507793479,0.27590081872049876,21.03,1029.44
1791017604.0099475,69.64737049429873,0.2457759513861208,0.2751909317486796,0.27842036556900257,21.05,1029.445
1791017635.3665042,69.64737049429873,0.241881518951588,0.2725840167520507,0.2798748014748942,21.03,1029.448
1791017666.7029278,69.64737049429873,0.24609660723161922,0.27764707371839437,0.28271013068473805,21.01,1029.451
1791017698.0466235,69.64737049429873,0.24183481974619303,0.27388634810552775,0.27912546024367213,21.05,1029.456
1791017729.3528466,69.64737049429873,0.24183481974619303,0.2724664172976937,0.28855522813441686,21.03,1029.455
1791017760.6954107,69.64737049429873,0.24177707519129188,0.2721685342719918,0.2835095607320555,21.01,1029.46
1791017792.0379798,69.64737049429873,0.2415684580283539,0.2763426220560792,0.27994935303158386,21.0,1029.47
1791017823.3874474,69.64737049429873,0.2412898648094255,0.2771247038148305,0.2788848246876882,21.03,1029.474
1791017854.741777,69.64737049429873,0.2434742311101673,0.2720419027208595,0.2840801158381594,21.01,1029.475
1791017886.0785215,69.64737049429873,0.2422900935150948,0.2732303551692701,0.2761743050825226,21.01,1029.471
1791017917.4078262,69.64737049429873,0.24142850250215234,0.27765973550893275,0.276202479410015,21.01,1029.487
1791017948.7553103,69.64737049429873,0.24154509615703296,0.27652561942345333,0.278194767203035,21.01,1029.493
1791017980.0969102,69.64737049429873,0.2408146913131233,0.2733529342862954,0.2809420901646972,21.0,1029.5
1791018011.4452393,69.64737049429873,0.24166128635656928,0.27213695847382285,0.27854069061264053,21.01,1029.512
1791018042.7758682,69.64737049429873,0.24161481204197177,0.2752198826536086,0.2804084458197957,21.04,1029.514
1791018074.1193068,69.64737049429873,0.2415104834449699,0.27578173694132035,0.27655341720168947,21.05,1029.521
1791018105.4646635,69.64737049429873,0.2460425431324427,0.27095257209974993,0.2785667361837181,21.01,1029.524
1791018136.8172622,69.64737049429873,0.24284344217657955,0.2790050905800139,0.27992454539718953,21.05,1029.531
1791018168.1657574,69.64737049429873,0.2464693018730148,0.27288141297496404,0.2857845031896505,21.04,1029.54
1791018199.504212,69.64737049429873,0.2409317906877477,0.2742423663188679,0.2766088689084727,21.0,1029.542
1791018230.8396683,69.64737049429873,0.24625672773561708,0.2728504934344898,0.28263314642624643,21.03,1029.548
1791018262.1882818,69.64737049429873,0.2416727215891103,0.2716673321441763,0.27948719320746723,21.01,1029.553
1791018293.5197666,69.64737049429873,0.24193919827154942,0.2691677450740977,0.2816675591039486,21.01,1029.554
1791018324.8662374,69.64737049429873,0.24106867311416566,0.2719240796619294,0.27477585801650645,20.97,1029.556
1791018356.207606,69.64737049429873,0.2412315236768174,0.2743306795202276,0.2755483377235227,20.95,1029.554
1791018387.554326,69.64737049429873,0.24117308147256364,0.2688662321790737,0.2756676794415044,20.94,1029.557
1791018418.8915813,69.64737049429873,0.2454000283181751,0.27053602543911837,0.28235267904788824,20.95,1029.546
1791018450.2432022,69.64737049429873,0.24065194212463584,0.27053602543911837,0.2752198826536086,20.94,1029.546
1791018481.5779023,69.64737049429873,0.2412315236768174,0.27103711605490066,0.275042911013764,20.91,1029.539
1791018512.9199975,69.64737049429873,0.24278651950424174,0.271453806259313,0.2753099640110216,20.94,1029.54
1791018544.2614822,69.64737049429873,0.24214822586120413,0.27140097042633715,0.2826876761228612,20.95,1029.537
1791018575.6071537,69.64737049429873,0.2409317906877477,0.27048519130342286,0.28244365400229887,20.97,1029.543
1791018606.93556,69.64737049429873,0.24737460705516678,0.2714331262804185,0.2780864284297665,21.0,1029.542
1791018638.286127,69.64737049429873,0.24130209631051472,0.27711412035351607,0.2766088689084727,21.03,1029.533
1791018669.6236305,69.64737049429873,0.2407693728748365,0.27740760946565307,0.2780600133723155,20.98,1029.536
1791018700.9770284,69.64737049429873,0.24615057811289603,0.27075143815581637,0.28287680597729703,20.95,1029.527
1791018732.308547,69.64737049429873,0.24428765351107862,0.269570201678601,0.2778202963437925,20.97,1029.525
1791018763.6271536,69.64737049429873,0.24005896837302396,0.27222307657750644,0.2767557679998969,20.94,1029.523
1791018794.9615169,69.64737049429873,0.2453966468985187,0.2702530730100164,0.27391451365021724,20.93,1029.52
1791018826.3020794,69.64737049429873,0.2414868498927355,0.2730810990388682,0.2746580602019125,20.93,1029.53
1791018857.6499374,69.64737049429873,0.2419174333646748,0.2748654794887383,0.27682956927654495,20.95,1029.528
1791018888.9949384,69.64737049429873,0.24117308147256364,0.27153907439685326,0.28142859060263786,21.0,1029.525
1791018920.3415034,69.64737049429873,0.24105589279670112,0.27249024513699516,0.2749845770384217,20.98,1029.539
1791018951.6719046,69.64737049429873,0.24096435511732872,0.2718701363013721,0.2758156219453007,20.98,1029.535
1791018983.003721,69.64737049429873,0.2424721516364277,0.2716673321441763,0.27628671029207325,20.98,1029.542
1791019014.340943,69.64737049429873,0.23948115676504247,0.27053602543911837,0.27590081872049876,20.94,1029.555
1791019045.685385,69.64737049429873,0.24268163968043646,0.2757248068185891,0.27492399421372476,20.95,1029.548
1791019077.0370111,69.64737049429873,0.24091876429708656,0.27213695847382285,0.27705949449336287,20.89,1029.546
1791019108.3793838,69.64737049429873,0.24087329154179288,0.27450838373732034,0.27587246888813316,20.93,1029.55
1791019139.7328944,69.64737049429873,0.24407723321954547,0.27796661017720264,0.2889978439546972,20.93,1029.56
1791019171.0833979,69.64737049429873,0.24071070820600413,0.2764977735293256,0.28062673793730397,20.98,1029.567
1791019202.4188046,69.64737049429873,0.24304488136235108,0.27489476217239345,0.2753099640110216,20.97,1029.56
1791019233.794455,69.64737049429873,0.24304488136235108,0.27394463239285494,0.2866310787959738,20.95,1029.57
1791019265.130851,69.64737049429873,0.24240509422305548,0.27441976192476014,0.2758156219453007,21.0,1029.572
1791019296.4783053,69.64737049429873,0.24225287515934024,0.27854069061264053,0.2808207277555481,20.98,1029.567
1791019327.831772,69.64737049429873,0.2424721516364277,0.27575329647284097,0.28322108994209355,20.98,1029.566
1791019359.1783855,69.64737049429873,0.23954090812959716,0.2732655024512111,0.27842036556900257,20.98,1029.569
1791019390.5358703,69.64737049429873,0.2445485880477496,0.2731169701169289,0.2783263750901547,21.0,1029.569
1791019421.8673892,69.64737049429873,0.240281277493891,0.2725840167520507,0.2790999196763619,20.98,1029.568
1791019453.2228053,69.64737049429873,0.24556388379594093,0.273029918796262,0.2780600133723155,20.98,1029.568
1791019484.5494282,69.64737049429873,0.24087329154179288,0.2748344517352111,0.276994566500959,20.98,1029.565
1791019515.8368359,69.64737049429873,0.24149869223630613,0.27332236900399626,0.2751909317486796,20.95,1029.565
1791019547.1842122,69.64737049429873,0.2404890522045612,0.2723094185679106,0.2770868310209218,20.95,1029.571
1791019578.509703,69.64737049429873,0.24304488136235108,0.2712393551797061,0.2775394793312918,20.95,1029.575
1791019609.8383923,69.64737049429873,0.24153333913735733,0.26978487978788657,0.27644193689281826,20.93,1029.571
1791019641.1866758,69.64737049429873,0.2454514812206493,0.27234092706218715,0.27447920083641086,20.94,1029.568
1791019672.5241737,69.64737049429873,0.24630913487876466,0.27368015353214453,0.27489476217239345,20.97,1029.561
1791019703.8697257,69.64737049429873,0.2431666283353887,0.2773535379305379,0.27897945713059,20.98,1029.555
1791019735.216165,69.64737049429873,0.2420330293552835,0.27332236900399626,0.2797539001170834,20.94,1029.538
1791019766.5657897,69.64737049429873,0.24283453503374958,0.2732042471636258,0.27625868188849856,20.97,1029.532
1791019797.9091952,69.64737049429873,0.24652202991855207,0.2732042471636258,0.2768201241113056,20.95,1029.522
1791019829.252738,69.64737049429873,0.24177707519129188,0.27299914073337195,0.2809420901646972,20.97,1029.518
1791019860.5982733,69.64737049429873,0.24263390489971043,0.27086824699065887,0.28111127059010316,20.98,1029.514
1791019891.9447405,69.64737049429873,0.2415104834449699,0.2737680847499233,0.27551526025888123,20.97,1029.525
1791019923.285211,69.64737049429873,0.24460396509594085,0.2721685342719918,0.2760482136237595,20.98,1029.519
1791019954.6316943,69.64737049429873,0.24140624490667112,0.2744788940893249,0.28404251409693376,20.97,1029.518
1791019985.9791946,69.64737049429873,0.2410357345926756,0.2781127979813229,0.28353128707070285,20.95,1029.513
1791020017.3257136,69.64737049429873,0.241139768224232,0.28014162364734496,0.27934115712999275,20.93,1029.512
1791020048.669123,69.64737049429873,0.24084690612349202,0.2717102768575789,0.27972886984291045,20.98,1029.508
1791020079.9996166,69.64737049429873,0.24111453793378776,0.26975114163542613,0.2771901962978047,21.0,1029.505
1791020111.3339903,69.64737049429873,0.2418126120040841,0.2711868687243582,0.27605464042662614,21.01,1029.509
1791020142.6885262,69.64737049429873,0.24283453503374958,0.2787816529753698,0.2801169179616576,21.03,1029.503
1791020174.0301158,69.64737049429873,0.24449311522888253,0.2764340022131426,0.27984986496440006,21.01,1029.499
1791020205.3645234,69.64737049429873,0.23851736474502996,0.2718701363013721,0.2790999196763619,20.97,1029.492
1791020236.712111,69.64737049429873,0.2410229272744707,0.2722861066478308,0.2734710693360765,20.97,1029.487
1791020268.0525756,69.64737049429873,0.24780168528521052,0.2737982258868894,0.2780335526910742,20.97,1029.483
1791020299.3999639,69.64737049429873,0.24082793639341762,0.27128393186060323,0.2767282047831199,21.0,1029.48
1791020330.7354758,69.64737049429873,0.2493441631445831,0.2732960508822359,0.276223503827949,20.98,1029.481
1791020362.0871048,69.64737049429873,0.24050301115699732,0.2716673321441763,0.28074774928950563,21.03,1029.476
1791020393.433553,69.64737049429873,0.2410813982227395,0.27444935352912464,0.27631469030619865,21.01,1029.472
1791020424.7789454,69.64737049429873,0.23964434122071643,0.2724664172976937,0.276994566500959,21.01,1029.472
1791020456.1244838,69.64737049429873,0.24139423335931176,0.2736165947871077,0.27927133743240734,21.0,1029.463
1791020487.4560032,69.64737049429873,0.2442760837755012,0.280991677667845,0.2787297988971372,21.0,1029.458
1791020518.7965906,69.64737049429873,0.24304488136235108,0.2706713681717902,0.2824750207558528,20.98,1029.457
1791020550.1389012,69.64737049429873,0.24144048145681896,0.2729064870357035,0.27724483232370534,20.98,1029.454
1791020581.483472,69.64737049429873,0.24145240864198805,0.2706858651901338,0.2778603070982271,21.03,1029.452
1791020612.8159556,69.64737049429873,0.2410813982227395,0.27110216728670405,0.2821542623036289,20.97,1029.453
1791020644.15937,69.64737049429873,0.24572423403083013,0.27125163333985497,0.27430126824256723,20.98,1029.454
1791020675.5079963,69.64737049429873,0.24008869047402465,0.2737103314819629,0.2740645876047285,20.97,1029.454
1791020706.8532858,69.64737049429873,0.24146428439253464,0.2716673321441763,0.27702190008587074,21.0,1029.458
1791020738.1949604,69.64737049429873,0.24205425868611707,0.27161415042909215,0.2764618430652807,21.0,1029.458
1791020769.5452933,69.64737049429873,0.24019213675694964,0.27912546024367213,0.2796581836793504,21.01,1029.459
1791020800.8888285,69.64737049429873,0.24056180430744373,0.2758384708295828,0.2782063500228335,21.0,1029.456
1791020832.2314823,69.64737049429873,0.24221591327163575,0.27474514094171837,0.2861937555946376,21.01,1029.458
1791020863.5759864,69.64737049429873,0.24359425921168243,0.27388634810552775,0.2800700779895878,20.98,1029.448
1791020894.906383,69.64737049429873,0.24332016384914323,0.2770868310209218,0.28242096921324505,21.0,1029.435
1791020926.2498453,69.64737049429873,0.24112718036205416,0.27430126824256723,0.2796331031690058,20.98,1029.427
1791020957.5784955,69.64737049429873,0.2439098091618673,0.27859273680799385,0.27859273680799385,21.03,1029.42
1791020988.9248471,69.64737049429873,0.2409317906877477,0.272114226971248,0.2771413626132596,21.04,1029.409
1791021020.2703352,69.64737049429873,0.24125620643075962,0.2737982258868894,0.2780600133723155,21.04,1029.408
1791021051.6098406,69.64737049429873,0.24343299005322783,0.2773805970359552,0.2792459338130292,21.03,1029.403
1791021082.9601963,69.64737049429873,0.24465924662125627,0.27125163333985497,0.2773805970359552,21.01,1029.395
1791021114.294847,69.64737049429873,0.2416727215891103,0.27323490125727945,0.2759291196296024,21.01,1029.388
1791021145.6374757,69.64737049429873,0.24583024551378005,0.26911981988034184,0.27989969491532773,21.01,1029.38
1791021176.980771,69.64737049429873,0.24343299005322783,0.27048519130342286,0.27468646883437625,21.01,1029.376
1791021208.3212895,69.64737049429873,0.2406068148593537,0.2706018852728197,0.2742126472369314,21.04,1029.37
1791021239.6726315,69.64737049429873,0.24386050606407586,0.2760763752036857,0.2763426220560792,21.0,1029.373
1791021271.0113502,69.64737049429873,0.24199677809732156,0.27368015353214453,0.2822000528087355,20.97,1029.374
1791021302.3592682,69.64737049429873,0.24220567495398854,0.27075143815581637,0.28207840971937526,20.97,1029.364
1791021333.642286,69.64737049429873,0.24183481974619303,0.2745980795044829,0.2831208860112591,20.97,1029.368
1791021364.9725997,69.64737049429873,0.24074254861587963,0.27210532804393084,0.2842032593913932,20.97,1029.369
1791021396.3022642,69.64737049429873,0.2412315236768174,0.2775394793312918,0.27929031682841415,20.93,1029.358
1791021427.6368108,69.64737049429873,0.24225287515934024,0.2740346764962453,0.2818178790793775,20.97,1029.345
1791021458.9902437,69.64737049429873,0.24087329154179288,0.2792459338130292,0.28309879587119086,20.98,1029.343
1791021490.336576,69.64737049429873,0.24460396509594085,0.27368015353214453,0.28178907742206344,20.97,1029.335
1791021521.6850681,69.64737049429873,0.24402152142510466,0.2710176850082098,0.27794010317044,20.97,1029.326
1791021553.0116293,69.64737049429873,0.24136020056536547,0.272763786710288,0.27953758428480086,20.97,1029.33
1791021584.3600435,69.64737049429873,0.24386050606407586,0.27220005557985455,0.27767385631804653,20.95,1029.312
1791021615.6836941,69.64737049429873,0.24604451996290433,0.2702189444510294,0.28285452429342,20.94,1029.303
1791021647.0210521,69.64737049429873,0.24019213675694964,0.2744788940893249,0.2778202963437925,20.93,1029.291
1791021678.3705258,69.64737049429873,0.2416727215891103,0.2744788940893249,0.27794010317044,20.94,1029.287
1791021709.7190645,69.64737049429873,0.24737460705516678,0.27169925836639236,0.28258816257558084,20.94,1029.275
1791021741.0655768,69.64737049429873,0.2431666283353887,0.273946400384538,0.28246629966112896,20.94,1029.271
1791021772.3929996,69.64737049429873,0.24161481204197177,0.2742715358534288,0.2800700779895878,20.95,1029.269
1791021803.7244768,69.64737049429873,0.24016284943886262,0.27177438687380834,0.2782738684401898,20.94,1029.262
1791021835.0530667,69.64737049429873,0.23726484260421524,0.27465705667877005,0.27705949449336287,20.95,1029.264
1791021866.3915107,69.64737049429873,0.241243891698648,0.2707186799749767,0.2798748014748942,20.94,1029.261
1791021897.741945,69.64737049429873,0.24599048088322364,0.27501138779411183,0.28031184054278574,20.97,1029.253
1791021929.0875902,69.64737049429873,0.2433843457783795,0.27356218296820983,0.2751589754840533,20.94,1029.25
1791021960.4340808,69.64737049429873,0.2448199176830264,0.2718799388086853,0.27518786663460765,20.94,1029.247
1791021991.7745624,69.64737049429873,0.24158006353507633,0.27146522673878826,0.2749219637849063,20.95,1029.239
1791022023.1249511,69.64737049429873,0.24146428439253464,0.27078413987898553,0.27704918658251737,20.97,1029.239
1791022054.4694328,69.64737049429873,0.2391879681187388,0.2748928433980794,0.2748928433980794,20.98,1029.23
1791022085.8141177,69.64737049429873,0.24045815417540217,0.275335187743395,0.2756912396560012,20.95,1029.223
1791022117.1405783,69.64737049429873,0.24168410757223296,0.27078413987898553,0.27586676450258113,20.97,1029.225
1791022148.4850779,69.64737049429873,0.2394375642856408,0.27193369386201544,0.2753064359926778,21.0,1029.216
1791022179.8285108,69.64737049429873,0.2394213020647422,0.27077006305764306,0.2795124104954683,20.98,1029.218
1791022211.1650915,69.64737049429873,0.24139423335931176,0.27670059395946456,0.2753676352278549,21.0,1029.222
1791022242.4915507,69.64737049429873,0.24262455248419923,0.27210532804393084,0.2785667361837181,21.0,1029.213
1791022273.8371036,69.64737049429873,0.23989568087937393,0.2689006920768402,0.2738260879344386,20.95,1029.216
1791022305.1775532,69.64737049429873,0.23989568087937393,0.2694347980713553,0.27851459997811223,20.97,1029.207
1791022336.5259821,69.64737049429873,0.2408146913131233,0.2805540208459319,0.27851459997811223,20.97,1029.203
1791022367.8705993,69.64737049429873,0.2399551771346517,0.27759336956327235,0.2767925569584081,21.0,1029.197
1791022399.2200933,69.64737049429873,0.2415568023443802,0.2740346764962453,0.27946193230795563,20.98,1029.197
1791022430.5766184,69.64737049429873,0.24198605298688955,0.27551526025888123,0.2777669609447523,20.98,1029.198
1791022461.9259632,69.64737049429873,0.23991093296703833,0.2729683095109576,0.2804572688328678,21.0,1029.185
1791022493.256625,69.64737049429873,0.2423102586839357,0.2720510633871724,0.2761674104668207,21.0,1029.181
1791022524.5781505,69.64737049429873,0.24226302494971505,0.2716673321441763,0.2767282047831199,21.0,1029.185
1791022555.9225419,69.64737049429873,0.24220567495398854,0.27155017871299675,0.2763426220560792,20.95,1029.176
1791022587.270121,69.64737049429873,0.24220567495398854,0.28309879587119086,0.2819107006374206,21.0,1029.176
1791022618.61161,69.64737049429873,0.24086012736479662,0.2722778554165089,0.27989969491532773,20.98,1029.171
1791022649.9608839,69.64737049429873,0.24078802875804686,0.2734368429124945,0.2825521297053908,20.98,1029.158
1791022681.3105834,69.64737049429873,0.24142850250215234,0.2796786792053347,0.2807482791423561,20.98,1029.162
1791022712.6550622,69.64737049429873,0.24118558646953733,0.2761954813474416,0.2779272513559839,21.0,1029.156
1791022743.9965625,69.64737049429873,0.24540339514325826,0.27498230689400294,0.2777936516544764,21.0,1029.154
1791022775.3419352,69.64737049429873,0.23771689822767775,0.27358930653895097,0.27498230689400294,20.98,1029.143
1791022806.6865723,69.64737049429873,0.24961601933045674,0.27441976192476014,0.28227620102695083,20.98,1029.149
1791022838.0360203,69.64737049429873,0.24716205410297573,0.2731169701169289,0.2792459338130292,21.0,1029.14
1791022869.367585,69.64737049429873,0.24039929698296075,0.2720510633871724,0.27927133743240734,21.03,1029.14
1791022900.7269456,69.64737049429873,0.2437484673189011,0.2764340022131426,0.27912546024367213,21.0,1029.138
1791022932.0704987,69.64737049429873,0.24034033817691458,0.26942020389384896,0.27883332793004,21.01,1029.124
1791022963.413866,69.64737049429873,0.24007386149447546,0.2700023810942169,0.27994935303158386,21.01,1029.126
1791022994.756369,69.64737049429873,0.23980738481203628,0.27113460870849804,0.2737378915085273,20.97,1029.125
1791023026.0990126,69.64737049429873,0.2409317906877477,0.27361964119591164,0.2777936516544764,21.0,1029.127
1791023057.4533453,69.64737049429873,0.2408146913131233,0.26990177594445064,0.28441077840655676,20.98,1029.125
1791023088.7879887,69.64737049429873,0.23934486689977738,0.2708872337800629,0.2765896721207284,20.94,1029.123
1791023120.075561,69.64737049429873,0.2431501912393396,0.27376561878986144,0.2799709648026787,20.97,1029.119
1791023151.40894,69.64737049429873,0.24481065221905712,0.27557701700827913,0.28057803951422167,20.97,1029.117
1791023182.747428,69.64737049429873,0.24171923081443877,0.2719559080180177,0.28519092490955117,20.98,1029.119
1791023214.0959504,69.64737049429873,0.24112718036205416,0.27225461886417723,0.27958281196714246,20.97,1029.117
1791023245.436481,69.64737049429873,0.2415684580283539,0.27036859793652274,0.2782475469808547,21.0,1029.1
1791023276.789813,69.64737049429873,0.2398227876243233,0.27382831505418376,0.2815461455474274,20.95,1029.097
1791023308.1325548,69.64737049429873,0.23976340804952198,0.26960390679087853,0.27835256051574037,20.94,1029.093
1791023339.4808671,69.64737049429873,0.24561831394094816,0.2796581836793504,0.28353128707070285,20.91,1029.088
1791023370.8253195,69.64737049429873,0.23826932216381302,0.273029918796262,0.2780600133723155,20.94,1029.083
1791023402.1629622,69.64737049429873,0.2385355690162065,0.2698363337645749,0.2780864284297665,20.91,1029.072
1791023433.4903312,69.64737049429873,0.23991093296703833,0.2710176850082098,0.27353186416905023,20.93,1029.065
1791023464.8398817,69.64737049429873,0.240281277493891,0.27030239204773826,0.27433094932256763,20.95,1029.069
1791023496.1903648,69.64737049429873,0.2394375642856408,0.26942020389384896,0.27551526025888123,20.94,1029.061
1791023527.518863,69.64737049429873,0.23962851231988525,0.2762659420260945,0.27546200111400354,20.94,1029.057
1791023558.8603938,69.64737049429873,0.24142850250215234,0.27334884691298794,0.2771901962978047,20.95,1029.05
1791023590.1889105,69.64737049429873,0.24233762914849524,0.26991790497230017,0.2797747958918624,20.94,1029.032
1791023621.5203855,69.64737049429873,0.23959664813524176,0.2702530730100164,0.2768944773418888,20.94,1029.016
1791023652.8637688,69.64737049429873,0.24379085603674458,0.2703528966610856,0.2762940735283054,20.95,1029.022
1791023684.2063203,69.64737049429873,0.23962851231988525,0.2788075127850913,0.27652561942345333,21.01,1029.019
1791023715.5550392,69.64737049429873,0.2451369184608191,0.2728504934344898,0.27960797930244347,20.98,1029.019
1791023746.887371,69.64737049429873,0.23900795476471887,0.2764618430652807,0.27939182196151124,20.98,1029.011
1791023778.2159028,69.64737049429873,0.24380453504862343,0.2747158302115638,0.28459627448027675,20.97,1029.02
1791023809.544376,69.64737049429873,0.24705546829279748,0.2680539131505853,0.2787129804481509,20.94,1029.022
1791023840.8777528,69.64737049429873,0.24465924662125627,0.27015245137090144,0.27498230689400294,20.98,1029.018
1791023872.2173338,69.64737049429873,0.24444299265451114,0.27270171776463564,0.2741828768466855,20.95,1029.017
1791023903.5598762,69.64737049429873,0.241243891698648,0.2684362498234848,0.2766729354054854,20.94,1029.009
1791023934.8923073,69.64737049429873,0.2389477429458102,0.2706018852728197,0.27323490125727945,20.93,1029.001
1791023966.2218418,69.64737049429873,0.2401775247133603,0.2806752679922464,0.2809420901646972,20.93,1029.007
1791023997.569353,69.64737049429873,0.2445485880477496,0.27157122204941575,0.27948719320746723,20.93,1029.011
1791024028.9108453,69.64737049429873,0.24208012785113517,0.2773650650247844,0.2781683086471438,20.94,1028.999
1791024060.2493074,69.64737049429873,0.23955264037394008,0.2712068639200298,0.28123549859484137,20.94,1028.999
1791024091.5978434,69.64737049429873,0.2401034815355422,0.2732303551692701,0.2749845770384217,20.95,1028.993
1791024122.9363344,69.64737049429873,0.2415568023443802,0.271453806259313,0.2824750207558528,20.94,1029.011
1791024154.289843,69.64737049429873,0.2399702877213191,0.27273277901553283,0.2780335526910742,20.93,1029.005
1791024185.637417,69.64737049429873,0.2394375642856408,0.2736499234818072,0.27764707371839437,20.93,1029.003
1791024216.9788811,69.64737049429873,0.2464693018730148,0.27323490125727945,0.27551526025888123,20.95,1029.005
1791024248.3263047,69.64737049429873,0.24034033817691458,0.2786870724786188,0.27934115712999275,20.91,1028.996
1791024279.670852,69.64737049429873,0.2410813982227395,0.2772337774521084,0.2818875553940127,20.91,1028.998
1791024311.0123332,69.64737049429873,0.2400145705842748,0.269352330642053,0.2777669609447523,20.91,1029.001
1791024342.3599513,69.64737049429873,0.24321505349966882,0.27080284761156914,0.274153055015144,20.94,1028.991
1791024373.7033858,69.64737049429873,0.24321505349966882,0.27080284761156914,0.2778869517497703,20.95,1028.979
1791024405.050994,69.64737049429873,0.2394213020647422,0.27332236900399626,0.2753099640110216,20.97,1028.973
1791024436.397405,69.64737049429873,0.24005896837302396,0.2734710693360765,0.2778603070982271,21.0,1028.959
1791024467.7280035,69.64737049429873,0.240281277493891,0.2727262796146955,0.2770868310209218,20.98,1028.95
1791024499.066489,69.64737049429873,0.24149869223630613,0.27334884691298794,0.2797747958918624,21.0,1028.946
1791024530.4088647,69.64737049429873,0.23751188908166776,0.2700688594698036,0.2792137253704281,21.0,1028.942
1791024561.7513127,69.64737049429873,0.23976077489469705,0.2711743162495183,0.27328741712379717,21.0,1028.925
1791024593.104603,69.64737049429873,0.24133595733594362,0.267752089184356,0.28123549859484137,21.0,1028.917
1791024624.4464002,69.64737049429873,0.238681036036194,0.2714859859189823,0.27936651142268387,20.97,1028.917
1791024655.7950628,69.64737049429873,0.2389477429458102,0.2698521810495844,0.27480518019833017,21.0,1028.907
1791024687.124456,69.64737049429873,0.24508200186698195,0.27140097042633715,0.27732643202831764,21.0,1028.901
1791024718.4669344,69.64737049429873,0.24726873192033222,0.2729683095109576,0.2764618430652807,20.97,1028.902
1791024749.7944634,69.64737049429873,0.24251969733179096,0.2718382750466733,0.28031184054278574,20.94,1028.905
1791024781.1348772,69.64737049429873,0.2453487087765981,0.27480518019833017,0.2809420901646972,20.97,1028.907
1791024812.4793928,69.64737049429873,0.2387841869174807,0.2727884939340867,0.27839418216813666,20.94,1028.901
1791024843.8308585,69.64737049429873,0.24214822586120413,0.28402121067094205,0.2816208484843966,20.93,1028.892
1791024875.1643295,69.64737049429873,0.24071070820600413,0.2714859859189823,0.2785667361837181,20.93,1028.891
1791024906.4750745,69.64737049429873,0.24668284228484388,0.27113460870849804,0.27631469030619865,20.98,1028.87
1791024937.8013875,69.64737049429873,0.24210118146403214,0.27220005557985455,0.2764618430652807,20.95,1028.87
1791024969.1807983,69.64737049429873,0.2402221146696064,0.27142157089904034,0.27992454539718953,20.91,1028.856
1791025000.526443,69.64737049429873,0.24063828150405292,0.2706713681717902,0.2760829061670786,20.93,1028.855
1791025031.8698916,69.64737049429873,0.24144048145681896,0.27165667967767404,0.2762940735283054,20.93,1028.849
1791025063.201423,69.64737049429873,0.24293966266661138,0.26699524262662794,0.2784622830500861,20.93,1028.828
1791025094.5309904,69.64737049429873,0.23808661438996842,0.2708355755403821,0.27557701700827913,20.91,1028.829
1791025125.8624399,69.64737049429873,0.24599048088322364,0.27110216728670405,0.2795124104954683,20.93,1028.832
1791025157.2148864,69.64737049429873,0.243699351771067,0.2696190375516691,0.2748344517352111,20.9,1028.823
1791025188.5384502,69.64737049429873,0.2384750013998406,0.2723175400696115,0.27468646883437625,20.94,1028.812
1791025219.8899443,69.64737049429873,0.2415684580283539,0.27110216728670405,0.27740760946565307,20.91,1028.812
1791025251.1892698,69.64737049429873,0.2408146913131233,0.2833653876175128,0.2849649380954444,20.91,1028.807
1791025282.5327797,69.64737049429873,0.24572423403083013,0.27131617471589053,0.28309879587119086,20.89,1028.805
1791025313.8614101,69.64737049429873,0.23927443144715801,0.2796581836793504,0.2847397305791145,20.89,1028.814
1791025345.212943,69.64737049429873,0.24433748841350167,0.27551526025888123,0.28457546746181206,20.86,1028.805
1791025376.569467,69.64737049429873,0.23800307531141957,0.2677072770767836,0.27444935352912464,20.89,1028.807
1791025407.914911,69.64737049429873,0.23816661553367846,0.2698028001193023,0.2814013122515551,20.89,1028.808
1791025439.258459,69.64737049429873,0.23948115676504247,0.27696718570578654,0.27510104348153297,20.94,1028.782
1791025470.6060805,69.64737049429873,0.23851736474502996,0.2690992284032973,0.2790999196763619,20.91,1028.774
1791025501.9474063,69.64737049429873,0.2368543324059333,0.2699689040658704,0.2724588796304401,20.91,1028.761
1791025533.2819011,69.64737049429873,0.23989568087937393,0.26901705386364205,0.274004713680978,20.91,1028.762
1791025564.6065252,69.64737049429873,0.23835355192492316,0.2773535379305379,0.27587246888813316,20.93,1028.746
1791025595.9429357,69.64737049429873,0.24582780290365633,0.26821554818517596,0.2768201241113056,20.93,1028.736
1791025627.2963636,69.64737049429873,0.2366496095378748,0.27121927900936615,0.2751619307318821,20.93,1028.748
1791025658.6388378,69.64737049429873,0.23851736474502996,0.2728504934344898,0.2739164001642464,20.95,1028.734
1791025689.9732804,69.64737049429873,0.23718325388277628,0.26858686651546354,0.27323490125727945,20.94,1028.739
1791025721.3047302,69.64737049429873,0.23921444985542634,0.2697355589217662,0.2760482136237595,20.93,1028.736
1791025752.6405077,69.64737049429873,0.2399702877213191,0.27243512601831366,0.27361964119591164,20.94,1028.729
1791025783.990779,69.64737049429873,0.2437484673189011,0.269270076683624,0.27507200237078094,20.95,1028.733
1791025815.332268,69.64737049429873,0.23912806708313972,0.27830014443739615,0.27830014443739615,20.94,1028.722
1791025846.676853,69.64737049429873,0.24225287515934024,0.2732042471636258,0.2835095607320555,20.95,1028.719
1791025878.0274076,69.64737049429873,0.24011829777973434,0.27157122204941575,0.28242096921324505,20.95,1028.708
1791025909.3669066,69.64737049429873,0.23919768356171997,0.26958524351462965,0.2786611197030914,20.94,1028.709
1791025940.7194304,69.64737049429873,0.24118558646953733,0.27433094932256763,0.2748636727582459,20.94,1028.69
1791025972.063913,69.64737049429873,0.2458844460269221,0.2690721010914758,0.2800700779895878,20.93,1028.705
1791026003.3883402,69.64737049429873,0.23869887970562628,0.2711669941944445,0.2751589754840533,20.91,1028.709
1791026034.723773,69.64737049429873,0.24002954013549588,0.27208267241778367,0.2763426220560792,20.94,1028.712
1791026066.0813255,69.64737049429873,0.2399702877213191,0.2766088689084727,0.2800700779895878,20.95,1028.712
1791026097.4058306,69.64737049429873,0.24210118146403214,0.27010246585054887,0.27740760946565307,20.97,1028.707
1791026128.7502337,69.64737049429873,0.2393343095733869,0.2716353507793479,0.2759573717419751,20.98,1028.707
1791026160.0819921,69.64737049429873,0.23884456598175066,0.2688189168228206,0.2748344517352111,20.97,1028.705
1791026191.408502,69.64737049429873,0.2389477429458102,0.2747158302115638,0.27498230689400294,20.94,1028.703
1791026222.7517533,69.64737049429873,0.2379420480349623,0.2774734019228376,0.27897945713059,20.97,1028.704
1791026254.0983691,69.64737049429873,0.24063828150405292,0.270971839332655,0.2804084458197957,20.97,1028.68
1791026285.444801,69.64737049429873,0.24196446311021297,0.27177438687380834,0.2751037778413399,20.95,1028.679
1791026316.787369,69.64737049429873,0.23886993768652187,0.27085447972490795,0.27994607918958997,20.94,1028.677
1791026348.1367452,69.64737049429873,0.2431501912393396,0.2705870797406526,0.28128307911086675,20.97,1028.685
1791026379.4742758,69.64737049429873,0.23823168164575476,0.2696680848444076,0.2755196087325239,20.94,1028.691
1791026410.808696,69.64737049429873,0.24224268140958502,0.2680995330850675,0.2729936795989508,20.93,1028.683
1791026442.142411,69.64737049429873,0.24091876429708656,0.26786780371461105,0.274360425053416,20.93,1028.66
1791026473.4729972,69.64737049429873,0.23841432912657784,0.27003580030141633,0.27175269282859843,20.95,1028.642
1791026504.811368,69.64737049429873,0.2467888520910028,0.27388634810552775,0.2776202448401541,20.94,1028.665
1791026536.1557517,69.64737049429873,0.2447095844008331,0.27026920326666765,0.28014162364734496,20.93,1028.644
1791026567.505246,69.64737049429873,0.23882700664141915,0.2699353690661855,0.2858684331468698,20.94,1028.641
1791026598.8378513,69.64737049429873,0.24154509615703296,0.2700857281015968,0.2742119166146329,20.93,1028.635
1791026630.1834018,69.64737049429873,0.23882700664141915,0.27172074379426775,0.27302458225597254,20.93,1028.616
1791026661.5098171,69.64737049429873,0.23915436452978744,0.27655341720168947,0.28225334193971807,20.9,1028.624
1791026692.8463125,69.64737049429873,0.24492109688384764,0.27038605611949396,0.2816208484843966,20.89,1028.605
1791026724.151755,69.64737049429873,0.23989568087937393,0.26883171255624616,0.27652561942345333,20.9,1028.615
1791026755.488363,69.64737049429873,0.2455578338627996,0.26883171255624616,0.2743306795202276,20.9,1028.626
1791026786.8368003,69.64737049429873,0.2421378100012775,0.2699353690661855,0.27673727937852577,20.9,1028.639
1791026818.1722386,69.64737049429873,0.23983608155128688,0.2735589193749499,0.277032110648303,20.93,1028.634
1791026849.5018163,69.64737049429873,0.23905100908993146,0.26958524351462965,0.28009216949374804,20.94,1028.632
1791026880.8452036,69.64737049429873,0.23964434122071643,0.27198768132922246,0.27492399421372476,20.94,1028.631
1791026912.1869195,69.64737049429873,0.23979191537576638,0.26771668076994637,0.27984986496440006,20.93,1028.627
1791026943.536343,69.64737049429873,0.23909417520090787,0.27053602543911837,0.2741231816088605,20.94,1028.636
1791026974.8758783,69.64737049429873,0.23777819899646296,0.27557701700827913,0.2789022905647239,20.94,1028.629
1791027006.2263696,69.64737049429873,0.24443754639068183,0.2687844309097654,0.2766452289973093,20.94,1028.625
1791027037.5688818,69.64737049429873,0.23899075638399375,0.2790487059726274,0.2787816529753698,20.93,1028.626
1791027068.908233,69.64737049429873,0.24086012736479662,0.26901705386364205,0.2794366276837013,20.95,1028.614
1791027100.2517557,69.64737049429873,0.23792254439496352,0.27394463239285494,0.27302458225597254,20.93,1028.596
1791027131.59456,69.64737049429873,0.24743044479215737,0.2705540370663132,0.27727207934703646,20.9,1028.605
1791027162.9488823,69.64737049429873,0.2406836062703762,0.2688791995160463,0.2720101075423891,20.9,1028.629
1791027194.2933433,69.64737049429873,0.2394323786507873,0.2709584177355764,0.27799448630894263,20.9,1028.616
1791027225.6359453,69.64737049429873,0.24137005372169382,0.27313786145057184,0.28267487694794524,20.91,1028.615
1791027256.985267,69.64737049429873,0.24437066606973745,0.27060528574546916,0.2882896191885065,20.9,1028.62
1791027288.3277154,69.64737049429873,0.23934486689977738,0.27251421776966994,0.27733786324221577,20.9,1028.624
1791027319.672378,69.64737049429873,0.2381093883715042,0.2693667442503484,0.2758497129459082,20.91,1028.601
1791027351.0057602,69.64737049429873,0.23994000107472632,0.2701692917915017,0.281794573098732,20.9,1028.59
1791027382.3442156,69.64737049429873,0.23705940978749626,0.27705949449336287,0.27732643202831764,20.93,1028.585
1791027413.6928065,69.64737049429873,0.24016284943886262,0.26913351640085165,0.2805296824477747,20.91,1028.577
1791027445.0383153,69.64737049429873,0.23668965816550958,0.2701692917915017,0.2758156219453007,20.89,1028.58
1791027476.3817444,69.64737049429873,0.2403260213702815,0.27172074379426775,0.27929031682841415,20.9,1028.583
1791027507.7153337,69.64737049429873,0.23989568087937393,0.2699353690661855,0.27477585801650645,20.9,1028.563
1791027539.0437999,69.64737049429873,0.2431501912393396,0.26978487978788657,0.2824977274897497,20.9,1028.549
1791027570.382281,69.64737049429873,0.2402668204488318,0.2707372217315194,0.2755483377235227,20.87,1028.538
1791027601.7316918,69.64737049429873,0.2381093883715042,0.2692642200563052,0.273379481956115,20.89,1028.521
1791027633.073251,69.64737049429873,0.23868792234336583,0.27140992515896756,0.2734368429124945,20.9,1028.514
1791027664.4308968,69.64737049429873,0.2422900935150948,0.2740332506001571,0.27644193689281826,20.87,1028.516
1791027695.7692134,69.64737049429873,0.24025230068073836,0.2700522797721419,0.27578712457957505,20.86,1028.524
1791027727.116686,69.64737049429873,0.24101006446293077,0.26779709529196183,0.2787297988971372,20.83,1028.525
1791027758.442327,69.64737049429873,0.23615532104653217,0.26737827992958835,0.27100450595329734,20.87,1028.513
1791027789.7816968,69.64737049429873,0.24160324155772162,0.26737827992958835,0.2763501903888566,20.86,1028.512
1791027821.1253994,69.64737049429873,0.2350228818346905,0.2682265329051848,0.2735284795674615,20.84,1028.472
1791027852.4747608,69.64737049429873,0.23800612752917852,0.27001877344572184,0.2714422965535486,20.82,1028.443
1791027883.8242002,69.64737049429873,0.24127758030998187,0.27001877344572184,0.2756676794415044,20.87,1028.439
1791027915.165833,69.64737049429873,0.23773837965505878,0.26703870454616513,0.27644193689281826,20.87,1028.451
1791027946.4983606,69.64737049429873,0.24218506517497046,0.27254560329062866,0.2722778554165089,20.9,1028.446
1791027977.8438392,69.64737049429873,0.23757366029419566,0.2681101607007822,0.2789715522695031,20.91,1028.437
1791028009.1662323,69.64737049429873,0.2377600106548889,0.26678410581950346,0.2757013353642924,20.9,1028.441
1791028040.49567,69.64737049429873,0.2361243529419669,0.2737326992421637,0.2745394414616043,20.9,1028.441
1791028071.8473487,69.64737049429873,0.24174328578742288,0.2702530730100164,0.2748067616671389,20.9,1028.433
1791028103.196676,69.64737049429873,0.23757366029419566,0.2717102768575789,0.2781418041543067,20.89,1028.427
1791028134.5193942,69.64737049429873,0.2362971653484654,0.2676100871530606,0.2787038043953833,20.86,1028.417
1791028165.8497403,69.64737049429873,0.23829266952244177,0.271453806259313,0.2772992792077917,20.9,1028.414
1791028197.1842747,69.64737049429873,0.23936134376039658,0.26756542709055237,0.2777134409863396,20.9,1028.389
1791028228.5077062,69.64737049429873,0.238930399339942,0.2689006920768402,0.2747464850581888,20.89,1028.383
1791028259.8321757,69.64737049429873,0.23829266952244177,0.27165667967767404,0.27219147964618473,20.9,1028.386
1791028291.1679296,69.64737049429873,0.2422900935150948,0.2695664344253364,0.2782211799413023,20.93,1028.36
1791028322.5142672,69.64737049429873,0.24523532013041224,0.2693326288011914,0.2723959853192505,20.91,1028.342
1791028353.8447711,69.64737049429873,0.24336108501157386,0.2693326288011914,0.27319957743521334,20.9,1028.344
1791028385.188236,69.64737049429873,0.2394049693806241,0.2702196828679428,0.2762940735283054,20.87,1028.335
1791028416.5196962,69.64737049429873,0.23895613548119865,0.2684595806428068,0.2730192039859644,20.87,1028.329
1791028447.8663788,69.64737049429873,0.23819371366252234,0.2769596681199262,0.27642183997363245,20.89,1028.321
1791028479.203826,69.64737049429873,0.24022307133556056,0.2726256177687325,0.2795016341328076,20.89,1028.31
1791028510.497161,69.64737049429873,0.23819371366252234,0.26991790497230017,0.27830423848566055,20.9,1028.29
1791028541.8497484,69.64737049429873,0.23771834018958327,0.2716781382968004,0.2726012020375265,20.89,1028.293
1791028573.1963315,69.64737049429873,0.23841970920553301,0.2689960069184723,0.27409205653729557,20.89,1028.297
1791028604.5396695,69.64737049429873,0.23788328292986743,0.26842458732152175,0.2743602696751284,20.91,1028.288
1791028635.8662715,69.64737049429873,0.23848071915781877,0.26814535077365204,0.2726012020375265,20.9,1028.285
1791028667.2126167,69.64737049429873,0.23714081763766715,0.26807490950490837,0.28004254376598214,20.91,1028.281
1791028698.4432557,69.64737049429873,0.23777998575204706,0.2743008824104528,0.277578827329122,20.91,1028.266
1791028729.7445955,69.64737049429873,0.23837725241015847,0.26883171255624616,0.2845942576260182,20.9,1028.257
1791028761.0742533,69.64737049429873,0.23639964028445992,0.2690992284032973,0.2729936795989508,20.9,1028.245
1791028792.4077559,69.64737049429873,0.24069718655784006,0.27632215627367723,0.27673727937852577,20.93,1028.245
1791028823.7481284,69.64737049429873,0.2431501912393396,0.2678777189633563,0.2765896721207284,20.91,1028.264
1791028855.0767899,69.64737049429873,0.24084690612349202,0.26833166373551776,0.27177438687380834,20.91,1028.259
1791028886.4251947,69.64737049429873,0.24101006446293077,0.2728695317440492,0.2766174746106345,20.91,1028.263
1791028917.7596166,69.64737049429873,0.23765658736624276,0.27391261236511405,0.2728695317440492,20.91,1028.256
1791028949.0763404,69.64737049429873,0.23846227681066215,0.2676192481917791,0.2747183018095334,20.93,1028.262
1791028980.4275756,69.64737049429873,0.23858427576318497,0.2679938894305926,0.2763578179288435,20.91,1028.244
1791029011.7701175,69.64737049429873,0.23703793221688713,0.26894824620453905,0.27563904146193124,20.9,1028.23
1791029043.1086876,69.64737049429873,0.24025230068073836,0.26837802473943645,0.2708216688766089,20.95,1028.225
1791029074.4472291,69.64737049429873,0.2373057962555414,0.2687624935132454,0.2714422965535486,20.94,1028.224
1791029105.7875593,69.64737049429873,0.24132375683535542,0.27090633594548796,0.2761460818604103,20.95,1028.213
1791029137.135224,69.64737049429873,0.23862703952104464,0.26869303369810266,0.27358613898579126,20.97,1028.194
1791029168.4775116,69.64737049429873,0.23895613548119865,0.2715601662198393,0.2717641071799957,20.97,1028.188
1791029199.8241634,69.64737049429873,0.2396566624447022,0.2741220995938519,0.27427103358983035,20.95,1028.188
1791029231.1765683,69.64737049429873,0.2382738754032983,0.2740031695511761,0.2756103537831017,20.95,1028.168
1791029262.5022297,69.64737049429873,0.24507793644083506,0.27376561878986144,0.2817712266721499,20.97,1028.166
1791029293.837532,69.64737049429873,0.23753235845126636,0.2691472961864256,0.27656182140242513,20.95,1028.172
1791029325.1760926,69.64737049429873,0.2388779150753809,0.2683544177792262,0.2791881061561188,20.93,1028.181
1791029356.5205886,69.64737049429873,0.238339852571309,0.26774523650213256,0.27830423848566055,20.95,1028.162
1791029387.868054,69.64737049429873,0.23838244565891153,0.27271972934681576,0.2716459438404923,20.97,1028.169
1791029419.2177048,69.64737049429873,0.24093829666785493,0.2684595806428068,0.2741811755132538,20.97,1028.158
1791029450.5621462,69.64737049429873,0.23996927140394902,0.2716459438404923,0.27397303625325303,20.98,1028.151
1791029481.9025996,69.64737049429873,0.2428738224892538,0.2696495752657775,0.275284499102753,20.98,1028.138
1791029513.2392225,69.64737049429873,0.24056541430819545,0.2716781382968004,0.2767741879156236,21.0,1028.144
1791029544.5918126,69.64737049429873,0.24035658128603105,0.2699515861975635,0.2730192039859644,21.0,1028.128
1791029575.9360948,69.64737049429873,0.23852332930915118,0.2746284828129612,0.2758497129459082,20.98,1028.133
1791029607.2916515,69.64737049429873,0.24512503765135302,0.27682956927654495,0.27507462570579316,20.95,1028.132
1791029638.647158,69.64737049429873,0.24855608587902062,0.27215982792808735,0.2793604503242615,20.97,1028.145
1791029669.982558,69.64737049429873,0.2387058516411266,0.28167247321469946,0.280602409826495,20.93,1028.146
1791029701.33814,69.64737049429873,0.23901667976587945,0.2727821980737003,0.2820622049090277,20.97,1028.136
1791029732.68357,69.64737049429873,0.23971657260342982,0.2699515861975635,0.2749260405059429,20.98,1028.139
1791029764.0272713,69.64737049429873,0.2394323786507873,0.2710435585106949,0.2750161693962303,20.98,1028.141
1791029795.3545594,69.64737049429873,0.24020836092958062,0.2694791157253598,0.2738519778400529,20.98,1028.131
1791029826.7030692,69.64737049429873,0.2391905958656057,0.26998431803509626,0.2735216305841444,21.03,1028.121
1791029858.05067,69.64737049429873,0.23898205113241278,0.2706567575454982,0.27498917086133867,20.98,1028.113
1791029889.3941863,69.64737049429873,0.23970082502736814,0.2676192481917791,0.27847818588349044,21.0,1028.103
1791029920.724527,69.64737049429873,0.24114790829205998,0.26961560199487744,0.2808952542167485,21.0,1028.109
1791029952.0531685,69.64737049429873,0.2439959670526621,0.2708076532787113,0.2778202105018524,20.98,1028.08
1791029983.3934555,69.64737049429873,0.2392679662550815,0.26976681920442613,0.2803334494119356,20.97,1028.092
1791030014.7430425,69.64737049429873,0.23986497784176442,0.26842458732152175,0.2771628070484114,20.95,1028.087
1791030046.088685,69.64737049429873,0.23879165901567384,0.26807490950490837,0.2814560823527737,20.94,1028.076
1791030077.4329426,69.64737049429873,0.24507385337651516,0.27540419311262454,0.27611780961628746,20.94,1028.066
1791030108.7624981,69.64737049429873,0.23868792234336583,0.27447950998318504,0.2770148713721098,20.93,1028.081
1791030140.1092212,69.64737049429873,0.2499528741323435,0.274031813534694,0.28682267648322646,20.91,1028.061
1791030171.4565685,69.64737049429873,0.24517246739349557,0.27558625163272865,0.2773766824527464,20.91,1028.048
1791030202.8141258,69.64737049429873,0.2452830512521818,0.2688922459255199,0.27492810284819663,20.93,1028.044
1791030234.1564703,69.64737049429873,0.23910341076154834,0.27015272829115705,0.27546616535226853,20.93,1028.043
1791030265.4991083,69.64737049429873,0.23996927140394902,0.27060528574546916,0.2770148713721098,20.94,1028.018
1791030296.851453,69.64737049429873,0.24126524246697797,0.27060528574546916,0.2743602696751284,20.94,1027.994
1791030328.1311114,69.64737049429873,0.2404609524558401,0.27313786145057184,0.2751649090886268,20.94,1027.981
1791030359.4805753,69.64737049429873,0.24523157197221718,0.278625549631595,0.28399447716321247,20.93,1027.966
1791030390.8350613,69.64737049429873,0.23755325401472113,0.274330407606301,0.2805046742676612,20.91,1027.961
1791030422.1775105,69.64737049429873,0.24388992343960397,0.271527883211436,0.27874674903163016,20.89,1027.948
1791030453.5229623,69.64737049429873,0.23819371366252234,0.26958156956033846,0.27447950998318504,20.9,1027.901
1791030484.8665287,69.64737049429873,0.24055149396102635,0.276477978618948,0.2773766824527464,20.89,1027.893
1791030516.2169394,69.64737049429873,0.23852332930915118,0.26991790497230017,0.274330407606301,20.86,1027.889
1791030547.5605369,69.64737049429873,0.23738802421810298,0.2681913675049739,0.271527883211436,20.9,1027.885
1791030578.897951,69.64737049429873,0.2355329358134852,0.2677356599578989,0.27611780961628746,20.9,1027.882
1791030610.2545164,69.64737049429873,0.2413922516285255,0.2692582814429388,0.2818469061505655,20.91,1027.876
1791030641.5959606,69.64737049429873,0.2373876053248204,0.2671781096268993,0.27307072132211946,20.91,1027.873
1791030672.9386027,69.64737049429873,0.23830212536754,0.2740000448304527,0.2740000448304527,20.93,1027.891
1791030704.22088,69.64737049429873,0.23838244565891153,0.26978259249751757,0.27328304941129483,20.9,1027.892
1791030735.6036015,69.64737049429873,0.2393116978793637,0.26922992645126437,0.2748986449099613,20.9,1027.896
1791030766.9479563,69.64737049429873,0.2414164714401998,0.26981650905951376,0.27310692292069466,20.9,1027.887
1791030798.2925317,69.64737049429873,0.2383210301580899,0.2665146048289178,0.2748986449099613,20.93,1027.879
1791030829.6361513,69.64737049429873,0.23686949586449765,0.26936153691552084,0.2734022879489917,20.9,1027.888
1791030860.980525,69.64737049429873,0.23972936267006847,0.26743984777537566,0.27313290454676026,20.91,1027.881
1791030892.3219686,69.64737049429873,0.23680673154445284,0.26713392512938694,0.2726816827904331,20.95,1027.868
1791030923.6764176,69.64737049429873,0.2376159409710539,0.267556689755293,0.2713330004127647,20.95,1027.844
1791030955.0198908,69.64737049429873,0.2369729367498822,0.2751971341002326,0.27773943989745314,20.98,1027.842
1791030986.3425083,69.64737049429873,0.23815541392212128,0.2688357064522117,0.2766907540467793,20.95,1027.848
1791031017.6870315,69.64737049429873,0.2369102354209303,0.2699504592449573,0.27273799329123216,20.97,1027.835
1791031049.0355637,69.64737049429873,0.2366808732745486,0.27204612693518176,0.2790777074915897,20.94,1027.818
1791031080.3798275,69.64737049429873,0.2384493513863756,0.27475058099533867,0.27490060922936044,20.97,1027.817
1791031111.7233932,69.64737049429873,0.2362438493353178,0.27096434531111896,0.2762238048086026,20.95,1027.819
1791031143.0709796,69.64737049429873,0.23705483031211594,0.26833062501075916,0.27745503505549557,20.98,1027.82
1791031174.4173272,69.64737049429873,0.2433867403584567,0.27015300909307194,0.2727694576254434,20.95,1027.81
1791031205.7618127,69.64737049429873,0.24316588164651423,0.27337145877148944,0.27273799329123216,20.91,1027.784
1791031237.1083627,69.64737049429873,0.24624750818813185,0.26782642623082675,0.27891165039585714,20.93,1027.763
1791031268.444939,69.64737049429873,0.23633049388332641,0.27047242950400807,0.271872473363832,20.91,1027.756
1791031299.7984612,69.64737049429873,0.2410301650916684,0.26735919924951795,0.28057775914095134,20.94,1027.756
1791031331.13685,69.64737049429873,0.24022307133556056,0.2739410547534545,0.2735523153277392,20.9,1027.774
1791031362.495491,69.64737049429873,0.2398340067609397,0.27072716722736834,0.2835151542361823,20.9,1027.763
1791031393.8409748,69.64737049429873,0.2370959386613411,0.2736073111875974,0.28165878403601124,20.87,1027.747
1791031425.2004654,69.64737049429873,0.2376792333586155,0.2686480149491892,0.2752328317889886,20.89,1027.744
1791031456.559038,69.64737049429873,0.23755377456099433,0.26843626291529554,0.272744517578406,20.87,1027.743
1791031487.900474,69.64737049429873,0.23693215069130014,0.2710107265701892,0.2773220381579609,20.86,1027.748
1791031519.2459042,69.64737049429873,0.23461107802767214,0.2766068829511879,0.2766348887757683,20.84,1027.749
1791031550.5784492,69.64737049429873,0.24037300874211098,0.2669370862954384,0.2762166404900008,20.82,1027.754
1791031581.9238853,69.64737049429873,0.2371603852941887,0.26874038405137,0.2739106961347725,20.82,1027.765
1791031613.255385,69.64737049429873,0.23558582110907808,0.2710961216688737,0.2747195521796971,20.86,1027.764
1791031644.5962617,69.64737049429873,0.2363536430747481,0.26685716528711845,0.27675564247117207,20.86,1027.76
1791031675.946336,69.64737049429873,0.23558582110907808,0.26874038405137,0.27671861374801293,20.9,1027.765
1791031707.2879224,69.64737049429873,0.2350472892761893,0.2720233653632818,0.27077464443754806,20.93,1027.759
1791031738.629402,69.64737049429873,0.23987863351729655,0.2671702290937341,0.27675564247117207,20.93,1027.765
1791031769.9789243,69.64737049429873,0.23622737844106048,0.2740896282525623,0.2732786472757642,20.91,1027.754
1791031801.3283021,69.64737049429873,0.2381978767515522,0.27637325343143276,0.27787420614428676,20.91,1027.752
1791031832.6709113,69.64737049429873,0.24093170176991097,0.26718603863643203,0.27784718834990546,20.87,1027.755
1791031864.0154743,69.64737049429873,0.23761682210245869,0.2665633885815688,0.2734563858828659,20.9,1027.751
1791031895.3617635,69.64737049429873,0.23632403818724237,0.2679537487921278,0.28185859594537926,20.87,1027.761
1791031926.7034805,69.64737049429873,0.23661777874712628,0.2732786472757642,0.2801844711031516,20.9,1027.766
1791031958.04994,69.64737049429873,0.2363072434225113,0.2677548717235507,0.27072716722736834,20.91,1027.754
1791031989.3893979,69.64737049429873,0.23599752211785177,0.2677094664570172,0.2735797290521752,20.93,1027.753
1791032020.7468815,69.64737049429873,0.23670331806824066,0.2699504592449573,0.2745698381191689,20.91,1027.759
1791032052.0893643,69.64737049429873,0.23508560597839145,0.2691751086084952,0.2729514192659668,20.93,1027.75
1791032083.4148626,69.64737049429873,0.23848650180801148,0.2670172168042257,0.2706752719550741,20.95,1027.755
1791032114.693272,69.64737049429873,0.24079344302939065,0.2716890957231343,0.27160273688829834,20.94,1027.753
1791032146.040811,69.64737049429873,0.23556096355894562,0.2668640707569899,0.2741501388117072,20.93,1027.742
1791032177.3863206,69.64737049429873,0.23728380218862796,0.27574045285679344,0.28062664374923363,20.93,1027.745
1791032208.7328215,69.64737049429873,0.23753316374088415,0.2679537487921278,0.27952171951487526,20.93,1027.738
1791032240.0783944,69.64737049429873,0.23663568769911966,0.2721564967497888,0.27688627277735556,20.91,1027.733
1791032271.405833,69.64737049429873,0.23874535801125243,0.2683180693793204,0.2718848614754918,20.9,1027.741
1791032302.7322302,69.64737049429873,0.2393496523368627,0.26788216655163727,0.27022119091756924,20.93,1027.74
1791032334.0629017,69.64737049429873,0.23778362047223184,0.26691476142052406,0.2731541373864083,20.93,1027.744
1791032365.4073405,69.64737049429873,0.2367397536096668,0.27113606342508645,0.2757457506624729,20.94,1027.73
1791032396.7496862,69.64737049429873,0.24418417018120647,0.2673761488822644,0.27954196368149703,20.91,1027.715
1791032428.0943263,69.64737049429873,0.24380610016209178,0.26961211828104054,0.27902571319223474,20.91,1027.701
1791032459.4506946,69.64737049429873,0.23742911496517333,0.266944245677055,0.27108309026114347,20.93,1027.696
1791032490.7931216,69.64737049429873,0.2417562414614244,0.2737887294966483,0.27351816557309777,20.93,1027.7
1791032522.1247659,69.64737049429873,0.24083940820384037,0.27354897426803026,0.27610280802541715,20.91,1027.697
1791032553.4692025,69.64737049429873,0.23682525611633418,0.2679179890827281,0.28301041899734136,20.91,1027.698
1791032584.8127615,69.64737049429873,0.2369920358937832,0.2682244313371347,0.2742695029856898,20.93,1027.689
1791032616.1571546,69.64737049429873,0.24049520120010617,0.275265592314072,0.27445032780238016,20.93,1027.675
1791032647.4936094,69.64737049429873,0.23721991510178675,0.2688267015213365,0.27445032780238016,20.91,1027.694
1791032678.8330898,69.64737049429873,0.23899948116281472,0.27142821334291867,0.27333217329687587,20.94,1027.689
1791032710.1597123,69.64737049429873,0.24227661657711402,0.27100361478843976,0.27562955548103424,20.91,1027.677
1791032741.4970481,69.64737049429873,0.24292676668362953,0.2677645661630988,0.28255694409997667,20.9,1027.678
1791032772.8387036,69.64737049429873,0.23838769815745445,0.2719817905862062,0.2745105234659484,20.93,1027.674
1791032804.1781747,69.64737049429873,0.23713715529006624,0.27411880222574825,0.28188214221167407,20.94,1027.658
1791032835.5195992,69.64737049429873,0.2368661162557916,0.26699542653814495,0.2725553520572451,20.93,1027.654
1791032866.866325,69.64737049429873,0.2372827852427158,0.26745731585234006,0.27095074649175405,20.94,1027.648
1791032898.213531,69.64737049429873,0.23642783010829463,0.2671052287820325,0.27300281384487635,20.94,1027.641
1791032929.5440123,69.64737049429873,0.23734554488655066,0.27134159092689764,0.27186249520237105,20.94,1027.637
1791032960.8945642,69.64737049429873,0.23776342477624796,0.2702550498297095,0.2759593905899474,20.97,1027.629
1791032992.215088,69.64737049429873,0.23951576261381477,0.2680356051973734,0.28082429663067,20.95,1027.638
1791033023.546612,69.64737049429873,0.23840646527344606,0.2679537487921278,0.27902571319223474,20.93,1027.653
1791033054.8941061,69.64737049429873,0.23920045845815005,0.26828247320456067,0.27688627277735556,20.91,1027.643
1791033086.2385623,69.64737049429873,0.23644511667317508,0.26906387692209877,0.2778064687481376,20.91,1027.634
1791033117.5872154,69.64737049429873,0.24117735430967283,0.2779289636629032,0.2749641389716964,20.93,1027.622
1791033148.9225485,69.64737049429873,0.2362771397292421,0.26773824488778486,0.27411768565590156,20.9,1027.618
1791033180.2599828,69.64737049429873,0.24526086646003176,0.26816428199327763,0.2725161904594656,20.91,1027.604
1791033211.590546,69.64737049429873,0.23818277873274293,0.2675748845693902,0.27659610464651696,20.89,1027.601
1791033242.9300132,69.64737049429873,0.24185099156404338,0.26676069517806733,0.2804786222159247,20.89,1027.59
1791033274.2828503,69.64737049429873,0.23653171323882663,0.26920326335203604,0.27393742047352354,20.89,1027.598
1791033305.62513,69.64737049429873,0.2398924452644113,0.2697802730611493,0.27191722798977913,20.9,1027.593
1791033336.9684994,69.64737049429873,0.23588551396271978,0.2656751093229701,0.27152647409096026,20.94,1027.582
1791033368.3139365,69.64737049429873,0.2409184402056288,0.2735456067724249,0.27475196792309703,20.93,1027.564
1791033399.6646647,69.64737049429873,0.23659507722151701,0.2680356051973734,0.28087331129433113,20.9,1027.574
1791033431.0059426,69.64737049429873,0.23707426767064263,0.26706869233327496,0.27059374727951163,20.9,1027.568
1791033462.3325543,69.64737049429873,0.23517532715928655,0.26725887360350215,0.27194953764344876,20.93,1027.567
1791033493.6770382,69.64737049429873,0.23969767512928797,0.2669880723329804,0.2741491513880611,20.93,1027.57
1791033525.0274816,69.64737049429873,0.23717848062666827,0.2675840662153272,0.27186249520237105,20.94,1027.561
1791033556.3679693,69.64737049429873,0.24176940306232828,0.26700282618166904,0.2742689846890947,20.94,1027.549
1791033587.7204192,69.64737049429873,0.23797291700909826,0.26750244586292804,0.2765394312670334,20.93,1027.548
1791033619.0440114,69.64737049429873,0.236029005268282,0.27242813202408583,0.271732779430074,20.94,1027.542
1791033650.3915288,69.64737049429873,0.24044954782185357,0.27125519687505223,0.2744804521065725,20.91,1027.525
1791033681.7368665,69.64737049429873,0.24272241976116435,0.2732165015549796,0.27830840448866057,20.89,1027.511
1791033713.0774567,69.64737049429873,0.2383688485088138,0.26923795691557445,0.28188214221167407,20.9,1027.502
1791033744.420888,69.64737049429873,0.23653171323882663,0.2681176774969389,0.2772232956250285,20.87,1027.5
1791033775.7724779,69.64737049429873,0.23680299045473466,0.26703209164184166,0.2746611183713232,20.87,1027.502
1791033807.0959122,69.64737049429873,0.23744987709044257,0.2683066442316481,0.27312287302395005,20.87,1027.515
1791033838.446482,69.64737049429873,0.23751246239944437,0.2688487223001973,0.27330532800738594,20.84,1027.501
1791033869.7899234,69.64737049429873,0.23523988205014387,0.2677285930682481,0.2734563858828659,20.87,1027.484
1791033901.1345546,69.64737049429873,0.23659507722151701,0.2777386419048666,0.27655922488083523,20.91,1027.485
1791033932.4139438,69.64737049429873,0.23784806206355516,0.26505698346163487,0.28233121808206785,20.87,1027.463
1791033963.7603748,69.64737049429873,0.23724003885335654,0.2661854028886378,0.26969314089634794,20.89,1027.46
1791033995.112832,69.64737049429873,0.23757558763254474,0.2694897052188281,0.27097035656139173,20.86,1027.457
1791034026.4494503,69.64737049429873,0.23753357330672673,0.2674297515169905,0.2750556700741624,20.9,1027.455
1791034057.8028853,69.64737049429873,0.23604491364885827,0.2671573972828058,0.27205977349813054,20.93,1027.465
1791034089.1494086,69.64737049429873,0.24645957956762743,0.26838907396071315,0.27312287302395005,20.94,1027.46
1791034120.48486,69.64737049429873,0.24217006994015686,0.26730348810561594,0.27342541460231634,20.94,1027.454
1791034151.8244174,69.64737049429873,0.24038962370136174,0.26718603863643203,0.2721886244535534,20.94,1027.453
1791034183.1748462,69.64737049429873,0.23732437575641052,0.2674661307293969,0.27330532800738594,20.94,1027.45
1791034214.5253708,69.64737049429873,0.23820208746265836,0.26808196763533315,0.27850006460047416,20.93,1027.447
1791034245.859965,69.64737049429873,0.23744987709044257,0.269015231057768,0.2718848614754918,20.91,1027.445
1791034277.1973941,69.64737049429873,0.23841187377826703,0.26893186688826176,0.2730915536162271,20.94,1027.459
1791034308.5457182,69.64737049429873,0.24380610016209178,0.26648929871429305,0.2711030385984562,20.93,1027.464
1791034339.8853202,69.64737049429873,0.23906089412564527,0.27108994264682523,0.2781593466565881,20.9,1027.472
1791034371.228697,69.64737049429873,0.23899948116281472,0.2683651983367211,0.27599448240501256,20.91,1027.487
1791034402.5744028,69.64737049429873,0.23774313999085703,0.2742689846890947,0.2767180121145859,20.91,1027.463
1791034433.915825,69.64737049429873,0.2412368483587393,0.26937092983811234,0.27859627511856366,20.93,1027.474
1791034465.2742236,69.64737049429873,0.23770092272996152,0.27584374480917356,0.276266956836023,20.9,1027.484
1791034496.6017127,69.64737049429873,0.23942175999910384,0.2686022803234743,0.2833288980572688,20.9,1027.481
1791034527.9412084,69.64737049429873,0.23780568746511463,0.26816428199327763,0.27666152901109786,20.89,1027.494
1791034559.2836294,69.64737049429873,0.23663568769911966,0.26769255669346,0.2749641389716964,20.89,1027.498
1791034590.6293063,69.64737049429873,0.23772127355421688,0.27384764415296087,0.281687500685654,20.87,1027.5
1791034621.9769042,69.64737049429873,0.24140249333837235,0.26742104087693547,0.2800339197044031,20.87,1027.493
1791034653.3232074,69.64737049429873,0.2426550118463989,0.2678103323610361,0.2741785729651496,20.86,1027.49
1791034684.6756365,69.64737049429873,0.23761682210245869,0.2731853468485913,0.2807006890586841,20.84,1027.488
1791034716.0181985,69.64737049429873,0.24113061883290823,0.2668043105975939,0.2747818006818564,20.87,1027.496
1791034747.3467257,69.64737049429873,0.23630064054257904,0.2635039376127757,0.28082429663067,20.87,1027.503
1791034778.6851568,69.64737049429873,0.2380973326922893,0.2658334457790695,0.27152647409096026,20.89,1027.502
1791034810.038854,69.64737049429873,0.2367992063811265,0.27102343182036576,0.2757856150170863,20.89,1027.501
1791034841.3750892,69.64737049429873,0.23978454375490574,0.2708367347259018,0.27141638285651976,20.87,1027.504
1791034872.72757,69.64737049429873,0.23820634661767312,0.26709167169267867,0.27739638565149444,20.89,1027.512
1791034904.07615,69.64737049429873,0.2360207638512112,0.2689586897662011,0.27150356501550177,20.89,1027.518
1791034935.4356368,69.64737049429873,0.23952756296994918,0.2677841348938191,0.27539073231808525,20.91,1027.512
1791034966.777021,69.64737049429873,0.2394829086496176,0.2649785634093281,0.27230001326750164,20.93,1027.527
1791034998.1215174,69.64737049429873,0.23845501287610021,0.26567842721182644,0.27326973809490845,20.94,1027.53
1791035029.4681108,69.64737049429873,0.23780568746511463,0.2671207133219812,0.26976193936218534,20.93,1027.531
1791035060.80664,69.64737049429873,0.2419940567397446,0.2668481185880064,0.27448077113929975,20.93,1027.529
1791035092.1620872,69.64737049429873,0.23707204204000878,0.2658372624793239,0.27366298693737545,20.91,1027.513
1791035123.5044987,69.64737049429873,0.23461652111006837,0.2678202494747003,0.27059715182641353,20.93,1027.514
1791035154.8550243,69.64737049429873,0.23971048657383,0.26967744190664095,0.2722120466524007,20.93,1027.511
1791035186.2125716,69.64737049429873,0.2405126205719775,0.2681753071525873,0.2739968705307068,20.94,1027.508
1791035217.5561929,69.64737049429873,0.23566826661547186,0.26513561162570537,0.2717221707180568,20.95,1027.513
1791035248.8995092,69.64737049429873,0.23530529221227522,0.26666251377323913,0.2733863636768806,20.95,1027.503
1791035280.2471206,69.64737049429873,0.2374918425208061,0.27432901547793237,0.27283899915651516,20.91,1027.505
1791035311.5967987,69.64737049429873,0.24016434974390355,0.26709167169267867,0.27597183727179525,20.91,1027.491
1791035342.9379523,69.64737049429873,0.23709172148370786,0.2670102716859728,0.27642548210766316,20.93,1027.481
1791035374.2635841,69.64737049429873,0.23482406351177507,0.26743851611910124,0.2735699226115654,20.94,1027.469
1791035405.6161995,69.64737049429873,0.23936050321189964,0.2700509978063427,0.27903629838289257,20.94,1027.473
1791035436.966592,69.64737049429873,0.2401187315383273,0.27329660382299903,0.2726611695070106,20.93,1027.467
1791035468.3110495,69.64737049429873,0.2356432945418813,0.2728135133535859,0.28000561702625726,20.89,1027.47
1791035499.6645792,69.64737049429873,0.2371768529630399,0.2706308280825277,0.2755711500751988,20.9,1027.46
1791035531.0141244,69.64737049429873,0.23598069940447972,0.2680927239057107,0.27539073231808525,20.87,1027.458
1791035562.3686013,69.64737049429873,0.23671723083156299,0.27236418558037934,0.276266956836023,20.89,1027.452
1791035593.699922,69.64737049429873,0.2428107591698164,0.26653231631845714,0.27958804171702123,20.87,1027.446
1791035625.0305367,69.64737049429873,0.2378880993183667,0.26932165159260696,0.27142821334291867,20.87,1027.444
1791035656.3690357,69.64737049429873,0.23617300251478715,0.2657541730110006,0.2759305555323158,20.89,1027.446
1791035687.713525,69.64737049429873,0.23546043729917032,0.26777432036839216,0.28149200167097843,20.9,1027.443
1791035718.9959407,69.64737049429873,0.23526615899528763,0.2658372624793239,0.27205977349813054,20.9,1027.44
1791035750.3373718,69.64737049429873,0.23700867959205832,0.2690074475139575,0.27499619862464403,20.93,1027.437
1791035781.6890337,69.64737049429873,0.2352402518229,0.26579932904425485,0.27326523021287175,20.91,1027.433
1791035813.020503,69.64737049429873,0.2368403573886344,0.2707168902687941,0.2793096171714589,20.93,1027.425
1791035844.36291,69.64737049429873,0.23663094040082494,0.2668481185880064,0.27339039220340067,20.91,1027.42
1791035875.70738,69.64737049429873,0.24187619628806958,0.2668921204274858,0.2746020134742794,20.9,1027.412
1791035907.0478978,69.64737049429873,0.23448533584657616,0.26926664978811643,0.2759076493391412,20.9,1027.412
1791035938.395406,69.64737049429873,0.236253535063362,0.26544695056376466,0.2724202923285321,20.91,1027.406
1791035969.7448206,69.64737049429873,0.23633449580534524,0.26611021876043134,0.2712963881014732,20.93,1027.409
1791036001.0784352,69.64737049429873,0.2371768529630399,0.26638317504153886,0.2732070820692255,20.91,1027.402
1791036032.419947,69.64737049429873,0.23608502783861002,0.26517411490488235,0.2725086908966614,20.91,1027.398
1791036063.764375,69.64737049429873,0.23574756600540347,0.26564367774314096,0.27035799242364544,20.93,1027.391
1791036095.1078463,69.64737049429873,0.23458918682429086,0.2706832455001415,0.27111005351446815,20.9,1027.384
1791036126.4554582,69.64737049429873,0.2382494227746244,0.27238017578281126,0.27183208238319495,20.91,1027.389
1791036157.799832,69.64737049429873,0.23531872736790105,0.26423658971002956,0.27094290469261983,20.93,1027.396
1791036189.1463134,69.64737049429873,0.23833591955967973,0.26811443706058896,0.2736882460105831,20.91,1027.401
1791036220.4897645,69.64737049429873,0.23586730776640627,0.2692811297741402,0.2765194445364162,20.93,1027.393
1791036251.8373673,69.64737049429873,0.23664906292963314,0.26799542858588116,0.2807757847018133,20.91,1027.393
1791036283.178786,69.64737049429873,0.2386287166336787,0.26638317504153886,0.2699137554845381,20.93,1027.393
1791036314.5224319,69.64737049429873,0.2384362203344201,0.2706308280825277,0.2728135133535859,20.93,1027.401
1791036345.8708048,69.64737049429873,0.23650326569346478,0.2678663817260595,0.27390485598911496,20.93,1027.393
1791036377.2144039,69.64737049429873,0.2460202209232268,0.2686856127561657,0.27208287949783283,20.91,1027.388
1791036408.5620852,69.64737049429873,0.24061890560547827,0.26759330471602405,0.27812029512915987,20.9,1027.388
1791036439.8892982,69.64737049429873,0.23946637268237703,0.2658751288912901,0.2701704945771786,20.89,1027.379
1791036471.2758257,69.64737049429873,0.23543502808671518,0.26599262188152917,0.2706644448636531,20.91,1027.368
1791036502.612428,69.64737049429873,0.23776516130937247,0.2710433718902067,0.2783932514102674,20.89,1027.358
1791036533.959836,69.64737049429873,0.23854787714065312,0.2652956546697133,0.26967435372865434,20.91,1027.355
1791036565.304163,69.64737049429873,0.2351489059106527,0.26819756337465656,0.2695702340336382,20.91,1027.364
1791036596.6449044,69.64737049429873,0.24063714813695025,0.2669064075373416,0.2710968924929015,20.94,1027.357
1791036627.9962986,69.64737049429873,0.23531872736790105,0.26713639048120347,0.27149197295621247,20.91,1027.345
1791036659.338767,69.64737049429873,0.2364800581079463,0.2658790833313664,0.27042787287223474,20.9,1027.353
1791036690.6682165,69.64737049429873,0.23700867959205832,0.26873376525377485,0.27274996624586634,20.89,1027.353
1791036722.0089042,69.64737049429873,0.24001252670244783,0.26958948614632783,0.2766989219461166,20.89,1027.365
1791036753.3582547,69.64737049429873,0.23900834690988118,0.26666251377323913,0.273933728197246,20.89,1027.36
1791036784.6966615,69.64737049429873,0.23551381281851133,0.26783022805167184,0.27420741045742864,20.89,1027.368
1791036816.0463312,69.64737049429873,0.23643925855221717,0.27268619368406954,0.2727181082216491,20.9,1027.368
1791036847.3956482,69.64737049429873,0.2403167119052601,0.2647068681881836,0.27080318125236996,20.9,1027.364
1791036878.7402549,69.64737049429873,0.23669017836416412,0.2735978049698907,0.2752428153426812,20.91,1027.365
1791036910.0848384,69.64737049429873,0.23586730776640627,0.2660012903202859,0.2789308690490656,20.89,1027.349
1791036941.4302635,69.64737049429873,0.23580253582268984,0.2717665070880088,0.2742373142741758,20.9,1027.351
1791036972.775637,69.64737049429873,0.23449585677014323,0.26643188660054856,0.27271137371243803,20.87,1027.358
1791037004.1171875,69.64737049429873,0.23531872736790105,0.2721385864194486,0.27268619368406954,20.86,1027.349
1791037035.4647245,69.64737049429873,0.23595638601655797,0.26752044930503427,0.2795312844918314,20.84,1027.359
1791037066.8082805,69.64737049429873,0.2467298136385749,0.2712301251770483,0.2782163420171935,20.86,1027.353
1791037098.1505978,69.64737049429873,0.24601813765861139,0.2701021765546883,0.2783395609768371,20.86,1027.36
1791037129.4982052,69.64737049429873,0.2358918940318518,0.26678082526479285,0.2751801571821509,20.83,1027.363
1791037160.8295689,69.64737049429873,0.2398297578068126,0.26541119970410376,0.2740552118456219,20.82,1027.357
1791037192.1721196,69.64737049429873,0.23698662307258256,0.26576132840798006,0.2778611097789738,20.8,1027.341
1791037223.5096064,69.64737049429873,0.23879654476584702,0.26787652571334414,0.27247664745729994,20.84,1027.358
1791037254.8592231,69.64737049429873,0.23462748879291356,0.2631030665532029,0.26952007638617104,20.84,1027.347
1791037286.2106113,69.64737049429873,0.2353838713087138,0.2655319033113215,0.2680315319347915,20.87,1027.344
1791037317.5593905,69.64737049429873,0.2362465543559122,0.26646942668779844,0.2731075243791174,20.91,1027.337
1791037348.8975282,69.64737049429873,0.23614159796565887,0.27493866205130973,0.27576189838525433,20.9,1027.325
1791037380.2391665,69.64737049429873,0.2362465543559122,0.265334238155289,0.2775317238557317,20.93,1027.315
1791037411.5837514,69.64737049429873,0.23593196470833003,0.265529008287608,0.27384101360605023,20.9,1027.3
1791037442.9300754,69.64737049429873,0.23576256639570894,0.2661196234522383,0.2760942790774786,20.9,1027.287
1791037474.2826355,69.64737049429873,0.23892865362891416,0.2763394889245415,0.27481651606027646,20.9,1027.281
1791037505.590395,69.64737049429873,0.2372387587626693,0.26494206888718264,0.28100035164744797,20.93,1027.273
1791037536.905524,69.64737049429873,0.24382172354473186,0.2661196234522383,0.27222696299256527,20.91,1027.261
1791037568.2521186,69.64737049429873,0.23915879015743755,0.26741068068045604,0.2718874049299131,20.93,1027.249
1791037599.5947332,69.64737049429873,0.2373655251160183,0.27283899915651516,0.2725653168963325,20.95,1027.234
1791037630.9390635,69.64737049429873,0.23694520494367335,0.26865018441737093,0.2800788917564524,20.95,1027.214
1791037662.2825832,69.64737049429873,0.2359163715519167,0.26615264432697777,0.27903629838289257,20.95,1027.229
1791037693.6290343,69.64737049429873,0.23555336248108188,0.267639036213044,0.2746330351909283,20.95,1027.23
1791037724.9805686,69.64737049429873,0.23563277849881425,0.26874663163824924,0.2777378297503055,20.95,1027.232
1791037756.3259966,69.64737049429873,0.2363516040862825,0.27271137371243803,0.2769826555921391,20.93,1027.224
1791037787.6675565,69.64737049429873,0.23611751287449212,0.26741944828527275,0.27832831585243795,20.95,1027.228
1791037819.0001676,69.64737049429873,0.23952297191177147,0.26730032529375486,0.27182178213430724,20.94,1027.227
1791037850.3596375,69.64737049429873,0.24552040388911395,0.2736882460105831,0.28022642043190554,20.9,1027.228
1791037881.6819792,69.64737049429873,0.23734420280117174,0.26713639048120347,0.27975373964682343,20.9,1027.228
1791037913.0146315,69.64737049429873,0.23527943736894408,0.26678082526479285,0.27140445780617,20.91,1027.223
1791037944.3609936,69.64737049429873,0.2358272875932197,0.2665069001526551,0.2772179153194383,20.91,1027.217
1791037975.6936448,69.64737049429873,0.2420201868652964,0.26866277385151915,0.2708561210152398,20.94,1027.22
1791038007.0391767,69.64737049429873,0.23627031058677642,0.27229163463614986,0.2738719733653558,20.91,1027.211
1791038038.3835304,69.64737049429873,0.24049834919503604,0.2677940103006456,0.2699481573609648,20.91,1027.204
1791038069.7239213,69.64737049429873,0.2353445295114864,0.2652549615877999,0.2725973243693154,20.9,1027.198
1791038101.050562,69.64737049429873,0.23993616427528694,0.265137274591966,0.27755941805280254,20.9,1027.208
1791038132.3789754,69.64737049429873,0.23610121270535753,0.27301777727210563,0.27527250374106516,20.93,1027.215
1791038163.7284133,69.64737049429873,0.234600081688023,0.2723720738654366,0.2724689530494758,20.91,1027.213
1791038195.0749688,69.64737049429873,0.235437228275458,0.2718546227510138,0.27469565952881664,20.91,1027.212
1791038226.3985052,69.64737049429873,0.23869790200933633,0.27204104121980516,0.2728327458805216,20.9,1027.213
1791038257.7480721,69.64737049429873,0.2363516040862825,0.2659210898968683,0.2731391777469905,20.91,1027.214
1791038289.0876353,69.64737049429873,0.23590743475965592,0.2691408423214965,0.2693656620849218,20.93,1027.217
1791038320.435989,69.64737049429873,0.24019508193143108,0.26749290475644655,0.27393185987490487,20.91,1027.215
1791038351.7794335,69.64737049429873,0.2364158881649115,0.2668248927156749,0.2731391777469905,20.89,1027.207
1791038383.1339273,69.64737049429873,0.2432149573811907,0.27289648466550825,0.27118407488894675,20.93,1027.206
1791038414.48847,69.64737049429873,0.23593196470833003,0.26638871014092863,0.2732921893834205,20.93,1027.205
1791038445.829873,69.64737049429873,0.2365850715821042,0.2660012903202859,0.27143755217113574,20.94,1027.195
1791038477.1764178,69.64737049429873,0.23700605980302256,0.2676119544072011,0.2756099849331574,20.94,1027.183
1791038508.5218618,69.64737049429873,0.23947796615059747,0.27435931127748797,0.2775317238557317,20.94,1027.176
1791038539.869352,69.64737049429873,0.2399661247073483,0.26769459415083746,0.27530575236788396,20.94,1027.167
1791038571.2127402,69.64737049429873,0.2387602120546404,0.26718130838254556,0.2725257680091775,20.93,1027.16
1791038602.5585785,69.64737049429873,0.2363924137196961,0.2689015956023824,0.27115065150511886,20.93,1027.151
1791038633.887882,69.64737049429873,0.24271513315938842,0.26832848359413713,0.27286464361519414,20.91,1027.133
1791038665.2172375,69.64737049429873,0.23609332030387908,0.26812539519619,0.2721856826203219,20.93,1027.129
1791038696.5618708,69.64737049429873,0.23495223614864355,0.26895046509862514,0.27221824267233724,20.91,1027.129
1791038727.8902555,69.64737049429873,0.24221397185497656,0.2680060109181576,0.2714256748059306,20.93,1027.123
1791038759.2367961,69.64737049429873,0.2362465543559122,0.26835277137975266,0.27149197295621247,20.94,1027.09
1791038790.5773268,69.64737049429873,0.23793587655885295,0.2736882460105831,0.27466424993999483,20.93,1027.094
1791038821.9268813,69.64737049429873,0.23645674728133922,0.2657267561884896,0.27094290469261983,20.91,1027.08
1791038853.2753413,69.64737049429873,0.23584261202928808,0.27466424993999483,0.27341371187878677,20.94,1027.076
1791038884.6218128,69.64737049429873,0.2458509782519329,0.2665503585838786,0.2822223514400969,20.91,1027.073
1791038915.981286,69.64737049429873,0.23495223614864355,0.2680060109181576,0.28080132233980026,20.9,1027.071
1791038947.3096945,69.64737049429873,0.23761861491248662,0.2666689359739216,0.27130482106060577,20.9,1027.07
1791038978.653272,69.64737049429873,0.2351489059106527,0.2660012903202859,0.2749086237991713,20.89,1027.062
1791039009.9947689,69.64737049429873,0.23772427474526414,0.2661196234522383,0.26987929247372955,20.91,1027.071
1791039041.3481936,69.64737049429873,0.23567264570040744,0.270446052806484,0.2748483866555185,20.9,1027.075
1791039072.687578,69.64737049429873,0.23670860106280026,0.26576857309188484,0.2736258612124244,20.89,1027.077
1791039104.0204606,69.64737049429873,0.23450645274592977,0.26635660584693355,0.27799888200412237,20.87,1027.073
1791039135.3646376,69.64737049429873,0.2360528196109022,0.26781394603859626,0.26895046509862514,20.89,1027.091
1791039166.704176,69.64737049429873,0.23516183695236753,0.2654548824923163,0.2723396655695774,20.89,1027.093
1791039198.04971,69.64737049429873,0.2346770902830789,0.26400004568401425,0.27512353252108307,20.9,1027.083
1791039229.395146,69.64737049429873,0.24248924039458536,0.2719101684041658,0.2776275405002981,20.94,1027.081
1791039260.749608,69.64737049429873,0.23863548084006195,0.270050558301872,0.2703777388665639,20.95,1027.084
1791039292.0921876,69.64737049429873,0.23539762239959572,0.2731075243791174,0.276802837964686,20.95,1027.08
1791039323.3675773,69.64737049429873,0.23450645274592977,0.27139243705351085,0.27338230287771326,20.95,1027.079
1791039354.6981804,69.64737049429873,0.2399661247073483,0.2657267561884896,0.2724935112119461,20.91,1027.09
1791039386.0397253,69.64737049429873,0.23521422960477878,0.27097645327074,0.27125074346999256,20.95,1027.079
1791039417.3871977,69.64737049429873,0.233947276371638,0.2687821316767191,0.27289648466550825,20.97,1027.066
1791039448.7315655,69.64737049429873,0.23597214224459734,0.26749290475644655,0.269999244047642,20.95,1027.075
1791039480.077184,69.64737049429873,0.23837934110723083,0.26714430241970816,0.27295422613182985,20.95,1027.06
1791039511.4096203,69.64737049429873,0.23592308649751265,0.2690349696924921,0.2708081115395416,20.95,1027.065
1791039542.7409828,69.64737049429873,0.23622269230203088,0.26718130838254556,0.27686942429497474,20.94,1027.063
1791039574.0856729,69.64737049429873,0.23721711625530817,0.26702530199294316,0.2745118484059721,20.95,1027.062
1791039605.4241664,69.64737049429873,0.2371115410630655,0.26639427971307994,0.2731075243791174,20.94,1027.052
1791039636.7684402,69.64737049429873,0.23402250589553716,0.2702913628950756,0.27118407488894675,20.97,1027.041
1791039668.1013596,69.64737049429873,0.24508011752234418,0.26675027869213147,0.27417590781404777,20.98,1027.032
1791039699.450681,69.64737049429873,0.23946128645888842,0.2750908062595291,0.2750908062595291,20.94,1027.037
1791039730.776937,69.64737049429873,0.24327314314622667,0.27695442335945886,0.27695442335945886,20.94,1027.041
1791039762.1216285,69.64737049429873,0.2363924137196961,0.27432873035784994,0.2810761008383961,20.9,1027.046
1791039793.4510875,69.64737049429873,0.23708957621400065,0.26722642672951297,0.27432873035784994,20.93,1027.036
1791039824.7805505,69.64737049429873,0.23577767374533753,0.272064274246487,0.27634727076646953,20.91,1027.033
1791039856.1230385,69.64737049429873,0.23609332030387908,0.26998156889107344,0.2738698539099902,20.94,1027.037
1791039887.4695375,69.64737049429873,0.2435827855493503,0.27092901330446867,0.2728904482157583,20.97,1027.038
1791039918.8168795,69.64737049429873,0.24303977747380298,0.26741944828527275,0.2743897963495703,20.97,1027.055
1791039950.145369,69.64737049429873,0.2405765911939641,0.26651284041281786,0.2725579673819258,20.94,1027.059
1791039981.4739711,69.64737049429873,0.23975262241143913,0.26816151140439276,0.2717336318861383,20.97,1027.057
1791040012.804517,69.64737049429873,0.2363516040862825,0.27301777727210563,0.2771058738859046,20.95,1027.044
1791040044.1449692,69.64737049429873,0.2393714795360421,0.26764849511106387,0.2752130741626246,20.95,1027.039
1791040075.4915166,69.64737049429873,0.23559301756715367,0.2660392296841931,0.2712174388244162,20.95,1027.031
1791040106.8328586,69.64737049429873,0.23706979068985684,0.27341371187878677,0.27935534127465744,20.94,1027.019
1791040138.1683369,69.64737049429873,0.23512259909878402,0.2673739609792676,0.27932925583234774,20.91,1027.011
1791040169.4979594,69.64737049429873,0.23643925855221717,0.27162386423920387,0.2720736140677504,20.94,1027.0
1791040200.843385,69.64737049429873,0.23637513781749533,0.2703418517225845,0.2709232233352364,20.93,1026.997
1791040232.1720288,69.64737049429873,0.23953949969169075,0.2677311100729536,0.2763968685388902,20.93,1026.992
1791040263.515349,69.64737049429873,0.2391860179192796,0.2687595783694017,0.270050558301872,20.9,1027.008
1791040294.859877,69.64737049429873,0.23516183695236753,0.2669509125133569,0.27591975276975317,20.94,1027.022
1791040326.2054353,69.64737049429873,0.2435322041400925,0.2712381002772156,0.2739920135081201,20.94,1027.023
1791040357.549067,69.64737049429873,0.23823454360677782,0.2660863371010594,0.2755214651476431,20.91,1027.02
1791040388.8744435,69.64737049429873,0.2366443487361912,0.26879517761309607,0.2731658395388487,20.91,1027.022
1791040420.2097955,69.64737049429873,0.23656198406587386,0.26651284041281786,0.275428333738666,20.93,1027.027
1791040451.5545373,69.64737049429873,0.24288188953357764,0.26855581260856565,0.2777512107246001,20.91,1027.038
1791040482.8987768,69.64737049429873,0.23766109806025712,0.27212952359621784,0.27295422613182985,20.9,1027.039
1791040514.2453077,69.64737049429873,0.2366031113420315,0.2645893909226471,0.27872714388111414,20.89,1027.048
1791040545.5798626,69.64737049429873,0.23943308035669017,0.26689924178664864,0.26952007638617104,20.87,1027.064
1791040576.929232,69.64737049429873,0.2363516040862825,0.2654522220566932,0.27011930229723086,20.9,1027.067
1791040608.2147992,69.64737049429873,0.23522738201420823,0.26714430241970816,0.2713713046042163,20.89,1027.071
1791040639.5565143,69.64737049429873,0.23892865362891416,0.27111716851390205,0.270446052806484,20.89,1027.073
1791040670.9069142,69.64737049429873,0.23409813863237958,0.26510170278676026,0.2700160943554668,20.89,1027.071
1791040702.2491798,69.64737049429873,0.24001182353810602,0.2740229490588245,0.2703777388665639,20.9,1027.066
1791040733.591064,69.64737049429873,0.23598801092163885,0.26588706626133457,0.27692614082216493,20.89,1027.064
1791040764.9353104,69.64737049429873,0.23533225836475619,0.2660437189574495,0.26977553500106033,20.87,1027.068
1791040796.2908516,69.64737049429873,0.23935456999767804,0.2655319033113215,0.2686397516574227,20.9,1027.064
1791040827.6463892,69.64737049429873,0.23433566298309622,0.26596754336332534,0.27048011852499376,20.91,1027.068
1791040858.9757183,69.64737049429873,0.23526677765541093,0.2744203909892078,0.27644175768351686,20.9,1027.073
1791040890.3201978,69.64737049429873,0.23698386960240908,0.2660437189574495,0.27787499117672965,20.91,1027.069
1791040921.6627564,69.64737049429873,0.23522738201420823,0.27432873035784994,0.2718546227510138,20.91,1027.069
1791040953.0083413,69.64737049429873,0.23374748259472541,0.26848418704631116,0.27570323458386997,20.93,1027.066
1791040984.350795,69.64737049429873,0.2346770902830789,0.26769459415083746,0.27347265732769516,20.94,1027.074
1791041015.6851747,69.64737049429873,0.23601242706868222,0.26749290475644655,0.27118407488894675,20.95,1027.062
1791041047.0196989,69.64737049429873,0.2380418187909202,0.2654548824923163,0.27396278014237946,20.93,1027.053
1791041078.3631828,69.64737049429873,0.23592308649751265,0.2631705179064799,0.27010210164761145,20.95,1027.042
1791041109.6447797,69.64737049429873,0.23863548084006195,0.26741944828527275,0.2724611968364779,20.9,1027.03
1791041141.0053368,69.64737049429873,0.2360528196109022,0.26639427971307994,0.2745732407899538,20.93,1027.01
1791041172.360687,69.64737049429873,0.23892865362891416,0.27738053014674624,0.2721620611907547,20.93,1027.008
1791041203.6991742,69.64737049429873,0.23525346755909718,0.2660012903202859,0.2768312176250629,20.93,1027.004
1791041235.052703,69.64737049429873,0.24134062893336833,0.26407792587686413,0.2696901548431798,20.91,1026.988
1791041266.398255,69.64737049429873,0.23594766900121916,0.2659632834156262,0.26820879572322076,20.91,1026.976
1791041297.7216935,69.64737049429873,0.23611751287449212,0.2678867329057969,0.2784522430359101,20.94,1026.956
1791041329.0562022,69.64737049429873,0.23783002858554753,0.2643146124240513,0.27048011852499376,20.93,1026.946
1791041360.399746,69.64737049429873,0.23897292531014805,0.26883071345376963,0.2724044244414218,20.95,1026.954
1791041391.7371838,69.64737049429873,0.23643333252319146,0.26820879572322076,0.2715797219058098,20.95,1026.947
1791041423.0807462,69.64737049429873,0.23560752690436498,0.27127149040317794,0.2709627089541252,20.94,1026.967
1791041454.436198,69.64737049429873,0.23808494376084433,0.2698957610753547,0.27897557463898826,20.93,1026.953
1791041485.761729,69.64737049429873,0.24193870331536774,0.2787004287734236,0.2787004287734236,20.91,1026.957
1791041517.1112554,69.64737049429873,0.23808494376084433,0.2659252087896962,0.2755214651476431,20.91,1026.956
1791041548.4496465,69.64737049429873,0.23594766900121916,0.2664376033405522,0.27154663626874265,20.93,1026.966
1791041579.792077,69.64737049429873,0.2411731117166418,0.2668691565541435,0.27221824267233724,20.93,1026.968
1791041611.143556,69.64737049429873,0.23611751287449212,0.26521828136075554,0.2805014437327173,20.91,1026.968
1791041642.4871392,69.64737049429873,0.24161552977857237,0.26502099840887167,0.27512353252108307,20.93,1026.961
1791041673.8374763,69.64737049429873,0.23477014696939583,0.2673286754890685,0.27023946736486315,20.93,1026.969
1791041705.1661587,69.64737049429873,0.2411388520046845,0.2660012903202859,0.2726542224826194,20.9,1026.969
1791041736.510756,69.64737049429873,0.23607706995448616,0.2683886054560541,0.27667964486086305,20.93,1026.985
1791041767.8511436,69.64737049429873,0.23593196470833003,0.27094290469261983,0.27344506506401345,20.9,1026.988
1791041799.1848035,69.64737049429873,0.23690067234987516,0.26713639048120347,0.27161274866907137,20.91,1026.983
1791041830.5290232,69.64737049429873,0.23606093480973397,0.26537275310593816,0.2696050022744769,20.93,1026.986
1791041861.8746045,69.64737049429873,0.23998166075519536,0.26764849511106387,0.2687821316767191,20.94,1026.988
1791041893.2160046,69.64737049429873,0.23645674728133922,0.2658830623779188,0.2797279969101023,20.91,1026.982
1791041924.564577,69.64737049429873,0.23518809157289478,0.26859152979981316,0.27438983782867993,20.9,1026.97
1791041955.9049213,69.64737049429873,0.23504443716864845,0.2659210898968683,0.2737789286674419,20.87,1026.965
1791041987.2354462,69.64737049429873,0.23586730776640627,0.26725512293449316,0.2713713046042163,20.89,1026.976
1791042018.581061,69.64737049429873,0.23594766900121916,0.27195279459710014,0.27518328006001297,20.87,1026.975
1791042049.9215674,69.64737049429873,0.23408897757851152,0.2718546227510138,0.27853283608826224,20.89,1026.978
1791042081.2699852,69.64737049429873,0.23350243324276346,0.26490315379310064,0.27212952359621784,20.87,1026.988
1791042112.613581,69.64737049429873,0.24211682085400538,0.2736882460105831,0.27558053086647977,20.89,1026.993
1791042143.9480371,69.64737049429873,0.2386539973680725,0.2712174388244162,0.2754579363208546,20.89,1027.004
1791042175.297517,69.64737049429873,0.24392334472475896,0.2644322999305055,0.27365708137630906,20.84,1027.001
1791042206.6516476,69.64737049429873,0.23556771118408407,0.2659252087896962,0.27338230287771326,20.86,1027.001
1791042238.0455554,69.64737049429873,0.23652096646722712,0.26635660584693355,0.2746036312030539,20.84,1026.995
1791042269.3899693,69.64737049429873,0.23408897757851152,0.2648641694212429,0.2703255816026837,20.89,1026.995
1791042300.7354832,69.64737049429873,0.23525346755909718,0.26557031093055494,0.2707887798865464,20.86,1026.991
1791042332.068081,69.64737049429873,0.23391830611286,0.2647072007757095,0.2731391777469905,20.86,1026.995
1791042363.4074678,69.64737049429873,0.23704776220446605,0.26730032529375486,0.2744814168720965,20.84,1026.989
1791042394.7539864,69.64737049429873,0.23474300864847203,0.2680422172781299,0.2781773421907061,20.82,1026.993
1791042426.0934978,69.64737049429873,0.23333172863652288,0.26403983392545544,0.2769826555921391,20.82,1026.992
1791042457.4439898,69.64737049429873,0.23552800169089352,0.2661196234522383,0.2718874049299131,20.82,1027.005
1791042488.7874935,69.64737049429873,0.23401363780967313,0.26741068068045604,0.2724689530494758,20.82,1027.014
1791042520.1349702,69.64737049429873,0.2363924137196961,0.26289995248076736,0.2709963445376133,20.84,1027.013
1791042551.4825468,69.64737049429873,0.23364340526765598,0.2653365291821169,0.26812539519619,20.86,1027.013
1791042582.8258958,69.64737049429873,0.2336729861723854,0.26780394715712297,0.2706683705608235,20.87,1027.008
1791042614.1685584,69.64737049429873,0.23610121270535753,0.26721824849560494,0.272347904267003,20.87,1027.017
1791042645.4968822,69.64737049429873,0.23597214224459734,0.26482441631500797,0.27738053014674624,20.9,1027.015
1791042676.842574,69.64737049429873,0.2360528196109022,0.26616233480094337,0.26811443706058896,20.9,1027.016
1791042708.1889539,69.64737049429873,0.2358827954439738,0.26580680415652547,0.2724935112119461,20.91,1027.027
1791042739.529492,69.64737049429873,0.23836021230045315,0.2703255816026837,0.2707211986720487,20.91,1027.024
1791042770.8749447,69.64737049429873,0.23522738201420823,0.2669064075373416,0.2773526396550941,20.93,1027.025
1791042802.2134538,69.64737049429873,0.24085124745480577,0.26505982604397416,0.27295422613182985,20.93,1027.042
1791042833.5751545,69.64737049429873,0.23508346597713092,0.2662758244520823,0.27380999875580464,20.93,1027.044
1791042864.9115512,69.64737049429873,0.234600081688023,0.2654522220566932,0.2695702340336382,20.94,1027.044
1791042896.2580078,69.64737049429873,0.23552800169089352,0.2639621775987147,0.27341371187878677,20.9,1027.056
1791042927.5646589,69.64737049429873,0.23700605980302256,0.27075501937019775,0.27555102431810635,20.9,1027.058
1791042958.9210727,69.64737049429873,0.2345617312092894,0.2717993238684978,0.27271137371243803,20.89,1027.067
1791042990.240411,69.64737049429873,0.23926508758037587,0.2671732884864568,0.2764622572557921,20.87,1027.068
1791043021.5741343,69.64737049429873,0.2429493405088029,0.26857913919941245,0.27268619368406954,20.89,1027.061
1791043052.9024723,69.64737049429873,0.2367541048077544,0.27183208238319495,0.2817456210768223,20.86,1027.081
1791043084.251074,69.64737049429873,0.2392033098897558,0.266238061914222,0.2799547379212652,20.86,1027.095
1791043115.592669,69.64737049429873,0.24028709207771484,0.2744203909892078,0.28230085486876627,20.87,1027.083
1791043146.937068,69.64737049429873,0.23797884066985478,0.26781394603859626,0.2759489701177771,20.82,1027.084
1791043178.2805228,69.64737049429873,0.23708957621400065,0.26588706626133457,0.27166770559311965,20.84,1027.094
1791043209.6331124,69.64737049429873,0.23395591566671212,0.2669881404197698,0.2712381002772156,20.89,1027.086
1791043240.9644616,69.64737049429873,0.2363516040862825,0.27097645327074,0.27286464361519414,20.91,1027.074
1791043272.2889087,69.64737049429873,0.240255950954448,0.26823355127821386,0.2741154257173651,20.89,1027.071
1791043303.6346998,69.64737049429873,0.23690067234987516,0.26675027869213147,0.2733236365744256,20.89,1027.062
1791043334.977939,69.64737049429873,0.23628720556727803,0.2673371759086053,0.2750009777164829,20.89,1027.055
1791043366.3225615,69.64737049429873,0.23374748259472541,0.27530575236788396,0.27558053086647977,20.86,1027.058
1791043397.6689777,69.64737049429873,0.23611751287449212,0.27023946736486315,0.2722507447083658,20.87,1027.063
1791043429.0175695,69.64737049429873,0.23548839800024388,0.26772138188607303,0.2754579363208546,20.89,1027.055
1791043460.3620017,69.64737049429873,0.2353838713087138,0.2641191982894248,0.27512064278089254,20.86,1027.069
1791043491.7006178,69.64737049429873,0.23474300864847203,0.2684362899029885,0.2700849608945634,20.89,1027.059
1791043523.0510123,69.64737049429873,0.23353942058131988,0.26427506898482594,0.2709092963903509,20.91,1027.068
1791043554.3954892,69.64737049429873,0.23499126343925486,0.27148028774237354,0.27432873035784994,20.9,1027.071
1791043585.7390916,69.64737049429873,0.23691986295234724,0.2643928437640616,0.2728584738371356,20.91,1027.076
1791043617.082463,69.64737049429873,0.23874192415254328,0.2652978272164206,0.2724611968364779,20.93,1027.07
1791043648.4320397,69.64737049429873,0.2334053785874945,0.26722642672951297,0.2704119263079443,20.94,1027.062
1791043679.778549,69.64737049429873,0.23546287007149058,0.2790020447263182,0.2781773421907061,20.94,1027.068
1791043711.1160655,69.64737049429873,0.2348475757979723,0.2644322999305055,0.2786030943510337,20.95,1027.065
1791043742.4653478,69.64737049429873,0.2348475757979723,0.26517768792489693,0.2725257680091775,20.94,1027.075
1791043773.8049185,69.64737049429873,0.240255950954448,0.26987929247372955,0.27356660149473533,20.94,1027.07
1791043805.1494331,69.64737049429873,0.23740757676849947,0.2660392296841931,0.2731707748647608,20.93,1027.069
1791043836.5019546,69.64737049429873,0.23384338762745333,0.26921111064244935,0.27222696299256527,20.91,1027.068
1791043867.83043,69.64737049429873,0.2365850715821042,0.26725512293449316,0.27320231588223565,20.91,1027.073
1791043899.1800566,69.64737049429873,0.23552800169089352,0.2662758244520823,0.2706683705608235,20.93,1027.072
1791043930.5204961,69.64737049429873,0.23408897757851152,0.2651389479198388,0.2692956999018419,20.94,1027.071
1791043961.865868,69.64737049429873,0.23628720556727803,0.2668248927156749,0.2756099849331574,20.94,1027.068
1791043993.2073753,69.64737049429873,0.2343536851606031,0.2661196234522383,0.2710968924929015,20.94,1027.071
1791044024.5591633,69.64737049429873,0.23533225836475619,0.2660056651384972,0.27530575236788396,20.91,1027.064
1791044055.9025855,69.64737049429873,0.23719537716850328,0.26820879572322076,0.26998156889107344,20.95,1027.065
1791044087.2488353,69.64737049429873,0.23577767374533753,0.26879517761309607,0.2781228833544767,20.94,1027.068
1791044118.5785706,69.64737049429873,0.23759780880608947,0.27307581461080094,0.271975721407554,20.95,1027.075
1791044149.9108815,69.64737049429873,0.23742854893872548,0.26494206888718264,0.27802623402541177,20.95,1027.059
1791044181.2664673,69.64737049429873,0.23550252787977285,0.2735632537011021,0.2710836257556977,20.98,1027.061
1791044212.612055,69.64737049429873,0.2366443487361912,0.2730440482911637,0.27221824267233724,20.94,1027.072
1791044243.9543877,69.64737049429873,0.23721711625530817,0.2722507447083658,0.2802010303209929,20.95,1027.07
1791044275.3029811,69.64737049429873,0.2366031113420315,0.2662758244520823,0.2783012573262235,20.94,1027.073
1791044306.6354675,69.64737049429873,0.23960092393222013,0.27128398898357875,0.2738719733653558,20.93,1027.073
1791044337.972756,69.64737049429873,0.23597214224459734,0.2679592610789613,0.27810799845130774,20.94,1027.076
1791044369.3213077,69.64737049429873,0.23894647840621946,0.2675661002696588,0.2775870630791657,20.93,1027.084
1791044400.6647897,69.64737049429873,0.23607706995448616,0.26749290475644655,0.2752130741626246,20.93,1027.078
1791044432.008351,69.64737049429873,0.24095844004340694,0.27469565952881664,0.2745732407899538,20.91,1027.082
1791044463.349899,69.64737049429873,0.2372591381420179,0.26730032529375486,0.274145122449599,20.93,1027.078
1791044494.7033195,69.64737049429873,0.23742854893872548,0.2656501854888845,0.2714256748059306,20.93,1027.078
1791044526.0478938,69.64737049429873,0.23943308035669017,0.26764849511106387,0.271975721407554,20.95,1027.074
1791044557.3743885,69.64737049429873,0.23827334300885677,0.2695702340336382,0.27380999875580464,20.95,1027.087
1791044588.7227964,69.64737049429873,0.23521422960477878,0.26764849511106387,0.27301777727210563,20.97,1027.063
1791044620.0673888,69.64737049429873,0.23975262241143913,0.2678402686651239,0.2746036312030539,20.94,1027.078
1791044651.4127815,69.64737049429873,0.2398139118030056,0.26850784147746654,0.280975728500237,20.93,1027.09
1791044682.7554073,69.64737049429873,0.23806162936042713,0.26752953504580806,0.27606532052907645,20.94,1027.081
1791044714.0329757,69.64737049429873,0.23690067234987516,0.2666689359739216,0.2713713046042163,20.94,1027.076
1791044745.3663228,69.64737049429873,0.23690067234987516,0.27426793566177127,0.272347904267003,20.94,1027.087
1791044776.695796,69.64737049429873,0.23497893342730083,0.26996481110402143,0.27701083765429735,20.93,1027.089
1791044808.0373645,69.64737049429873,0.23580253582268984,0.2664752553913197,0.2716457167155312,20.9,1027.095
1791044839.379811,69.64737049429873,0.23550252787977285,0.2663188648230142,0.27127149040317794,20.89,1027.1
1791044870.7273285,69.64737049429873,0.23550252787977285,0.26910561429897367,0.2704119263079443,20.9,1027.103
1791044902.0740268,69.64737049429873,0.23816743913511634,0.26744733518626496,0.2773526396550941,20.91,1027.092
1791044933.4104586,69.64737049429873,0.2353445295114864,0.2703418517225845,0.27238017578281126,20.95,1027.113
1791044964.7498014,69.64737049429873,0.2374708382660466,0.26825810965652447,0.27195279459710014,20.94,1027.121
1791044996.0954263,69.64737049429873,0.24312390784221244,0.2656817656457762,0.2759076493391412,20.94,1027.118
1791045027.4389827,69.64737049429873,0.23841734456263866,0.265137274591966,0.2701704945771786,20.93,1027.123
1791045058.7853098,69.64737049429873,0.23829261360246004,0.2674839246701705,0.2694005500963439,20.91,1027.119
1791045090.1278784,69.64737049429873,0.23551381281851133,0.26591699653170736,0.27006792661044665,20.9,1027.127
1791045121.4744234,69.64737049429873,0.23667188615510704,0.26634572473587026,0.26962409888556316,20.94,1027.132
1791045152.821852,69.64737049429873,0.24017937205522202,0.26634572473587026,0.2758786024307564,20.93,1027.131
1791045184.16136,69.64737049429873,0.23944976341422677,0.2711302894107049,0.2757272791733735,20.89,1027.132
1791045215.4957597,69.64737049429873,0.23662613821807882,0.2696554159893817,0.2759136768572869,20.87,1027.151
1791045246.8253684,69.64737049429873,0.2373863195616613,0.27503097386928815,0.2811767415635055,20.89,1027.165
1791045278.1618962,69.64737049429873,0.23700605980302256,0.27094290469261983,0.2831027626224581,20.91,1027.158
1791045309.510444,69.64737049429873,0.23531872736790105,0.2680315319347915,0.2715250336692452,20.9,1027.172
1791045340.8618648,69.64737049429873,0.23650326569346478,0.27006792661044665,0.27162386423920387,20.84,1027.187
1791045372.204343,69.64737049429873,0.23705014537037158,0.26533196134014386,0.27734085543334763,20.87,1027.2
1791045403.5409307,69.64737049429873,0.23356198323894156,0.2670471506959532,0.2700509978063427,20.89,1027.206
1791045434.8803022,69.64737049429873,0.23721852373223973,0.2680315319347915,0.27280717773182483,20.9,1027.207
1791045466.2287662,69.64737049429873,0.2377023007834018,0.2700167783602027,0.27508805580171797,20.89,1027.229
1791045497.5665295,69.64737049429873,0.2347586546351425,0.27020456297704337,0.27682152315581876,20.87,1027.233
1791045528.9008331,69.64737049429873,0.23667188615510704,0.26556430619821647,0.273995264418487,20.91,1027.247
1791045560.2473822,69.64737049429873,0.23530529221227522,0.26673695289740645,0.2723882132259031,20.89,1027.254
1791045591.5899665,69.64737049429873,0.23917608115404407,0.27268619368406954,0.2717770048539552,20.89,1027.255
1791045622.9203734,69.64737049429873,0.23504443716864845,0.266238061914222,0.27131717552251716,20.9,1027.271
1791045654.2447433,69.64737049429873,0.2407302993255013,0.2735040278222379,0.2717336318861383,20.9,1027.266
1791045685.5974808,69.64737049429873,0.23429752919634889,0.2669881404197698,0.2726472197310012,20.89,1027.281
1791045716.9507568,69.64737049429873,0.23622269230203088,0.26639427971307994,0.27292236559656585,20.89,1027.278
1791045748.2983744,69.64737049429873,0.23854787714065312,0.26482441631500797,0.2713713046042163,20.89,1027.274
1791045779.638967,69.64737049429873,0.23401363780967313,0.26611490650861813,0.2707358955839625,20.89,1027.27
1791045810.9912684,69.64737049429873,0.24048401449956255,0.2680315319347915,0.2736600459370633,20.91,1027.269
1791045842.329692,69.64737049429873,0.23709172148370786,0.2674839246701705,0.2699481573609648,20.9,1027.256
1791045873.6812427,69.64737049429873,0.23599650695446595,0.27250113138803034,0.27195279459710014,20.93,1027.262
1791045905.0257432,69.64737049429873,0.24119877596836498,0.26701776347872863,0.27277529978349546,20.89,1027.252
1791045936.351366,69.64737049429873,0.2383983850066032,0.27061577683472227,0.27116362705899794,20.9,1027.253
1791045967.691714,69.64737049429873,0.2365441142190869,0.26646363410884005,0.2740552118456219,20.91,1027.26
1791045999.0422742,69.64737049429873,0.23841734456263866,0.27247664745729994,0.27329660382299903,20.91,1027.266
1791046030.3838305,69.64737049429873,0.24137791175262488,0.26560552233575513,0.27056341593733546,20.91,1027.261
1791046061.7182565,69.64737049429873,0.23526615899528763,0.2670102716859728,0.27135030324359255,20.93,1027.26
1791046093.045743,69.64737049429873,0.23875274230928858,0.2658030549874162,0.27630311049722894,20.9,1027.268
1791046124.3752666,69.64737049429873,0.23667188615510704,0.27414614176082086,0.2738719733653558,20.9,1027.269
1791046155.7216845,69.64737049429873,0.24173479658220975,0.2701878021843462,0.2752130741626246,20.93,1027.279
1791046187.0582712,69.64737049429873,0.2352402518229,0.27262219446625563,0.272347904267003,20.9,1027.279
1791046218.4067163,69.64737049429873,0.23829261360246004,0.2658411028763077,0.2773130163793576,20.9,1027.278
1791046249.7522552,69.64737049429873,0.2373655251160183,0.27408591319970566,0.2746330351909283,20.9,1027.273
1791046281.1018796,69.64737049429873,0.24350485586926598,0.2717770048539552,0.2811984990855997,20.89,1027.271
1791046312.4443114,69.64737049429873,0.2365441142190869,0.26646363410884005,0.2795571331119318,20.89,1027.266
1791046343.7918062,69.64737049429873,0.2361252485779743,0.2738123522040944,0.2727181082216491,20.9,1027.256
1791046375.1333225,69.64737049429873,0.23448533584657616,0.2680315319347915,0.2712301251770483,20.91,1027.254
1791046406.4767356,69.64737049429873,0.23637513781749533,0.26638871014092863,0.26967435372865434,20.89,1027.247
1791046437.8202128,69.64737049429873,0.23469312983167742,0.27006792661044665,0.2720504446924086,20.9,1027.246
1791046469.1726477,69.64737049429873,0.23510982460890564,0.26517589587139984,0.27475477497779405,20.9,1027.251
1791046500.515315,69.64737049429873,0.23669017836416412,0.2666315066921376,0.2694005500963439,20.89,1027.242
1791046531.7957006,69.64737049429873,0.2346770902830789,0.26828091176336166,0.27335083791161263,20.87,1027.237
1791046563.1281693,69.64737049429873,0.2374497406134678,0.27707773880989006,0.27707773880989006,20.9,1027.233
1791046594.4657505,69.64737049429873,0.23776691794571617,0.2651001388872611,0.27997698684401284,20.87,1027.229
1791046625.8112981,69.64737049429873,0.23546287007149058,0.2667062987118634,0.27527600101729466,20.89,1027.22
1791046657.1568122,69.64737049429873,0.23507084725130373,0.2680675712962569,0.27125074346999256,20.91,1027.222
1791046688.5081897,69.64737049429873,0.23496669082728874,0.2661903153202737,0.2733863636768806,20.91,1027.212
1791046719.8547006,69.64737049429873,0.23578737381412265,0.2653703589545746,0.27274996624586634,20.89,1027.209
1791046751.197149,69.64737049429873,0.24142518278562622,0.26521444873107325,0.27150356501550177,20.9,1027.212
1791046782.5479124,69.64737049429873,0.23499320271418017,0.26665613132264626,0.2718096816520251,20.91,1027.198
1791046813.9053848,69.64737049429873,0.24109185697532295,0.2644720847147553,0.268839781571506,20.9,1027.198
1791046845.2436793,69.64737049429873,0.23561821177166908,0.27174427011578445,0.2748465960810844,20.9,1027.19
1791046876.5932858,69.64737049429873,0.24049834919503604,0.2720504446924086,0.28052707968446444,20.89,1027.19
1791046907.9367924,69.64737049429873,0.24027081019477486,0.26866277385151915,0.27520983534296356,20.86,1027.193
1791046939.2673156,69.64737049429873,0.23552800169089352,0.2716457167155312,0.2753650964587817,20.87,1027.199
1791046970.6128352,69.64737049429873,0.23610121270535753,0.27734085543334763,0.2792835721163205,20.84,1027.208
1791047001.960202,69.64737049429873,0.23917608115404407,0.26783022805167184,0.2761231862787075,20.83,1027.213
1791047033.3016307,69.64737049429873,0.23759702504727842,0.2758786024307564,0.2820428050571225,20.83,1027.208
1791047064.6454527,69.64737049429873,0.23622982585501134,0.2736600459370633,0.2781893281338753,20.86,1027.245
1791047095.9948182,69.64737049429873,0.23606093480973397,0.2644333398152161,0.273933728197246,20.84,1027.216
1791047127.3442204,69.64737049429873,0.23667188615510704,0.2707168902687941,0.2735699226115654,20.86,1027.213
1791047158.6809037,69.64737049429873,0.23526615899528763,0.26982849429450556,0.2720179523759671,20.86,1027.214
1791047190.0303173,69.64737049429873,0.2344195688360661,0.26529349561168675,0.27475477497779405,20.87,1027.215
1791047221.3787415,69.64737049429873,0.23873454327757068,0.26541119970410376,0.26982849429450556,20.84,1027.209
1791047252.7222352,69.64737049429873,0.23418373692039282,0.2675661002696588,0.27061577683472227,20.83,1027.2
1791047284.0607984,69.64737049429873,0.23698662307258256,0.27138337230303455,0.27128398898357875,20.89,1027.195
1791047315.39929,69.64737049429873,0.23898189165218467,0.2649797355068316,0.27274996624586634,20.84,1027.2
1791047346.7628376,69.64737049429873,0.2361252485779743,0.2670471506959532,0.2746330351909283,20.87,1027.184
1791047378.09837,69.64737049429873,0.23503197342370885,0.2647848393489212,0.2697779207963073,20.9,1027.188
1791047409.435824,69.64737049429873,0.2374708382660466,0.26665613132264626,0.26967435372865434,20.89,1027.189
1791047440.7733026,69.64737049429873,0.23444729015196525,0.26783022805167184,0.27620960116140764,20.87,1027.192
1791047472.1166334,69.64737049429873,0.23417433387085776,0.26388694412360064,0.2734488687268715,20.89,1027.211
1791047503.4623485,69.64737049429873,0.2392376640779989,0.2639641563620873,0.26798491181071676,20.89,1027.204
1791047534.8067975,69.64737049429873,0.24027081019477486,0.26794884711560735,0.27478484307694273,20.86,1027.207
1791047566.136218,69.64737049429873,0.2353702175318459,0.2670839645170583,0.27657642928579534,20.84,1027.199
1791047597.4848273,69.64737049429873,0.23604491364885827,0.2654851449181326,0.2760875412601731,20.84,1027.222
1791047628.826214,69.64737049429873,0.2344093452450097,0.2635371009515888,0.27351115290140576,20.86,1027.224
1791047660.1567163,69.64737049429873,0.2379957218063623,0.26458945760563457,0.26872097847035187,20.87,1027.227
1791047691.495316,69.64737049429873,0.23465477462217252,0.26634572473587026,0.2740259509125479,20.9,1027.242
1791047722.842766,69.64737049429873,0.23461652111006837,0.2657577396521073,0.26947014078306997,20.9,1027.259
1791047754.1883972,69.64737049429873,0.23339206069231072,0.2647842683184165,0.2705112863260032,20.91,1027.259
1791047785.5417054,69.64737049429873,0.23458918682429086,0.2694353762743134,0.2706832455001415,20.91,1027.263
1791047816.8722944,69.64737049429873,0.23833591955967973,0.26498210162091346,0.2770670518010372,20.91,1027.272
1791047848.212668,69.64737049429873,0.23580253582268984,0.26643188660054856,0.2750009777164829,20.91,1027.283
1791047879.5624242,69.64737049429873,0.23669017836416412,0.26811443706058896,0.26933071207522435,20.93,1027.28
1791047910.91671,69.64737049429873,0.24224550230098646,0.2700167783602027,0.2725973243693154,20.91,1027.289
1791047942.2621799,69.64737049429873,0.23568294617810454,0.26751141975060067,0.28099858312005394,20.89,1027.297
1791047973.6059163,69.64737049429873,0.23663094040082494,0.2722033286687336,0.27411656018869807,20.89,1027.309
1791048004.983185,69.64737049429873,0.24180571571757142,0.27520983534296356,0.2777926812999303,20.89,1027.3
1791048036.3156912,69.64737049429873,0.2374708382660466,0.2639641563620873,0.28122284869142344,20.89,1027.315
1791048067.6572938,69.64737049429873,0.23356921923198828,0.2665503585838786,0.2688882542830908,20.9,1027.313
1791048099.0027602,69.64737049429873,0.240651168703744,0.27560516259230294,0.27560516259230294,20.87,1027.316
1791048130.342175,69.64737049429873,0.23972344567440948,0.26724688830942295,0.2738123522040944,20.86,1027.326
1791048161.6917758,69.64737049429873,0.23438157677636476,0.2651389479198388,0.2735699226115654,20.9,1027.326
1791048193.0152445,69.64737049429873,0.23450645274592977,0.2655733414325766,0.2744509311148595,20.93,1027.325
1791048224.3776546,69.64737049429873,0.23615806398358263,0.2677311100729536,0.27491066771310896,20.91,1027.326
1791048255.7122226,69.64737049429873,0.23901731547563373,0.27154663626874265,0.2742980949243891,20.93,1027.333
1791048287.0428312,69.64737049429873,0.2426563203844539,0.2673371759086053,0.2768978078456871,20.89,1027.341
1791048318.2822807,69.64737049429873,0.23888449995818495,0.2656851248162416,0.2696901548431798,20.93,1027.348
1791048349.6348548,69.64737049429873,0.23473158714466844,0.26791271847322673,0.2737504092818519,20.9,1027.357
1791048380.9604979,69.64737049429873,0.2382494227746244,0.26958948614632783,0.2736600459370633,20.9,1027.367
1791048412.2997825,69.64737049429873,0.23570786374559743,0.27174427011578445,0.2730232850344327,20.9,1027.37
1791048443.6263359,69.64737049429873,0.23951110391645233,0.2656817656457762,0.2718096816520251,20.9,1027.378
1791048474.9697351,69.64737049429873,0.23595638601655797,0.2649410088926198,0.2749365165543972,20.89,1027.387
1791048506.2982562,69.64737049429873,0.2355786110008416,0.26681798943249596,0.26958948614632783,20.89,1027.394
1791048537.642893,69.64737049429873,0.23650326569346478,0.2662706249121306,0.2746330351909283,20.91,1027.409
1791048568.989249,69.64737049429873,0.23594766900121916,0.2727687797515549,0.275546428853203,20.91,1027.418
1791048600.3286397,69.64737049429873,0.2378096752212355,0.27023946736486315,0.27634727076646953,20.89,1027.427
1791048631.6742957,69.64737049429873,0.23861020975893235,0.27277529978349546,0.2752428153426812,20.9,1027.44
1791048663.021709,69.64737049429873,0.2411388520046845,0.26744733518626496,0.275546428853203,20.87,1027.434
1791048694.3541465,69.64737049429873,0.23555336248108188,0.26490221361121713,0.278135156478782,20.9,1027.428
1791048725.700587,69.64737049429873,0.23494006120931368,0.2675661002696588,0.26967435372865434,20.89,1027.422
1791048757.0343385,69.64737049429873,0.23909694540424578,0.2715909791548276,0.2773130163793576,20.89,1027.428
1791048788.3707619,69.64737049429873,0.23572270332215547,0.26842437593761975,0.27487662274255337,20.84,1027.423
1791048819.7171056,69.64737049429873,0.23469312983167742,0.2662706249121306,0.27183208238319495,20.9,1027.423
1791048851.0607135,69.64737049429873,0.23544889968984498,0.27135030324359255,0.2709232233352364,20.87,1027.419
1791048882.4091725,69.64737049429873,0.2347586546351425,0.27326523021287175,0.27709508415143,20.84,1027.418
1791048913.7386181,69.64737049429873,0.23728175660209375,0.2689586897662011,0.2821441960027268,20.87,1027.428
1791048945.068189,69.64737049429873,0.23904345572258068,0.2676659027899307,0.2740259509125479,20.84,1027.422
1791048976.393608,69.64737049429873,0.23780568746511463,0.26676736378525545,0.27326973809490845,20.87,1027.422
1791049007.7402358,69.64737049429873,0.23782791062216455,0.26654430717231326,0.27478331583997767,20.86,1027.409
1791049039.0845778,69.64737049429873,0.23503197342370885,0.2658411028763077,0.2692811297741402,20.84,1027.412
1791049070.430276,69.64737049429873,0.23692298804177098,0.26701776347872863,0.2687821316767191,20.86,1027.407
1791049101.7796035,69.64737049429873,0.23544889968984498,0.26560552233575513,0.2759136768572869,20.86,1027.411
1791049133.1103444,69.64737049429873,0.23530529221227522,0.2656817656457762,0.27208287949783283,20.83,1027.403
1791049164.4387808,69.64737049429873,0.23761771335777332,0.2713294317556585,0.2705112863260032,20.84,1027.392
1791049195.796338,69.64737049429873,0.24072528461743695,0.26653829319929373,0.2756928740471531,20.84,1027.404
1791049227.1386755,69.64737049429873,0.23488935676895062,0.26431638059559914,0.2686022803234743,20.8,1027.397
1791049258.4831946,69.64737049429873,0.2351621924278329,0.26544695056376466,0.26950484378627193,20.83,1027.398
1791049289.8276343,69.64737049429873,0.23728175660209375,0.2661478440345086,0.2689938141292341,20.82,1027.405
1791049321.1781983,69.64737049429873,0.23451288742117235,0.27102343182036576,0.27102343182036576,20.89,1027.406
1791049352.5236485,69.64737049429873,0.23488935676895062,0.26529134991710895,0.27117649940029226,20.87,1027.408
1791049383.8711274,69.64737049429873,0.24154415346075936,0.26415877478856736,0.26911273785261347,20.89,1027.407
1791049415.2147145,69.64737049429873,0.2362465543559122,0.27228318888333,0.27289648466550825,20.87,1027.405
1791049446.5552852,69.64737049429873,0.23497893342730083,0.2745118484059721,0.27478638253776844,20.84,1027.411
1791049477.886677,69.64737049429873,0.23350243324276346,0.26967435372865434,0.2752130741626246,20.84,1027.411
1791049509.227177,69.64737049429873,0.23452348273093832,0.26447248107378657,0.2710767422479813,20.87,1027.409
1791049540.5787358,69.64737049429873,0.23414600784045478,0.26982849429450556,0.2716894598665552,20.9,1027.418
1791049571.9100797,69.64737049429873,0.23452348273093832,0.26556430619821647,0.2703418517225845,20.9,1027.429
1791049603.2516494,69.64737049429873,0.23526615899528763,0.26513561162570537,0.2711433058464844,20.9,1027.412
1791049634.596129,69.64737049429873,0.23646252557198752,0.26759330471602405,0.2754831541315299,20.93,1027.41
1791049665.9245443,69.64737049429873,0.24033142343181257,0.26525293335263933,0.26950484378627193,20.91,1027.417
1791049697.2641368,69.64737049429873,0.23980039862883146,0.2720274185335269,0.27511777603697773,20.91,1027.408
1791049728.6126676,69.64737049429873,0.23892021866230617,0.2653679795956066,0.27081746821581476,20.89,1027.417
1791049759.959204,69.64737049429873,0.24083175773255405,0.26678082526479285,0.2761163395431483,20.87,1027.417
1791049791.2866154,69.64737049429873,0.2356977301332825,0.26741068068045604,0.26952007638617104,20.83,1027.417
1791049822.633267,69.64737049429873,0.24174638323298592,0.26591699653170736,0.27356660149473533,20.84,1027.423
1791049853.9675524,69.64737049429873,0.23643925855221717,0.26654430717231326,0.27111005351446815,20.8,1027.416
1791049885.3080297,69.64737049429873,0.23517509605753453,0.2706832455001415,0.2704098056616881,20.84,1027.413
1791049916.6519086,69.64737049429873,0.2365671595428267,0.2645504025888756,0.272323884530862,20.86,1027.414
1791049947.9990377,69.64737049429873,0.23499320271418017,0.27511777603697773,0.27797023109736957,20.86,1027.416
1791049979.3275576,69.64737049429873,0.23444729015196525,0.2662654575404115,0.28248759562687936,20.87,1027.404
1791050010.6752026,69.64737049429873,0.23700867959205832,0.272235613886626,0.273600998936803,20.86,1027.412
1791050042.023757,69.64737049429873,0.24203111645898148,0.27387407594683844,0.27797023109736957,20.83,1027.407
1791050073.3840055,69.64737049429873,0.23858511767507154,0.266618922581678,0.27866620769137485,20.83,1027.4
1791050104.7057776,69.64737049429873,0.23549972418090873,0.26521255018415785,0.27056341593733546,20.82,1027.388
1791050136.0040944,69.64737049429873,0.235227129446934,0.27484481975587033,0.27702847000473,20.8,1027.4
1791050167.3486376,69.64737049429873,0.23431574698583746,0.26646942668779844,0.2789391639724823,20.79,1027.382
1791050198.6950269,69.64737049429873,0.2345617312092894,0.26560865026660396,0.2745725493812763,20.79,1027.386
1791050230.0196517,69.64737049429873,0.23882241127244946,0.27384101360605023,0.27289648466550825,20.77,1027.397
1791050261.355114,69.64737049429873,0.233739591109865,0.26642620532258904,0.2763107226078841,20.79,1027.399
1791050292.7005236,69.64737049429873,0.23507084725130373,0.2642377173576986,0.2754537181777622,20.76,1027.403
1791050324.04503,69.64737049429873,0.24285070999640468,0.26552613119844704,0.27119690559541904,20.74,1027.41
1791050355.3695564,69.64737049429873,0.23604491364885827,0.2637304462231765,0.2701704945771786,20.8,1027.412
1791050386.7160146,69.64737049429873,0.23335546502753537,0.2630673505861774,0.26783022805167184,20.82,1027.413
1791050418.0677083,69.64737049429873,0.23469312983167742,0.27208287949783283,0.2707168902687941,20.87,1027.422
1791050449.3910825,69.64737049429873,0.24198308389988962,0.2650970401660083,0.27660484604719254,20.87,1027.424
1791050480.7356496,69.64737049429873,0.23925472731106692,0.26790247149370505,0.2733591846713504,20.87,1027.418
1791050512.0861485,69.64737049429873,0.23659010311680778,0.2658751288912901,0.2760875412601731,20.83,1027.436
1791050543.4295454,69.64737049429873,0.23448533584657616,0.264394129215713,0.26911273785261347,20.82,1027.444
1791050574.7569902,69.64737049429873,0.23755537232470586,0.2636075973948934,0.27597183727179525,20.86,1027.45
1791050606.1043646,69.64737049429873,0.23611751287449212,0.2645893909226471,0.26816151140439276,20.84,1027.452
1791050637.4471138,69.64737049429873,0.23350243324276346,0.2725901094833978,0.2721620611907547,20.87,1027.461
1791050668.7745903,69.64737049429873,0.23586730776640627,0.2694852790379144,0.27341371187878677,20.89,1027.471
1791050700.1169574,69.64737049429873,0.23578737381412265,0.2658790833313664,0.27061577683472227,20.87,1027.475
1791050731.455575,69.64737049429873,0.2351360665011977,0.2707168902687941,0.27052962025675864,20.9,1027.474
1791050762.8129165,69.64737049429873,0.23400483248166884,0.26911273785261347,0.2768779230572279,20.9,1027.496
1791050794.154576,69.64737049429873,0.24008841773624376,0.27105671661244,0.27102343182036576,20.9,1027.503
1791050825.5009108,69.64737049429873,0.235227129446934,0.27039185012967826,0.27908873350787805,20.9,1027.492
1791050856.8515463,69.64737049429873,0.23461652111006837,0.26981232110588094,0.27432929833106107,20.89,1027.496
1791050888.1880136,69.64737049429873,0.2394829086496176,0.2719073659398564,0.27275651493911524,20.87,1027.497
1791050919.5253618,69.64737049429873,0.23805818428301176,0.2686730027887563,0.27330098322582974,20.89,1027.518
1791050950.8678784,69.64737049429873,0.23595638601655797,0.2673653539528614,0.28320380262649214,20.87,1027.511
1791050982.214409,69.64737049429873,0.23688161779656788,0.2751504263748638,0.27448109271761134,20.9,1027.505
1791051013.5492308,69.64737049429873,0.2409850327307375,0.2783395609768371,0.2758495040185248,20.86,1027.51
1791051044.9004543,69.64737049429873,0.23976861850564385,0.2658030549874162,0.27791576713826394,20.84,1027.507
1791051076.2519581,69.64737049429873,0.23681791785139736,0.2672919318741937,0.26963970878473,20.89,1027.504
1791051107.6084585,69.64737049429873,0.24272456274772145,0.2670102716859728,0.2745114032384893,20.86,1027.494
1791051138.9559605,69.64737049429873,0.23984553369251954,0.27420741045742864,0.27891282564302633,20.8,1027.491
1791051170.2985034,69.64737049429873,0.23894647840621946,0.26623297504051724,0.2778884626979686,20.83,1027.492
1791051201.642102,69.64737049429873,0.24135311175145843,0.26423658971002956,0.2701878021843462,20.83,1027.482
1791051232.9883895,69.64737049429873,0.23702815150756257,0.2724123900517591,0.27143755217113574,20.83,1027.478
1791051264.3308501,69.64737049429873,0.23544889968984498,0.2674839246701705,0.2791336911407171,20.84,1027.476
1791051295.6793442,69.64737049429873,0.2360207638512112,0.26774795644707616,0.27679324816872664,20.86,1027.469
1791051327.0289948,69.64737049429873,0.23673560258202292,0.268839781571506,0.2749663839869801,20.84,1027.461
1791051358.3812466,69.64737049429873,0.236253535063362,0.2659548426558116,0.272934125788118,20.83,1027.449
1791051389.7288008,69.64737049429873,0.23452348273093832,0.26576132840798006,0.27141638285651976,20.86,1027.452
1791051421.0793781,69.64737049429873,0.23976861850564385,0.2672919318741937,0.27135030324359255,20.86,1027.436
1791051452.4389224,69.64737049429873,0.23690067234987516,0.2678402686651239,0.2715580356833869,20.86,1027.43
1791051483.779399,69.64737049429873,0.23432566957670808,0.2703938364290272,0.27795719527577334,20.84,1027.427
1791051515.126961,69.64737049429873,0.23610121270535753,0.2659210898968683,0.2716786262016351,20.84,1027.411
1791051546.475304,69.64737049429873,0.2356579180085219,0.27186478278713816,0.273507604581001,20.8,1027.405
1791051577.8188324,69.64737049429873,0.23585192978940794,0.2650183936360015,0.27858632662035177,20.82,1027.401
1791051609.152391,69.64737049429873,0.2354095063396511,0.2640433035855637,0.2734488687268715,20.82,1027.404
1791051640.504934,69.64737049429873,0.23495453471295924,0.2661478440345086,0.27348003835033297,20.84,1027.403
1791051671.8503885,69.64737049429873,0.23812053649456555,0.26720204388486124,0.27148222906557734,20.86,1027.39
1791051703.1968377,69.64737049429873,0.23908754693079218,0.26759330471602405,0.27715100006726334,20.86,1027.391
1791051734.5453484,69.64737049429873,0.23553911527639512,0.2709370395976278,0.2706644448636531,20.86,1027.378
1791051765.8808014,69.64737049429873,0.235227129446934,0.26532969860485334,0.27148222906557734,20.87,1027.391
1791051797.2173104,69.64737049429873,0.23496669082728874,0.26654430717231326,0.27008515676476325,20.87,1027.372
1791051828.5427907,69.64737049429873,0.23377684535407836,0.2661574744892337,0.2685435219854974,20.87,1027.371
1791051859.893298,69.64737049429873,0.23525346755909718,0.26705475037693066,0.2716457167155312,20.87,1027.366
1791051891.2307665,69.64737049429873,0.24027081019477486,0.26533196134014386,0.2706495410750536,20.89,1027.371
1791051922.5113542,69.64737049429873,0.23715517879217918,0.26666251377323913,0.2704957646255858,20.93,1027.382
1791051953.8617876,69.64737049429873,0.24198308389988962,0.26607252689006256,0.2717770048539552,20.91,1027.366
1791051985.1924043,69.64737049429873,0.23488935676895062,0.27102343182036576,0.27290247303525605,20.9,1027.368
1791052016.5228257,69.64737049429873,0.2396334594930071,0.2671653182732935,0.2747233629657618,20.9,1027.371
1791052047.8522763,69.64737049429873,0.23892021866230617,0.27481485795591026,0.2761808471849489,20.9,1027.357
1791052079.1967893,69.64737049429873,0.2361252485779743,0.26669327432094536,0.2726292751894483,20.91,1027.365
1791052110.5412652,69.64737049429873,0.23501959764900993,0.2667303517506586,0.2755711500751988,20.91,1027.359
1791052141.8836274,69.64737049429873,0.2350845458812355,0.26587119883014326,0.27666152901109786,20.9,1027.366
1791052173.2292976,69.64737049429873,0.23652637072224422,0.2662654575404115,0.2710368144339616,20.91,1027.37
1791052204.5770104,69.64737049429873,0.23866548535658638,0.2754242300071743,0.2707504755392583,20.91,1027.371
1791052235.9052222,69.64737049429873,0.23821065505744873,0.2676119544072011,0.27362895306823826,20.93,1027.383
1791052267.252769,69.64737049429873,0.23632796547646684,0.2662758244520823,0.27051412362570476,20.91,1027.397
1791052298.5912344,69.64737049429873,0.23594766900121916,0.2675753485945666,0.27518328006001297,20.93,1027.414
1791052329.933703,69.64737049429873,0.2364158881649115,0.26921111064244935,0.2714588533875425,20.93,1027.438
1791052361.2861156,69.64737049429873,0.23664906292963314,0.2790100111207092,0.2790100111207092,20.91,1027.44
1791052392.6248274,69.64737049429873,0.23719691315390878,0.26709167169267867,0.2729916692172604,20.9,1027.463
1791052423.9731932,69.64737049429873,0.24157971494811384,0.27225932750754916,0.2790100111207092,20.89,1027.464
1791052455.3046844,69.64737049429873,0.23677670553191818,0.2727181082216491,0.278162266330279,20.89,1027.47
1791052486.6342974,69.64737049429873,0.23681791785139736,0.2721152569447956,0.2799547379212652,20.89,1027.489
1791052517.9717064,69.64737049429873,0.23553911527639512,0.2787894621274758,0.27933561614754665,20.9,1027.506
1791052549.3192182,69.64737049429873,0.2371768529630399,0.26696598946416383,0.27812029512915987,20.89,1027.522
1791052580.6512973,69.64737049429873,0.2396334594930071,0.26638871014092863,0.2686376727677315,20.87,1027.528
1791052612.0023758,69.64737049429873,0.2358272875932197,0.2668248927156749,0.2707695682578962,20.89,1027.524
1791052643.3296814,69.64737049429873,0.2392033098897558,0.27481651606027646,0.27725718972393537,20.89,1027.529
1791052674.674247,69.64737049429873,0.23706979068985684,0.26474588834706575,0.2720736140677504,20.9,1027.547
1791052705.9976542,69.64737049429873,0.23852298377023573,0.2754242300071743,0.2751504263748638,20.87,1027.539
1791052737.346167,69.64737049429873,0.23688161779656788,0.266618922581678,0.2798050881241419,20.87,1027.55
1791052768.6755803,69.64737049429873,0.2351360665011977,0.26638871014092863,0.2718096816520251,20.89,1027.545
1791052800.0211244,69.64737049429873,0.23692298804177098,0.26728359047453915,0.273507604581001,20.87,1027.55
1791052831.3726182,69.64737049429873,0.23820634661767312,0.26630820808488687,0.27794302322862713,20.9,1027.549
1791052862.6992416,69.64737049429873,0.23677670553191818,0.2746330351909283,0.2782163420171935,20.87,1027.549
1791052894.0426564,69.64737049429873,0.23639856736654066,0.2667740736859178,0.2803778160987657,20.87,1027.551
1791052925.386229,69.64737049429873,0.23980039862883146,0.26965865041482845,0.2727817679066968,20.86,1027.553
1791052956.7295415,69.64737049429873,0.2351360665011977,0.26662519508684057,0.27457186347476287,20.86,1027.556
1791052988.074201,69.64737049429873,0.23692298804177098,0.2658030549874162,0.278656578849813,20.83,1027.562
1791053019.4175372,69.64737049429873,0.2377873391611745,0.26792302924286027,0.27195279459710014,20.89,1027.563
1791053050.7650657,69.64737049429873,0.23649771560284258,0.2668621002819509,0.2725579673819258,20.9,1027.571
1791053082.1117542,69.64737049429873,0.23597214224459734,0.26721824849560494,0.2752130741626246,20.9,1027.564
1791053113.4551706,69.64737049429873,0.2363516040862825,0.2661574744892337,0.27204104121980516,20.91,1027.569
1791053144.7996557,69.64737049429873,0.2394945718058357,0.2677940103006456,0.27481651606027646,20.93,1027.576
1791053176.144099,69.64737049429873,0.23572270332215547,0.26540868863574074,0.2715909791548276,20.93,1027.567
1791053207.4905934,69.64737049429873,0.24328945082287273,0.2671207133219812,0.27784733884805246,20.93,1027.575
1791053238.8331203,69.64737049429873,0.24023990542875912,0.266618922581678,0.27980912443915834,20.89,1027.576
1791053270.1795905,69.64737049429873,0.24039192938413503,0.26872097847035187,0.2780932321056031,20.87,1027.579
1791053301.5150661,69.64737049429873,0.24193517852871133,0.26579562611188223,0.2774517195545845,20.86,1027.573
1791053332.8486583,69.64737049429873,0.23399608924768386,0.2674297515169905,0.2770843801290543,20.83,1027.579
1791053364.1891763,69.64737049429873,0.23610901458574876,0.2685191684537293,0.2761163395431483,20.86,1027.574
1791053395.5325692,69.64737049429873,0.23634095133427777,0.2652509176435128,0.2765677929461169,20.9,1027.583
1791053426.8721411,69.64737049429873,0.2387708609886059,0.2684481428114696,0.2768119056980438,20.91,1027.58
1791053458.2175424,69.64737049429873,0.23595638601655797,0.2738432414001317,0.27193000988016724,20.93,1027.594
1791053489.562319,69.64737049429873,0.23629396169701894,0.26982849429450556,0.27888644065374396,20.87,1027.594
1791053520.9105666,69.64737049429873,0.24186494313786783,0.2669733273138117,0.2710767422479813,20.9,1027.604
1791053552.2581866,69.64737049429873,0.23944976341422677,0.26638871014092863,0.2695548120343229,20.9,1027.605
1791053583.6008697,69.64737049429873,0.23622982585501134,0.2704436924229864,0.27527250374106516,20.9,1027.617
1791053614.9380803,69.64737049429873,0.23673560258202292,0.2706308280825277,0.28082521056368054,20.91,1027.623
1791053646.2916625,69.64737049429873,0.23478560256439077,0.26728359047453915,0.27539073231808525,20.91,1027.627
1791053677.6372838,69.64737049429873,0.23902594015509634,0.27429890719365535,0.2809249380899883,20.91,1027.626
1791053708.9146056,69.64737049429873,0.2363579841197175,0.26865018441737093,0.2773014262858375,20.87,1027.622
1791053740.296132,69.64737049429873,0.2368403573886344,0.2680675712962569,0.27575647292009625,20.91,1027.628
1791053771.6256213,69.64737049429873,0.23574756600540347,0.26529134991710895,0.27056341593733546,20.87,1027.63
1791053802.9602332,69.64737049429873,0.23618944856195212,0.26540868863574074,0.2764825574425151,20.9,1027.622
1791053834.3116202,69.64737049429873,0.23345867846159804,0.2715909791548276,0.2749663839869801,20.89,1027.628
1791053865.6533766,69.64737049429873,0.23521422960477878,0.26741068068045604,0.2778611097789738,20.9,1027.625
1791053897.0036283,69.64737049429873,0.23483577790909752,0.2694852790379144,0.27606532052907645,20.87,1027.628
1791053928.3470356,69.64737049429873,0.23637513781749533,0.2778884626979686,0.27801175486244334,20.87,1027.635
1791053959.6896098,69.64737049429873,0.23553911527639512,0.26439476598223355,0.28420767003732406,20.87,1027.636
1791053991.0400267,69.64737049429873,0.2344748891806405,0.268483686991855,0.2727247892328877,20.84,1027.634
1791054022.3756611,69.64737049429873,0.2397394496924124,0.2663029291200569,0.2766332125779376,20.83,1027.633
1791054053.7210903,69.64737049429873,0.24149680832835352,0.26599262188152917,0.27339039220340067,20.86,1027.63
1791054085.073648,69.64737049429873,0.23396745713473552,0.2668481185880064,0.27678373462002676,20.83,1027.633
1791054116.4241474,69.64737049429873,0.2401187315383273,0.2667740736859178,0.27581470560129084,20.86,1027.627
1791054147.7824628,69.64737049429873,0.23604491364885827,0.2666497882542332,0.26993160669593586,20.83,1027.64
1791054179.1191885,69.64737049429873,0.23481243172284763,0.26676736378525545,0.2719398125090434,20.84,1027.625
1791054210.454582,69.64737049429873,0.2448243500796595,0.2693362311562834,0.28025549617362877,20.84,1027.636
1791054241.795117,69.64737049429873,0.23474724341482522,0.2657197862226469,0.27042564809302233,20.84,1027.624
1791054273.140519,69.64737049429873,0.23411755602291842,0.2646285313510344,0.26981232110588094,20.83,1027.636
1791054304.4839935,69.64737049429873,0.23898189165218467,0.26579932904425485,0.2718974252348152,20.82,1027.626
1791054335.8324609,69.64737049429873,0.23356198323894156,0.25997593292792864,0.26892350320593733,20.82,1027.641
1791054367.172073,69.64737049429873,0.23999712793459219,0.2635738097003527,0.2694005500963439,20.8,1027.634
1791054398.5045087,69.64737049429873,0.24181710974186682,0.26567842721182644,0.27150356501550177,20.79,1027.63
1791054429.8530579,69.64737049429873,0.23654937387259936,0.2661854028886378,0.27590166963942214,20.82,1027.622
1791054461.1894987,69.64737049429873,0.23481243172284763,0.26470620917514337,0.27230001326750164,20.8,1027.637
1791054492.535987,69.64737049429873,0.23778546913979334,0.2658751288912901,0.2765394312670334,20.82,1027.638
1791054523.8855019,69.64737049429873,0.24607561878312362,0.27408716138793976,0.27529855534122405,20.8,1027.644
1791054555.228124,69.64737049429873,0.23916625825705418,0.27134159092689764,0.276266956836023,20.8,1027.651
1791054586.5765526,69.64737049429873,0.2342961112609463,0.2652106633365395,0.2759593905899474,20.82,1027.648
1791054617.9200082,69.64737049429873,0.23467082889679677,0.26648929871429305,0.27635261166299446,20.8,1027.634
1791054649.2695167,69.64737049429873,0.23555010184402245,0.2702550498297095,0.2764094639773045,20.76,1027.623
1791054680.622263,69.64737049429873,0.24075272798578465,0.26816428199327763,0.27336330845345774,20.76,1027.618
1791054711.9654412,69.64737049429873,0.235227129446934,0.26646363410884005,0.2700682419472349,20.79,1027.604
1791054743.3099496,69.64737049429873,0.23503197342370885,0.2641206893772596,0.2693160463078744,20.82,1027.594
1791054774.659457,69.64737049429873,0.23427790949170424,0.2631838086460438,0.26767540727715394,20.79,1027.596
1791054806.0030427,69.64737049429873,0.23438157677636476,0.2667740736859178,0.2684125357461303,20.82,1027.581
1791054837.3355098,69.64737049429873,0.23652637072224422,0.2664951296418982,0.269385694133721,20.83,1027.59
1791054868.675854,69.64737049429873,0.23317974677252012,0.2655613316206816,0.2688267015213365,20.89,1027.581
1791054900.0165944,69.64737049429873,0.23399608924768386,0.26377278820832556,0.2699493164121051,20.89,1027.582
1791054931.3648686,69.64737049429873,0.23437150072574126,0.26906387692209877,0.2685191684537293,20.91,1027.584
1791054962.712393,69.64737049429873,0.23518820315581304,0.26661268881443634,0.2708508759356144,20.87,1027.589
1791054994.0630713,69.64737049429873,0.23402459544442178,0.2657541730110006,0.26937092983811234,20.89,1027.599
1791055025.387475,69.64737049429873,0.23596500322908992,0.2662603220393204,0.2691685087325213,20.91,1027.603
1791055056.7349336,69.64737049429873,0.2348775052072334,0.2654037128591958,0.2711562190637819,20.91,1027.605
1791055088.0745134,69.64737049429873,0.23426820340607177,0.26606798034606693,0.2686604704244875,20.91,1027.588
1791055119.4169273,69.64737049429873,0.23776516130937247,0.2723882132259031,0.2726611695070106,20.89,1027.596
1791055150.7515173,69.64737049429873,0.2364856899085031,0.2686022803234743,0.2793615691667603,20.91,1027.598
1791055182.0938637,69.64737049429873,0.23730311320153433,0.2717221707180568,0.2706308280825277,20.89,1027.604
1791055213.4372978,69.64737049429873,0.23707204204000878,0.2694204257531295,0.27363202033023265,20.89,1027.601
1791055244.7839153,69.64737049429873,0.23747078575667233,0.268483686991855,0.2740565831878426,20.87,1027.607
1791055276.1164227,69.64737049429873,0.23644511667317508,0.2668043105975939,0.27339039220340067,20.89,1027.61
1791055307.445892,69.64737049429873,0.23901699328554948,0.27330098322582974,0.2745410988474826,20.9,1027.603
1791055338.787413,69.64737049429873,0.24096485407960253,0.26719401657100905,0.2768400270894742,20.89,1027.596
1791055370.1268964,69.64737049429873,0.23824491128823502,0.26711294719715367,0.27807858290652543,20.9,1027.611
1791055401.4762845,69.64737049429873,0.2361328957528643,0.26672379126384793,0.27378630839557105,20.87,1027.606
1791055432.8228009,69.64737049429873,0.23575736999398494,0.2688968734582243,0.2720045342673047,20.87,1027.609
1791055464.1683311,69.64737049429873,0.23671723083156299,0.26967744190664095,0.275265592314072,20.89,1027.627
1791055495.5017593,69.64737049429873,0.23732437575641052,0.2687082705515511,0.2772899280596364,20.9,1027.618
1791055526.7953742,69.64737049429873,0.23834991578189046,0.2687562817258297,0.278842286882896,20.93,1027.621
1791055558.13261,69.64737049429873,0.23629396169701894,0.27280717773182483,0.2754242300071743,20.9,1027.632
1791055589.4823513,69.64737049429873,0.2405302411537006,0.2748465960810844,0.28005348337743885,20.89,1027.636
1791055620.832748,69.64737049429873,0.23610121270535753,0.27052962025675864,0.28403810732947526,20.9,1027.634
1791055652.1771865,69.64737049429873,0.23957233584671184,0.269574065927754,0.2720179523759671,20.86,1027.637
1791055683.5147061,69.64737049429873,0.23604491364885827,0.27156934438258074,0.2724202923285321,20.89,1027.632
1791055714.8641872,69.64737049429873,0.2363579841197175,0.26603033438608215,0.2721152569447956,20.9,1027.641
1791055746.1967962,69.64737049429873,0.24061890560547827,0.2649785634093281,0.2713294317556585,20.9,1027.653
1791055777.5331724,69.64737049429873,0.2387708609886059,0.26653829319929373,0.27151506502976114,20.94,1027.654
1791055808.886682,69.64737049429873,0.23492797246798025,0.26965865041482845,0.2781473103361189,20.93,1027.658
1791055840.2212052,69.64737049429873,0.23778546913979334,0.2740565831878426,0.2778745951929004,20.91,1027.669
1791055871.5777464,69.64737049429873,0.23675816433951352,0.26696598946416383,0.2804778552867445,20.9,1027.67
1791055902.9231374,69.64737049429873,0.23856020269341116,0.27045938647166395,0.27127572894682767,20.93,1027.674
1791055934.2626889,69.64737049429873,0.23694816026455612,0.27290841389715514,0.2778336770705646,20.9,1027.688
1791055965.5943136,69.64737049429873,0.23590088835639925,0.26711294719715367,0.2768400270894742,20.9,1027.712
1791055996.936614,69.64737049429873,0.2392274972946594,0.27124271079557644,0.27828167353791555,20.87,1027.707
1791056028.2842453,69.64737049429873,0.23669460856691968,0.26771171396490895,0.2803540733011792,20.86,1027.735
1791056059.6309378,69.64737049429873,0.2355786110008416,0.26794884711560735,0.28000561702625726,20.89,1027.743
1791056090.9731228,69.64737049429873,0.23633449580534524,0.2701704945771786,0.2718096816520251,20.87,1027.749
1791056122.3057876,69.64737049429873,0.23761771335777332,0.2687562817258297,0.27824330810740494,20.87,1027.772
1791056153.6533327,69.64737049429873,0.237156934171688,0.2754788563726879,0.2790179002363322,20.87,1027.757
1791056184.9817142,69.64737049429873,0.24031499531651587,0.26801035904617276,0.2767180121145859,20.83,1027.78
1791056216.326174,69.64737049429873,0.2369260772883029,0.2742689846890947,0.27345264221393095,20.82,1027.78
1791056247.677602,69.64737049429873,0.24008841773624376,0.2683651983367211,0.27998338201524087,20.84,1027.775
1791056279.0251586,69.64737049429873,0.23638136881993346,0.2713086889394257,0.27321181047767457,20.86,1027.794
1791056310.3596225,69.64737049429873,0.2362771397292421,0.26816428199327763,0.27795607604220063,20.8,1027.806
1791056341.7052655,69.64737049429873,0.23477412156671126,0.2669586968519998,0.2745410988474826,20.83,1027.821
1791056373.054739,69.64737049429873,0.23661294561341453,0.2662603220393204,0.2721243124558181,20.83,1027.825
1791056404.3931022,69.64737049429873,0.23558938607840307,0.26967744190664095,0.27197220190119215,20.84,1027.84
1791056435.7167335,69.64737049429873,0.2423145925302778,0.26812853450204177,0.2760521160882434,20.84,1027.854
1791056467.0633066,69.64737049429873,0.23450236672948066,0.26571633348104684,0.2685191684537293,20.86,1027.865
1791056498.4146023,69.64737049429873,0.23464373486909854,0.2655232718776975,0.2722120466524007,20.84,1027.867
1791056529.7541163,69.64737049429873,0.23365782647808636,0.26634033458025164,0.26879152268791406,20.89,1027.884
1791056561.1054177,69.64737049429873,0.23535666003962344,0.26805685003703744,0.27451096160579297,20.9,1027.884
1791056592.4501927,69.64737049429873,0.2351621924278329,0.26521255018415785,0.27011925539570353,20.87,1027.903
1791056623.801665,69.64737049429873,0.23365782647808636,0.26634033458025164,0.2683651983367211,20.89,1027.902
1791056655.1570163,69.64737049429873,0.23617300251478715,0.2670763048767306,0.2719398125090434,20.9,1027.913
1791056686.4956715,69.64737049429873,0.23824491128823502,0.26762029343500415,0.2707649399284975,20.89,1027.924
1791056717.84717,69.64737049429873,0.23763831044602843,0.2668411923599231,0.2741481561342861,20.9,1027.945
1791056749.1895013,69.64737049429873,0.2364046505900949,0.2665694375226925,0.27285135720742554,20.89,1027.937
1791056780.532989,69.64737049429873,0.23667640542732551,0.2762310258642445,0.27553734715130257,20.87,1027.922
1791056811.8785532,69.64737049429873,0.24173334602851992,0.27463119262752217,0.275294999556146,20.87,1027.934
1791056843.2301557,69.64737049429873,0.23690708416289397,0.26726706181244203,0.28087331129433113,20.86,1027.925
1791056874.5707111,69.64737049429873,0.2359252061600933,0.268400768645399,0.27161322620119466,20.82,1027.939
1791056905.9101105,69.64737049429873,0.24351248714738008,0.28008159887016876,0.2802052605527698,20.82,1027.941
1791056937.261613,69.64737049429873,0.23784806206355516,0.27311779746942594,0.2822380374843951,20.82,1027.936
1791056968.593158,69.64737049429873,0.23763831044602843,0.2734215446690541,0.27478331583997767,20.8,1027.94
1791056999.935623,69.64737049429873,0.23638136881993346,0.2703402362263716,0.2783239208843789,20.83,1027.964
1791057031.2661092,69.64737049429873,0.23834991578189046,0.26474498914551786,0.2776840817630639,20.8,1027.93
1791057062.5966804,69.64737049429873,0.23634095133427777,0.26474498914551786,0.2692174710754708,20.82,1027.938
1791057093.9380846,69.64737049429873,0.23437150072574126,0.26559932432467914,0.27181995726360353,20.82,1027.945
1791057125.2835,69.64737049429873,0.2366537230541182,0.26855458736294857,0.2707649399284975,20.77,1027.948
1791057156.6291006,69.64737049429873,0.23529195188319463,0.26696598946416383,0.27311779746942594,20.8,1027.966
1791057187.9726725,69.64737049429873,0.23675816433951352,0.269574065927754,0.27214757718531374,20.84,1027.975
1791057219.3220248,69.64737049429873,0.23553911527639512,0.26591699653170736,0.2744505273068795,20.84,1027.958
1791057250.6489816,69.64737049429873,0.23996719028554067,0.2658751288912901,0.27290247303525605,20.83,1027.958
1791057281.9960377,69.64737049429873,0.23598069940447972,0.26773824488778486,0.2712963881014732,20.84,1027.948
1791057313.2855597,69.64737049429873,0.2348775052072334,0.26540619306846913,0.26925225910982464,20.86,1027.944
1791057344.628169,69.64737049429873,0.23314359254332762,0.26765645687161493,0.2700341735055426,20.86,1027.951
1791057375.9625845,69.64737049429873,0.23467082889679677,0.2690501357760825,0.2701022504066904,20.84,1027.958
1791057407.3090277,69.64737049429873,0.23402459544442178,0.2756877553156504,0.2765026611385415,20.9,1027.968
1791057438.64167,69.64737049429873,0.23579696277600426,0.2679282117088455,0.27583803118919503,20.87,1027.984
1791057469.9822145,69.64737049429873,0.23226103714722648,0.26672379126384793,0.2700682419472349,20.86,1027.972
1791057501.331484,69.64737049429873,0.23494246417109382,0.266372206988708,0.27091751491838223,20.87,1027.974
1791057532.6770203,69.64737049429873,0.23507203974435745,0.26706869233327496,0.27206902852277626,20.9,1027.978
1791057564.0195448,69.64737049429873,0.23843065375018271,0.26528709812507595,0.2727630118618111,20.89,1027.977
1791057595.360923,69.64737049429873,0.23398740745320773,0.2677285930682481,0.2701700880114202,20.9,1027.988
1791057626.7074237,69.64737049429873,0.23906089412564527,0.26937092983811234,0.2745105234659484,20.87,1027.996
1791057658.0391057,69.64737049429873,0.23644511667317508,0.2649389084993088,0.2754788563726879,20.87,1027.989
1791057689.3843935,69.64737049429873,0.2361328957528643,0.2659088854409568,0.2710699556526006,20.87,1027.995
1791057720.728135,69.64737049429873,0.23561435588993232,0.2698144297843512,0.2751444847670563,20.89,1027.987
1791057752.054597,69.64737049429873,0.23653171323882663,0.2639307120455359,0.2714399503857424,20.87,1027.991
1791057783.4000123,69.64737049429873,0.23463277272747055,0.2659088854409568,0.26881370193188014,20.84,1027.983
1791057814.7485437,69.64737049429873,0.23843065375018271,0.2664521559895509,0.2690501357760825,20.89,1027.973
1791057846.0931077,69.64737049429873,0.23951576261381477,0.27297140257267993,0.27161322620119466,20.89,1027.974
1791057877.4414825,69.64737049429873,0.2388504441251704,0.265558375340984,0.28082429663067,20.9,1027.956
1791057908.7659464,69.64737049429873,0.2354075770549039,0.2729143078143167,0.2756246981570629,20.89,1027.974
1791057940.1133633,69.64737049429873,0.23659507722151701,0.26815332462442465,0.2772232956250285,20.9,1027.98
1791057971.4609766,69.64737049429873,0.23473591245269954,0.26723057135746386,0.27032258920672414,20.91,1027.959
1791058002.7985542,69.64737049429873,0.2366537230541182,0.2678563003586845,0.2761737837978101,20.87,1027.969
1791058034.146946,69.64737049429873,0.23757558763254474,0.2665694375226925,0.27765672951954595,20.86,1027.97
1791058065.4964159,69.64737049429873,0.23600490558588483,0.2662228954985409,0.27254804394176585,20.89,1027.981
1791058096.8378441,69.64737049429873,0.2353176312411725,0.26974605627958465,0.27112311007897166,20.87,1027.979
1791058128.172374,69.64737049429873,0.2361566720355072,0.2685776832659227,0.2717977513068683,20.87,1027.98
1791058159.5150063,69.64737049429873,0.24157983349125595,0.2677645661630988,0.27086490535229907,20.84,1027.984
1791058190.8574212,69.64737049429873,0.2370959386613411,0.2673761488822644,0.27306547098713363,20.87,1027.989
1791058222.186852,69.64737049429873,0.2368661162557916,0.26815332462442465,0.2721011907114928,20.89,1028.003
1791058253.5304103,69.64737049429873,0.23582149830779675,0.26733985040606234,0.27194953764344876,20.91,1027.998
1791058284.8779826,69.64737049429873,0.23578196011869312,0.26815332462442465,0.27194953764344876,20.91,1027.993
1791058316.2113588,69.64737049429873,0.23653171323882663,0.26586729292317646,0.27330532800738594,20.93,1027.998
1791058347.5480917,69.64737049429873,0.2359494172553676,0.26730348810561594,0.2707459955401197,20.91,1028.003
1791058378.8865538,69.64737049429873,0.23751246239944437,0.2685776832659227,0.27191722798977913,20.91,1028.012
1791058410.2189462,69.64737049429873,0.23558938607840307,0.2679640725099845,0.2731541373864083,20.9,1028.01
1791058441.5734582,69.64737049429873,0.23834991578189046,0.2678103323610361,0.2746012142184622,20.9,1028.011
1791058472.9118161,69.64737049429873,0.23669898818108207,0.2686604704244875,0.27134159092689764,20.86,1028.002
1791058504.2603943,69.64737049429873,0.23655457357132728,0.27357648608017343,0.2723722297457674,20.86,1027.986
1791058535.5910578,69.64737049429873,0.2345948167542083,0.2745705079075881,0.2792966332924666,20.87,1027.981
1791058566.923307,69.64737049429873,0.23747073384611483,0.2677645661630988,0.2782396855023901,20.87,1027.98
1791058598.2638075,69.64737049429873,0.23778362047223184,0.26888368122663237,0.27399846395141514,20.87,1027.975
1791058629.6084096,69.64737049429873,0.23757493785675884,0.26815332462442465,0.2733363910873655,20.89,1027.97
1791058660.9377172,69.64737049429873,0.23724130432665694,0.26923795691557445,0.27152647409096026,20.89,1027.961
1791058692.2833905,69.64737049429873,0.2368661162557916,0.2682244313371347,0.277643857171985,20.89,1027.971
1791058723.6309044,69.64737049429873,0.23645090804668223,0.2672951953314368,0.2732476016495473,20.9,1027.954
1791058754.9583101,69.64737049429873,0.23840646527344606,0.27231657234119744,0.27228466951223823,20.9,1027.947
1791058786.2888901,69.64737049429873,0.23655457357132728,0.2767088542941614,0.28138845704374515,20.87,1027.964
1791058817.6167364,69.64737049429873,0.23734554488655066,0.2686604704244875,0.27969028367118226,20.87,1027.963
1791058848.9568043,69.64737049429873,0.23753357330672673,0.27321181047767457,0.27610954700571955,20.83,1027.943
1791058880.302321,69.64737049429873,0.24221811685476471,0.2688618183902486,0.2778336770705646,20.82,1027.955
1791058911.6318772,69.64737049429873,0.2375543010592403,0.26819996654607614,0.27405794366986813,20.82,1027.952
1791058942.9802268,69.64737049429873,0.23732437575641052,0.2694055674011769,0.2762310258642445,20.82,1027.946
1791058974.3197298,69.64737049429873,0.23799267001799118,0.27149377812480296,0.27840410805862076,20.82,1027.937
1791059005.655552,69.64737049429873,0.23609289477157108,0.26524891434473946,0.2759593905899474,20.84,1027.953
1791059037.00073,69.64737049429873,0.23496884301586923,0.27469099158852484,0.2748413091781098,20.83,1027.944
1791059068.3322756,69.64737049429873,0.24130867541846848,0.2674935271288242,0.2748413091781098,20.82,1027.949
1791059099.6806943,69.64737049429873,0.2361566720355072,0.2667975342604875,0.2767088542941614,20.82,1027.948
1791059130.9841623,69.64737049429873,0.23649125745583136,0.2657129019693377,0.2763165121899161,20.82,1027.934
1791059162.329747,69.64737049429873,0.24157983349125595,0.2724918537890237,0.2750826200885137,20.82,1027.951
1791059193.6651068,69.64737049429873,0.23381894107974652,0.2639307120455359,0.2724918537890237,20.83,1027.946
1791059224.9937387,69.64737049429873,0.23586114091563368,0.26474498914551786,0.26920326335203604,20.83,1027.965
1791059256.350161,69.64737049429873,0.2351106587105198,0.27894737860721486,0.2754161200413533,20.86,1027.972
1791059287.6926243,69.64737049429873,0.23872724701945747,0.2692174710754708,0.2787984051980699,20.84,1027.978
1791059319.0402663,69.64737049429873,0.23738718163976721,0.2668780092438865,0.2725161904594656,20.82,1027.969
1791059350.3797288,69.64737049429873,0.23392172306137662,0.265829652556892,0.26753869708673905,20.8,1027.992
1791059381.7371113,69.64737049429873,0.23632403818724237,0.2646669478799457,0.2690849791477881,20.83,1028.008
1791059413.0737312,69.64737049429873,0.2367621775560632,0.271050091390806,0.2719817905862062,20.83,1028.015
1791059444.3992455,69.64737049429873,0.23807429158798513,0.267412383702114,0.2761953155307183,20.87,1028.029
1791059475.7387815,69.64737049429873,0.23232550970620247,0.27375810409602297,0.2709312567872037,20.87,1028.055
1791059507.12422,69.64737049429873,0.2362203373555995,0.2671052287820325,0.27538291171915324,20.86,1028.054
1791059538.45669,69.64737049429873,0.2370959386613411,0.26984852660717606,0.27917412950645704,20.87,1028.072
1791059569.782168,69.64737049429873,0.2350335224114195,0.26923795691557445,0.2725236307866699,20.86,1028.082
1791059601.1275856,69.64737049429873,0.23740819432434088,0.2677645661630988,0.2729143078143167,20.84,1028.097
1791059632.4801784,69.64737049429873,0.23778362047223184,0.27152647409096026,0.2723722297457674,20.84,1028.097
1791059663.8356652,69.64737049429873,0.23617300251478715,0.2661478440345086,0.27300281384487635,20.87,1028.117
1791059695.1742108,69.64737049429873,0.23461652111006837,0.2676659027899307,0.26993160669593586,20.86,1028.117
1791059726.5225928,69.64737049429873,0.23365782647808636,0.26579562611188223,0.273573217369187,20.87,1028.132
1791059757.8681521,69.64737049429873,0.23857868928793977,0.26726706181244203,0.2700341735055426,20.9,1028.145
1791059789.2065947,69.64737049429873,0.23713715529006624,0.2686956407699996,0.2711030385984562,20.9,1028.146
1791059820.561149,69.64737049429873,0.2350335224114195,0.26520878808040943,0.27294570028445786,20.91,1028.154
1791059851.8855004,69.64737049429873,0.23963714401028843,0.26586729292317646,0.2706271900850468,20.93,1028.15
1791059883.2210033,69.64737049429873,0.24082597905954126,0.2654797081806413,0.2687657964271485,20.91,1028.172
1791059914.5637496,69.64737049429873,0.23469780398159462,0.2673761488822644,0.27171087048597425,20.9,1028.15
1791059945.903982,69.64737049429873,0.23659507722151701,0.2691197613344719,0.2764378152598868,20.93,1028.158
1791059977.2476242,69.64737049429873,0.23523988205014387,0.2683420786855889,0.27791501524477236,20.95,1028.158
1791060008.5860865,69.64737049429873,0.23659507722151701,0.2671417011571071,0.27971573204750044,20.94,1028.158
1791060039.9396017,69.64737049429873,0.2350335224114195,0.26660033606709327,0.27050848884976253,20.95,1028.138
1791060071.2681265,69.64737049429873,0.23740819432434088,0.2655962538889018,0.27472081241730034,20.94,1028.109
1791060102.6106665,69.64737049429873,0.23659507722151701,0.2688968734582243,0.27481158105423903,20.91,1028.111
1791060133.9569957,69.64737049429873,0.23659010311680778,0.27144933505917457,0.27874566609297496,20.9,1028.098
1791060165.299541,69.64737049429873,0.23682160801595664,0.26719401657100905,0.27254067769470364,20.9,1028.089
1791060196.647077,69.64737049429873,0.23992197386433473,0.26816428199327763,0.27508532716425843,20.9,1028.094
1791060227.9845276,69.64737049429873,0.23439919362249975,0.26652637618770003,0.2722441961803289,20.91,1028.088
1791060259.3459175,69.64737049429873,0.239621048800637,0.27852665036083923,0.27734515726526515,20.93,1028.075
1791060290.6714447,69.64737049429873,0.24217006994015686,0.2653656148923627,0.28057719025299716,20.89,1028.086
1791060322.0191083,69.64737049429873,0.2354857347196879,0.2686604704244875,0.27297140257267993,20.89,1028.092
1791060353.3573787,69.64737049429873,0.24066066273563638,0.26691476142052406,0.2717977513068683,20.89,1028.081
1791060384.6999002,69.64737049429873,0.2370330976562951,0.2711690302855106,0.2729143078143167,20.89,1028.086
1791060416.0435357,69.64737049429873,0.237366621206348,0.2673761488822644,0.27969028367118226,20.89,1028.074
1791060447.3980882,69.64737049429873,0.23425856552599514,0.26652637618770003,0.2731853468485913,20.87,1028.079
1791060478.7264347,69.64737049429873,0.2359494172553676,0.26462826967818803,0.27086490535229907,20.83,1028.09
1791060510.0488658,69.64737049429873,0.23578196011869312,0.26517058582376285,0.2702039174715704,20.86,1028.1
1791060541.399418,69.64737049429873,0.23636429123534536,0.2642410587175287,0.26842448269721214,20.87,1028.108
1791060572.7449026,69.64737049429873,0.23874535801125243,0.26365653251196614,0.2693908003687465,20.86,1028.113
1791060604.0826344,69.64737049429873,0.23999794340796082,0.2645507090694716,0.2737247563723189,20.86,1028.114
1791060635.4310017,69.64737049429873,0.23924448539790674,0.26706869233327496,0.27032258920672414,20.83,1028.117
1791060666.7725158,69.64737049429873,0.23924448539790674,0.264434366895166,0.27779301043125987,20.83,1028.124
1791060698.1289313,69.64737049429873,0.2378880993183667,0.26761100847884983,0.2705602456709076,20.86,1028.125
1791060729.4834902,69.64737049429873,0.23632403818724237,0.26818890918296,0.26950911498836183,20.87,1028.127
1791060760.8298495,69.64737049429873,0.23486573685444012,0.2667172710624587,0.2695435096841194,20.89,1028.134
1791060792.1604328,69.64737049429873,0.2353043236819412,0.26690766422088363,0.2703898916971899,20.84,1028.128
1791060823.5009472,69.64737049429873,0.2354718433912997,0.26632965352208643,0.2706605742421968,20.89,1028.128
1791060854.845339,69.64737049429873,0.2366583300345497,0.2630414272785545,0.2709312567872037,20.89,1028.13
1791060886.1888888,69.64737049429873,0.2337820564535127,0.2667975342604875,0.2683420786855889,20.91,1028.127
1791060917.4893181,69.64737049429873,0.2344919198703761,0.2665633885815688,0.27032258920672414,20.91,1028.136
1791060948.8368223,69.64737049429873,0.23734554488655066,0.2666868223465357,0.270356269984815,20.84,1028.145
1791060980.181337,69.64737049429873,0.23546043729917032,0.27257260800147637,0.2759305555323158,20.86,1028.144
1791061011.5269132,69.64737049429873,0.23617300251478715,0.2666868223465357,0.2743596358189501,20.86,1028.147
1791061042.8744822,69.64737049429873,0.23527870538024814,0.2664521559895509,0.2840867906962395,20.83,1028.152
1791061074.2298856,69.64737049429873,0.23636429123534536,0.26664348420461603,0.27490258909129645,20.84,1028.155
1791061105.5785832,69.64737049429873,0.23609289477157108,0.2672224880945495,0.28195889714942834,20.83,1028.164
1791061136.9289188,69.64737049429873,0.2366583300345497,0.26725887360350215,0.2702039174715704,20.87,1028.17
1791061168.2714398,69.64737049429873,0.23520116084629278,0.2643960277797138,0.27050848884976253,20.89,1028.175
1791061199.6128676,69.64737049429873,0.24196822447146532,0.2682244313371347,0.27228466951223823,20.89,1028.172
1791061230.9473302,69.64737049429873,0.2405093668999394,0.26687101861210016,0.2725553520572451,20.86,1028.187
1791061262.2869356,69.64737049429873,0.2354075770549039,0.269154482497154,0.2699668863087191,20.89,1028.181
1791061293.6174412,69.64737049429873,0.2380123363871582,0.2665633885815688,0.2787547930920029,20.9,1028.18
1791061324.957074,69.64737049429873,0.23496884301586923,0.2669880723329804,0.2704749565058451,20.9,1028.179
1791061356.3053377,69.64737049429873,0.23486573685444012,0.2662924684813369,0.27171087048597425,20.93,1028.178
1791061387.6390655,69.64737049429873,0.23947137855838194,0.26408595353261316,0.27213329647289275,20.94,1028.186
1791061418.9633155,69.64737049429873,0.2388068594093141,0.2655204301612639,0.2787284894631347,20.91,1028.17
1791061450.309738,69.64737049429873,0.23782581687576482,0.2697962476680981,0.27176529394132753,20.91,1028.168
1791061481.6527169,69.64737049429873,0.23623687773455404,0.267149525060411,0.27469214469255965,20.9,1028.168
1791061513.0017798,69.64737049429873,0.24364209211265722,0.2725553520572451,0.2792449325116853,20.87,1028.157
1791061544.3331983,69.64737049429873,0.23892953835791816,0.2677645661630988,0.2761953155307183,20.86,1028.16
1791061575.6767862,69.64737049429873,0.24147377983846025,0.2677285930682481,0.2742695029856898,20.84,1028.15
1791061607.0215504,69.64737049429873,0.23649125745583136,0.2653252148546272,0.2710170345743943,20.87,1028.15
1791061638.3527298,69.64737049429873,0.23507203974435745,0.2665633885815688,0.26842448269721214,20.87,1028.155
1791061669.696348,69.64737049429873,0.2339503173293327,0.27050848884976253,0.2771292724906117,20.87,1028.16
1791061701.0377707,69.64737049429873,0.2360132084813135,0.2630414272785545,0.2763449076873417,20.86,1028.157
1791061732.3852,69.64737049429873,0.23649125745583136,0.26408595353261316,0.2699668863087191,20.84,1028.168
1791061763.7338324,69.64737049429873,0.23480088167157,0.2642410587175287,0.2729143078143167,20.86,1028.171
1791061795.0712874,69.64737049429873,0.23480088167157,0.26664348420461603,0.2715591126429435,20.84,1028.166
1791061826.41172,69.64737049429873,0.2343058944604198,0.2679744599853599,0.270407714858705,20.84,1028.167
1791061857.7531872,69.64737049429873,0.24172182259638736,0.2679744599853599,0.27100361478843976,20.89,1028.168
1791061889.0838635,69.64737049429873,0.23617300251478715,0.26750244586292804,0.27039185012967826,20.87,1028.171
1791061920.4193318,69.64737049429873,0.2348775052072334,0.2679282117088455,0.26925225910982464,20.87,1028.168
1791061951.757637,69.64737049429873,0.23721991510178675,0.26594650578674445,0.2695587407322292,20.9,1028.168
1791061983.0974,69.64737049429873,0.23456762707747078,0.2674935271288242,0.27285135720742554,20.86,1028.174
1791062014.4457586,69.64737049429873,0.2366583300345497,0.26602154838110503,0.27077929012028423,20.87,1028.165
1791062045.7891164,69.64737049429873,0.2368661162557916,0.26845982928319184,0.272252710686438,20.86,1028.162
1791062077.1248002,69.64737049429873,0.23996823905283846,0.2683774510256387,0.27050848884976253,20.9,1028.16
1791062108.4672759,69.64737049429873,0.23645090804668223,0.2689185788727397,0.27472081241730034,20.87,1028.171
1791062139.804754,69.64737049429873,0.24105049474704038,0.27177568152916604,0.278117752273456,20.86,1028.172
1791062171.1531808,69.64737049429873,0.23672147197023272,0.26756575925498727,0.27610280802541715,20.86,1028.177
1791062202.4975963,69.64737049429873,0.23649125745583136,0.2657506282808732,0.2795930982274245,20.87,1028.171
1791062233.8443196,69.64737049429873,0.23984754563281246,0.2669514490602749,0.2775493218833268,20.9,1028.175
1791062265.1887069,69.64737049429873,0.23719993257559313,0.2712880736086689,0.2828185945954809,20.89,1028.173
1791062296.5311668,69.64737049429873,0.23799267001799118,0.271732779430074,0.27351467312127403,20.87,1028.175
1791062327.8796818,69.64737049429873,0.23534319781714488,0.26706869233327496,0.27867574333291784,20.89,1028.169
1791062359.2200992,69.64737049429873,0.24504897807612303,0.2669514490602749,0.2761381867613965,20.86,1028.179
1791062390.5657237,69.64737049429873,0.23469780398159462,0.2699328784372958,0.2726432687800421,20.87,1028.186
1791062421.914116,69.64737049429873,0.2360132084813135,0.2690364789721554,0.27375810409602297,20.87,1028.183
1791062453.2637062,69.64737049429873,0.23574252593630657,0.27108309026114347,0.2706605742421968,20.89,1028.177
1791062484.5890992,69.64737049429873,0.23672147197023272,0.26675406748433583,0.27610280802541715,20.84,1028.182
1791062515.923722,69.64737049429873,0.2354328683585197,0.26555543719080515,0.2737887294966483,20.87,1028.177
1791062547.26406,69.64737049429873,0.2359735223430518,0.2659423757136844,0.2711160313376359,20.87,1028.17
1791062578.6038384,69.64737049429873,0.23526555171704783,0.2689185788727397,0.27838831619700644,20.84,1028.171
1791062609.953067,69.64737049429873,0.2356392162760308,0.2759819171984245,0.2732786472757642,20.86,1028.168
1791062641.2986615,69.64737049429873,0.24013356902533026,0.26644646979193704,0.2773335521597547,20.87,1028.156
1791062672.6473246,69.64737049429873,0.23942711120573748,0.2667975342604875,0.2758035425973279,20.84,1028.153
1791062703.9687743,69.64737049429873,0.2367397536096668,0.2688267015213365,0.2762880668080478,20.84,1028.158
1791062735.2740898,69.64737049429873,0.23824491128823502,0.27158056344488984,0.2809235392398331,20.84,1028.144
1791062766.601543,69.64737049429873,0.2359891588070106,0.26691476142052406,0.27378630839557105,20.8,1028.144
1791062797.9390452,69.64737049429873,0.23567849715513575,0.2660589709770795,0.27749457284093654,20.82,1028.146
1791062829.2666543,69.64737049429873,0.2344919198703761,0.27390876478227966,0.2741794473272865,20.77,1028.134
1791062860.613065,69.64737049429873,0.23780372766443464,0.2641641931620312,0.2766155902323486,20.8,1028.121
1791062891.952475,69.64737049429873,0.2356392162760308,0.26636677340885223,0.272826034602252,20.79,1028.116
1791062923.297106,69.64737049429873,0.2355359971230635,0.2685303366569778,0.27920000796765787,20.83,1028.101
1791062954.6557305,69.64737049429873,0.2342863966582784,0.2677190004389307,0.27583236261940147,20.82,1028.086
1791062985.9819908,69.64737049429873,0.24040401443134593,0.26949406938403975,0.27920000796765787,20.83,1028.082
1791063017.3105106,69.64737049429873,0.23539399558206348,0.2754703623812162,0.27045695854520313,20.83,1028.082
1791063048.6523764,69.64737049429873,0.23472466090501642,0.26675406748433583,0.27979180999045256,20.83,1028.087
1791063079.99747,69.64737049429873,0.23638752876402802,0.26435711160540054,0.27192701231443406,20.83,1028.075
1791063111.341985,69.64737049429873,0.2335111363532808,0.26606346179431295,0.2696618394030212,20.84,1028.063
1791063142.6896129,69.64737049429873,0.2364682377931423,0.2747818006818564,0.27342541460231634,20.86,1028.067
1791063174.0371273,69.64737049429873,0.23605299915296774,0.2702376875792409,0.27125519687505223,20.89,1028.061
1791063205.3835955,69.64737049429873,0.23719993257559313,0.2683774510256387,0.274420071488293,20.86,1028.058
1791063236.7239583,69.64737049429873,0.2362838910263204,0.26636677340885223,0.270812526337593,20.83,1028.061
1791063268.0686786,69.64737049429873,0.2358064425290792,0.27204612693518176,0.27718458964947984,20.82,1028.059
1791063299.4089153,69.64737049429873,0.2376373037513549,0.2648601200194825,0.27162421810824444,20.79,1028.067
1791063330.7615073,69.64737049429873,0.23969767512928797,0.2751415491144007,0.27947057189120833,20.8,1028.059
1791063362.0881705,69.64737049429873,0.23499510631103213,0.27649436873215305,0.2746004212672997,20.8,1028.057
1791063393.4375026,69.64737049429873,0.23807429158798513,0.2655176058870657,0.27405929342019875,20.77,1028.042
1791063424.7831295,69.64737049429873,0.2408854942914377,0.26513068394303296,0.2718947820317949,20.83,1028.044
1791063456.1205192,69.64737049429873,0.237366621206348,0.27267489901393616,0.2702376875792409,20.82,1028.058
1791063487.4649963,69.64737049429873,0.23493047830128588,0.2725236307866699,0.27538291171915324,20.82,1028.038
1791063518.8084826,69.64737049429873,0.2397870398297228,0.27079832037830354,0.2755037518892205,20.83,1028.039
1791063550.1628997,69.64737049429873,0.23609289477157108,0.2679640725099845,0.2699834145554124,20.8,1028.035
1791063581.5034537,69.64737049429873,0.24173334602851992,0.26462826967818803,0.2796136697097617,20.79,1028.025
1791063612.8419476,69.64737049429873,0.23605299915296774,0.26520878808040943,0.2685776832659227,20.8,1028.019
1791063644.197395,69.64737049429873,0.2337820564535127,0.2671417011571071,0.2688487223001973,20.82,1028.008
1791063675.5491757,69.64737049429873,0.2380123363871582,0.2667172710624587,0.2758035425973279,20.77,1028.009
1791063706.9004695,69.64737049429873,0.23947137855838194,0.26644646979193704,0.2706605742421968,20.79,1027.985
1791063738.239885,69.64737049429873,0.23411843066626517,0.26687101861210016,0.2686128799561106,20.77,1027.996
1791063769.593549,69.64737049429873,0.23926139902139631,0.26389351061702426,0.27000083456694157,20.8,1027.982
1791063800.9339883,69.64737049429873,0.23286711224724585,0.27186249520237105,0.272252710686438,20.83,1027.971
1791063832.2784922,69.64737049429873,0.23469780398159462,0.26493786798017754,0.2756246981570629,20.83,1027.958
1791063863.6201186,69.64737049429873,0.2355109210844185,0.26455086089828506,0.27399846395141514,20.84,1027.945
1791063894.9533553,69.64737049429873,0.23574252593630657,0.2649762407970519,0.2675296748740238,20.83,1027.941
1791063926.297929,69.64737049429873,0.2380123363871582,0.2698304955694598,0.27390876478227966,20.86,1027.929
1791063957.6414278,69.64737049429873,0.23424017227795396,0.26384957651428403,0.2742993084995311,20.83,1027.93
1791063988.9849112,69.64737049429873,0.23413675051103494,0.26505698346163487,0.2679384975239054,20.87,1027.926
1791064020.3274405,69.64737049429873,0.23642189342370126,0.2666497882542332,0.27457186347476287,20.9,1027.917
1791064051.6729853,69.64737049429873,0.23749166993901732,0.26474454369325995,0.27088422478464513,20.91,1027.922
1791064083.020365,69.64737049429873,0.23480088167157,0.2664093709917257,0.27086490535229907,20.93,1027.913
1791064114.3598042,69.64737049429873,0.23398740745320773,0.2662924684813369,0.2742695029856898,20.9,1027.913
1791064145.689345,69.64737049429873,0.24369916306811396,0.27008534988458305,0.2707459955401197,20.91,1027.909
1791064177.0338416,69.64737049429873,0.23469780398159462,0.27303416993459856,0.27330532800738594,20.87,1027.914
1791064208.3854258,69.64737049429873,0.23344509130763283,0.26493786798017754,0.2746611183713232,20.86,1027.909
1791064239.7337542,69.64737049429873,0.23832593661780668,0.2702039174715704,0.27171087048597425,20.86,1027.914
1791064271.0773509,69.64737049429873,0.23832593661780668,0.2669514490602749,0.2771292724906117,20.83,1027.927
1791064302.4208336,69.64737049429873,0.2359494172553676,0.2638541875792501,0.2719817905862062,20.84,1027.922
1791064333.7603073,69.64737049429873,0.2376792333586155,0.2675748845693902,0.2682711475000641,20.86,1027.919
1791064365.1008747,69.64737049429873,0.23776342477624796,0.2665694375226925,0.27191722798977913,20.87,1027.927
1791064396.4543955,69.64737049429873,0.23732437575641052,0.2657541730110006,0.27118926975561286,20.91,1027.938
1791064427.798884,69.64737049429873,0.23314359254332762,0.2684362762724144,0.2771400932047904,20.9,1027.939
1791064459.1474514,69.64737049429873,0.23732437575641052,0.26932165159260696,0.2738761618551494,20.87,1027.94
1791064490.4818993,69.64737049429873,0.23446451598892523,0.270407714858705,0.2770737608014909,20.89,1027.952
1791064521.7153556,69.64737049429873,0.23630064054257904,0.2708316421346819,0.27544538201884505,20.87,1027.964
1791064553.0437996,69.64737049429873,0.23930546756426324,0.2687657964271485,0.27381700323619923,20.87,1027.977
1791064584.3823833,69.64737049429873,0.237366621206348,0.27186249520237105,0.2751121104486315,20.84,1027.971
1791064615.7237568,69.64737049429873,0.23523988205014387,0.26873074938342373,0.2780909244243702,20.8,1027.975
1791064647.073382,69.64737049429873,0.2354718433912997,0.2657506282808732,0.2801093935931622,20.8,1027.969
1791064678.402747,69.64737049429873,0.23567849715513575,0.2634676558161983,0.2690016694836556,20.82,1027.976
1791064709.762317,69.64737049429873,0.23290277516205796,0.2638541875792501,0.2749619116887567,20.82,1027.969
1791064741.0907676,69.64737049429873,0.2343238966539764,0.2673761488822644,0.2695435096841194,20.82,1027.977
1791064772.430365,69.64737049429873,0.233679516058811,0.2655204301612639,0.26927258958388745,20.82,1027.977
1791064803.745003,69.64737049429873,0.23409021829565452,0.27049306542303336,0.2697117792811154,20.84,1027.963
1791064835.0572953,69.64737049429873,0.23786812476733876,0.26602592784823126,0.27333217329687587,20.84,1027.964
1791064866.4107633,69.64737049429873,0.23450236672948066,0.2642019892614439,0.2698304955694598,20.84,1027.949
1791064897.7632113,69.64737049429873,0.23724130432665694,0.265558375340984,0.27032258920672414,20.84,1027.946
1791064929.0997665,69.64737049429873,0.23957650659853788,0.26397001968325406,0.26881370193188014,20.86,1027.932
1791064960.4542577,69.64737049429873,0.23252949170739762,0.2698988107955122,0.27086490535229907,20.84,1027.916
1791064991.8017974,69.64737049429873,0.2359891588070106,0.27176529394132753,0.26935625636369614,20.87,1027.897
1791065023.1293068,69.64737049429873,0.23467082889679677,0.2729143078143167,0.2766525786387685,20.89,1027.888
1791065054.4737475,69.64737049429873,0.2370330976562951,0.2655962538889018,0.2756246981570629,20.86,1027.862
1791065085.8044028,69.64737049429873,0.23496884301586923,0.26764706898249624,0.2750826200885137,20.86,1027.839
1791065117.136613,69.64737049429873,0.23534319781714488,0.2657506282808732,0.2734563858828659,20.87,1027.821
1791065148.477071,69.64737049429873,0.2344919198703761,0.2650541758203525,0.27481158105423903,20.87,1027.802
1791065179.823635,69.64737049429873,0.23446451598892523,0.27246002091732774,0.27493227644411056,20.86,1027.787
1791065211.1611252,69.64737049429873,0.23569312872362577,0.2664951296418982,0.27342541460231634,20.83,1027.775
1791065242.5455601,69.64737049429873,0.2351106587105198,0.26935625636369614,0.27756180256510055,20.83,1027.757
1791065273.8891215,69.64737049429873,0.23578196011869312,0.26451209775180334,0.2731541373864083,20.83,1027.767
1791065305.215726,69.64737049429873,0.2359494172553676,0.26451209775180334,0.2723722297457674,20.86,1027.772
1791065336.5481846,69.64737049429873,0.23463277272747055,0.26586729292317646,0.2693908003687465,20.86,1027.769
1791065367.8835454,69.64737049429873,0.23811677805722256,0.2634279416147048,0.27059374727951163,20.86,1027.791
1791065399.2340076,69.64737049429873,0.23892953835791816,0.2662924684813369,0.2712880736086689,20.89,1027.816
1791065430.5777493,69.64737049429873,0.23465979575627896,0.267412383702114,0.27089811018527865,20.87,1027.82
1791065461.9301496,69.64737049429873,0.23509808842892985,0.26590486725089363,0.2714726218772175,20.87,1027.84
1791065493.2725296,69.64737049429873,0.23649125745583136,0.2654797081806413,0.2748413091781098,20.84,1027.868
1791065524.5992205,69.64737049429873,0.23493047830128588,0.2671052287820325,0.26807127741506726,20.83,1027.881
1791065555.9315245,69.64737049429873,0.2359252061600933,0.2650171033039057,0.27183015167721813,20.84,1027.899
1791065587.2731802,69.64737049429873,0.24678545469191568,0.27378630839557105,0.2706792306752295,20.84,1027.905
1791065618.6137202,69.64737049429873,0.23314359254332762,0.26618052071525383,0.28045380007011156,20.86,1027.908
1791065649.9640584,69.64737049429873,0.23588551396271978,0.2690849791477881,0.2686252381839272,20.87,1027.915
1791065681.3105705,69.64737049429873,0.23690708416289397,0.26726706181244203,0.27490258909129645,20.86,1027.914
1791065712.660958,69.64737049429873,0.23956026383414356,0.272036809757852,0.2758091019885332,20.82,1027.923
1791065744.0036397,69.64737049429873,0.23523988205014387,0.26451209775180334,0.27405794366986813,20.84,1027.931
1791065775.330101,69.64737049429873,0.2354075770549039,0.2672224880945495,0.2706271900850468,20.87,1027.943
1791065806.6726134,69.64737049429873,0.23659507722151701,0.2646669478799457,0.2691197613344719,20.84,1027.953
1791065838.0249603,69.64737049429873,0.2337820564535127,0.2657506282808732,0.2731853468485913,20.89,1027.955
1791065869.3453968,69.64737049429873,0.23892953835791816,0.26493786798017754,0.2732165015549796,20.89,1027.965
1791065900.691903,69.64737049429873,0.2350335224114195,0.26706869233327496,0.26873074938342373,20.89,1027.959
1791065932.041537,69.64737049429873,0.2362604360229186,0.26664348420461603,0.2761381867613965,20.9,1027.961
1791065963.3899784,69.64737049429873,0.2357178815911026,0.2677285930682481,0.26959316740913153,20.9,1027.959
1791065994.7294838,69.64737049429873,0.23588551396271978,0.26486091993164723,0.2757457506624729,20.87,1027.954
1791066026.0779243,69.64737049429873,0.23456762707747078,0.26563725016665973,0.27288286017050034,20.9,1027.944
1791066057.4154067,69.64737049429873,0.23423061189225006,0.26548241817377005,0.27405794366986813,20.91,1027.935
1791066088.7629051,69.64737049429873,0.237156934171688,0.27022119091756924,0.27538680652138753,20.86,1027.928
1791066120.1084244,69.64737049429873,0.23460563070176932,0.266372206988708,0.2781055515760288,20.89,1027.922
1791066151.4589396,69.64737049429873,0.23655457357132728,0.26668041002600035,0.27589573719133753,20.87,1027.905
1791066182.7993596,69.64737049429873,0.23507203974435745,0.2712880736086689,0.27493227644411056,20.86,1027.896
1791066214.1468868,69.64737049429873,0.235136656954672,0.2667975342604875,0.2753536591227883,20.84,1027.879
1791066245.4904566,69.64737049429873,0.23496884301586923,0.27183015167721813,0.27818617331755985,20.84,1027.859
1791066276.8338633,69.64737049429873,0.23486573685444012,0.26888368122663237,0.27481158105423903,20.84,1027.842
1791066308.120557,69.64737049429873,0.2355751249524629,0.2653252148546272,0.27186249520237105,20.87,1027.835
1791066339.4679177,69.64737049429873,0.23465979575627896,0.26462826967818803,0.270356269984815,20.87,1027.828
1791066370.8143537,69.64737049429873,0.2367621775560632,0.26652637618770003,0.27655922488083523,20.87,1027.824
1791066402.1527734,69.64737049429873,0.23828313765767994,0.26706869233327496,0.2714399503857424,20.86,1027.817
1791066433.483333,69.64737049429873,0.23815937653427469,0.267149525060411,0.275294999556146,20.86,1027.796
1791066464.806832,69.64737049429873,0.23351813267991284,0.2662976826854619,0.27176529394132753,20.86,1027.789
1791066496.153302,69.64737049429873,0.2370525012509464,0.2640074385208775,0.2713086889394257,20.84,1027.786
1791066527.496871,69.64737049429873,0.24022404312731874,0.2656751093229701,0.27091751491838223,20.86,1027.789
1791066558.844264,69.64737049429873,0.2328361372062794,0.26528709812507595,0.272731417381102,20.89,1027.777
1791066590.1917882,69.64737049429873,0.23425856552599514,0.26517058582376285,0.2745105234659484,20.86,1027.774
1791066621.533215,69.64737049429873,0.23425856552599514,0.2674935271288242,0.2699328784372958,20.86,1027.762
1791066652.865826,69.64737049429873,0.23388468687877076,0.26625521811491265,0.27411880222574825,20.86,1027.762
1791066684.1924214,69.64737049429873,0.23680299045473466,0.2650541758203525,0.26950911498836183,20.86,1027.77
1791066715.538753,69.64737049429873,0.23984754563281246,0.2642800596277634,0.2690849791477881,20.87,1027.765
1791066746.8802676,69.64737049429873,0.23357706557625138,0.26443487570703805,0.2684951138821416,20.83,1027.765
1791066778.227822,69.64737049429873,0.2343891132112721,0.26807127741506726,0.26845982928319184,20.82,1027.756
1791066809.5724213,69.64737049429873,0.238763389495714,0.2737274249171405,0.27902571319223474,20.82,1027.755
1791066840.902837,69.64737049429873,0.23365032659760232,0.2639307120455359,0.2754745925896855,20.8,1027.748
1791066872.2523143,69.64737049429873,0.24075272798578465,0.2710368144339616,0.2759305555323158,20.77,1027.749
1791066903.6008625,69.64737049429873,0.24081249085753434,0.2634243282809662,0.27635261166299446,20.8,1027.734
1791066934.954338,69.64737049429873,0.24075272798578465,0.264977398528215,0.2695587407322292,20.82,1027.731
1791066966.2998884,69.64737049429873,0.23555010184402245,0.26893186688826176,0.27420893629004806,20.8,1027.723
1791066997.6433544,69.64737049429873,0.23446451598892523,0.26610092977280003,0.27393742047352354,20.83,1027.72
1791067028.9897053,69.64737049429873,0.2332100479948483,0.26738470203438436,0.2704413652273282,20.83,1027.723
1791067060.3321962,69.64737049429873,0.23538217452704427,0.2726997672983829,0.272579841390901,20.84,1027.725
1791067091.6669295,69.64737049429873,0.24064680493133173,0.26769255669346,0.27758920223572964,20.89,1027.715
1791067123.0102935,69.64737049429873,0.2335842877996086,0.2736350632906883,0.2722762891045353,20.84,1027.722
1791067154.3536446,69.64737049429873,0.2325647407425051,0.27001745274335903,0.2756877553156504,20.87,1027.718
1791067185.6963649,69.64737049429873,0.23500730891647384,0.26606346179431295,0.2702888492071333,20.87,1027.716
1791067217.039858,69.64737049429873,0.2331739332348454,0.265558375340984,0.2681176774969389,20.86,1027.717
1791067248.39231,69.64737049429873,0.23222611142812338,0.26474454369325995,0.2787021395841367,20.84,1027.711
1791067279.73571,69.64737049429873,0.23398740745320773,0.2655962538889018,0.2696275335796042,20.86,1027.703
1791067311.0752819,69.64737049429873,0.23402459544442178,0.2645507090694716,0.2745405420199644,20.86,1027.708
1791067342.4096408,69.64737049429873,0.2335547982956695,0.2686376727677315,0.2697117792811154,20.87,1027.711
1791067373.7542439,69.64737049429873,0.23400483248166884,0.27144933505917457,0.27011925539570353,20.86,1027.711
1791067405.0977063,69.64737049429873,0.2388325569275959,0.26750244586292804,0.2730863490124682,20.83,1027.703
1791067436.442248,69.64737049429873,0.24010353438273765,0.2634641679722834,0.28042893422145354,20.82,1027.7
1791067467.774675,69.64737049429873,0.23609289477157108,0.265558375340984,0.2744804521065725,20.8,1027.692
1791067499.1044724,69.64737049429873,0.24070663465573422,0.2651323163954215,0.27137443506223047,20.8,1027.696
1791067530.4497876,69.64737049429873,0.23527870538024814,0.26648929871429305,0.27137443506223047,20.79,1027.682
1791067561.7912073,69.64737049429873,0.23538217452704427,0.2657129019693377,0.2698988107955122,20.82,1027.68
1791067593.1377962,69.64737049429873,0.23523988205014387,0.2645895234678729,0.27520343451689805,20.82,1027.676
1791067624.4771245,69.64737049429873,0.23365032659760232,0.2642019892614439,0.2701361990421805,20.82,1027.666
1791067655.831677,69.64737049429873,0.2362604360229186,0.26606346179431295,0.2681176774969389,20.86,1027.658
1791067687.1891463,69.64737049429873,0.2413555224905833,0.2690849791477881,0.2704413652273282,20.82,1027.653
1791067718.522797,69.64737049429873,0.23669898818108207,0.2699834145554124,0.27149377812480296,20.84,1027.649
1791067749.862262,69.64737049429873,0.2348775052072334,0.26237076085449207,0.2779831406863781,20.86,1027.655
1791067781.1996675,69.64737049429873,0.23478560256439077,0.26455055630257535,0.2671207133219812,20.87,1027.656
1791067812.5462277,69.64737049429873,0.2336947419915171,0.2632683849688161,0.2680927239057107,20.86,1027.653
1791067843.8816822,69.64737049429873,0.23786812476733876,0.27158056344488984,0.27158056344488984,20.87,1027.638
1791067875.2242727,69.64737049429873,0.2359252061600933,0.2634641679722834,0.275265592314072,20.83,1027.647
1791067906.5587516,69.64737049429873,0.2321587601525922,0.26524891434473946,0.27079832037830354,20.86,1027.636
1791067937.9032412,69.64737049429873,0.23385592307390565,0.2642019892614439,0.2701361990421805,20.84,1027.627
1791067969.2307494,69.64737049429873,0.23300510943202246,0.26486091993164723,0.26815332462442465,20.84,1027.628
1791068000.5663805,69.64737049429873,0.23419311952515096,0.26408595353261316,0.2702888492071333,20.86,1027.624
1791068031.918711,69.64737049429873,0.24168598034107888,0.26284560318190386,0.27222069571623625,20.83,1027.635
1791068063.2662473,69.64737049429873,0.23630064054257904,0.26276486980146396,0.27381700323619923,20.84,1027.635
1791068094.5729308,69.64737049429873,0.2341275583482027,0.265558375340984,0.26723057135746386,20.84,1027.62
1791068125.8422315,69.64737049429873,0.2362604360229186,0.264434366895166,0.26838907396071315,20.84,1027.619
1791068157.1805556,69.64737049429873,0.2357178815911026,0.2662976826854619,0.2746012142184622,20.84,1027.622
1791068188.538241,69.64737049429873,0.24075272798578465,0.26692190241262115,0.2739068181279189,20.84,1027.631
1791068219.8815591,69.64737049429873,0.23774313999085703,0.2700682419472349,0.2701532938588376,20.82,1027.62
1791068251.2232015,69.64737049429873,0.23297438366898457,0.264123643987617,0.2737247563723189,20.86,1027.625
1791068282.5537772,69.64737049429873,0.23395885705501943,0.2629208974236893,0.26874347622053735,20.89,1027.628
1791068313.8971026,69.64737049429873,0.23243063465805633,0.2668780092438865,0.2710699556526006,20.89,1027.637
1791068345.2486067,69.64737049429873,0.23304101725101453,0.261061369438807,0.2755665153726706,20.9,1027.637
1791068376.5742178,69.64737049429873,0.2328361372062794,0.27064576008115165,0.2695587407322292,20.9,1027.655
1791068407.9015372,69.64737049429873,0.23297438366898457,0.2638518891503864,0.27716787617468625,20.89,1027.653
1791068439.2501473,69.64737049429873,0.23582149830779675,0.266606493427362,0.2699834145554124,20.87,1027.649
1791068470.5957186,69.64737049429873,0.23753357330672673,0.26354037924795287,0.26726706181244203,20.9,1027.661
1791068501.9430141,69.64737049429873,0.23820208746265836,0.2639286466703541,0.26653231631845714,20.9,1027.652
1791068533.283647,69.64737049429873,0.2343337561963052,0.2649389084993088,0.2687082705515511,20.86,1027.651
1791068564.6131492,69.64737049429873,0.2345403175644597,0.2652509176435128,0.2720045342673047,20.87,1027.645
1791068595.9605315,69.64737049429873,0.23437150072574126,0.2651339589251119,0.2677021057511752,20.89,1027.64
1791068627.3090506,69.64737049429873,0.2335547982956695,0.26634033458025164,0.26879152268791406,20.87,1027.622
1791068658.662543,69.64737049429873,0.23419311952515096,0.27137443506223047,0.270407714858705,20.9,1027.627
1791068689.9920897,69.64737049429873,0.23450236672948066,0.2651339589251119,0.27653096787394227,20.89,1027.629
1791068721.335657,69.64737049429873,0.23474724341482522,0.2644728749871299,0.26976193936218534,20.9,1027.614
1791068752.6819444,69.64737049429873,0.23317974677252012,0.26595066135518364,0.2674661307293969,20.9,1027.63
1791068784.0316627,69.64737049429873,0.2345403175644597,0.26540619306846913,0.2687082705515511,20.89,1027.633
1791068815.379952,69.64737049429873,0.23573267144252757,0.2651339589251119,0.2753574413226464,20.89,1027.628
1791068846.7324533,69.64737049429873,0.2335915610430854,0.26751141975060067,0.27423860737160827,20.9,1027.641
1791068878.0790615,69.64737049429873,0.23427790949170424,0.26700282618166904,0.27233212773231524,20.94,1027.628
1791068909.4234369,69.64737049429873,0.23682160801595664,0.27193000988016724,0.27274996624586634,20.93,1027.635
1791068940.7700014,69.64737049429873,0.23694520494367335,0.2634937239191391,0.2783395609768371,20.9,1027.643
1791068972.1144714,69.64737049429873,0.23469312983167742,0.2650584003445325,0.2674839246701705,20.9,1027.615
1791069003.4568942,69.64737049429873,0.23944976341422677,0.2635371009515888,0.26912674646403334,20.91,1027.641
1791069034.8025348,69.64737049429873,0.23659010311680778,0.26443385494095867,0.2699658560395664,20.91,1027.628
1791069066.1550417,69.64737049429873,0.23801549422504173,0.2682468142195446,0.270698002327207,20.89,1027.624
1791069097.4914558,69.64737049429873,0.233893002822047,0.2661055599374573,0.271634891508846,20.9,1027.6
1791069128.838123,69.64737049429873,0.23481243172284763,0.2650955051645962,0.27181995726360353,20.91,1027.591
1791069160.169501,69.64737049429873,0.2344748891806405,0.26423995179735854,0.2679744599853599,20.91,1027.598
1791069191.5130622,69.64737049429873,0.2341275583482027,0.2690501357760825,0.27095074649175405,20.9,1027.616
1791069222.8655028,69.64737049429873,0.23749166993901732,0.26369620278643036,0.2773175669614326,20.9,1027.601
1791069254.2078817,69.64737049429873,0.239122198962401,0.2720045342673047,0.27378630839557105,20.9,1027.598
1791069285.5325227,69.64737049429873,0.2350845458812355,0.26330837947592517,0.27578012180910666,20.87,1027.577
1791069316.8670263,69.64737049429873,0.237156934171688,0.2702725193537939,0.2699493164121051,20.84,1027.563
1791069348.2043693,69.64737049429873,0.23967839282933698,0.26666251377323913,0.2724123900517591,20.86,1027.562
1791069379.5481114,69.64737049429873,0.2332584706313612,0.265137274591966,0.27496864694721607,20.87,1027.55
1791069410.8944726,69.64737049429873,0.23483577790909752,0.2686983010497576,0.27362895306823826,20.84,1027.532
1791069442.2409182,69.64737049429873,0.23281411135970373,0.26486334947982815,0.2688175686853056,20.84,1027.521
1791069473.5906014,69.64737049429873,0.23448533584657616,0.2649797355068316,0.2692461512740332,20.9,1027.513
1791069504.930919,69.64737049429873,0.23908754693079218,0.2633806559493567,0.26865018441737093,20.89,1027.499
1791069536.2654557,69.64737049429873,0.23407084979230383,0.26271859397494196,0.27059715182641353,20.9,1027.507
1791069567.6050131,69.64737049429873,0.2335915610430854,0.2681753071525873,0.2681753071525873,20.86,1027.484
1791069598.9513412,69.64737049429873,0.23864714165227077,0.2640433035855637,0.27526903428352634,20.86,1027.471
1791069630.2788773,69.64737049429873,0.2332887853931338,0.2648237213774419,0.27457186347476287,20.87,1027.463
1791069661.6284134,69.64737049429873,0.2386907844010921,0.2633003698618993,0.27505828291539614,20.83,1027.461
1791069692.9528244,69.64737049429873,0.23469312983167742,0.26521444873107325,0.2701363658232347,20.86,1027.447
1791069724.2874322,69.64737049429873,0.23417433387085776,0.26798491181071676,0.27208287949783283,20.84,1027.428
1791069755.6150932,69.64737049429873,0.23308250874642789,0.26650099667588245,0.2749663839869801,20.86,1027.422
1791069786.9562962,69.64737049429873,0.23342202684829869,0.26388694412360064,0.27457186347476287,20.9,1027.411
1791069818.2989314,69.64737049429873,0.23356198323894156,0.26372774273314764,0.2675569092631055,20.91,1027.399
1791069849.6454175,69.64737049429873,0.23223359210933756,0.269260625398776,0.2678402686651239,20.9,1027.385
1791069880.9817352,69.64737049429873,0.23425949719460595,0.2623911629338806,0.27530575236788396,20.91,1027.372
1791069912.2682824,69.64737049429873,0.23477014696939583,0.26482441631500797,0.26855581260856565,20.93,1027.38
1791069943.6059246,69.64737049429873,0.23271086336674024,0.2646675690541664,0.2690916153851137,20.93,1027.37
1791069974.9482653,69.64737049429873,0.23663094040082494,0.26665613132264626,0.2688882542830908,20.9,1027.361
1791070006.2928622,69.64737049429873,0.24115174294717281,0.269042606469421,0.27314420404622225,20.9,1027.361
1791070037.6364262,69.64737049429873,0.23677670553191818,0.26560552233575513,0.27274996624586634,20.89,1027.35
1791070068.961823,69.64737049429873,0.23618944856195212,0.26752044930503427,0.2694353762743134,20.91,1027.34
1791070100.3122194,69.64737049429873,0.2374708382660466,0.26787652571334414,0.2680675712962569,20.9,1027.338
1791070131.6597786,69.64737049429873,0.23462748879291356,0.26662519508684057,0.27323380094869054,20.9,1027.334
1791070163.0013623,69.64737049429873,0.23458918682429086,0.2631434733752534,0.27046184888415437,20.9,1027.323
1791070194.3309271,69.64737049429873,0.23277820286239825,0.2645504025888756,0.26709167169267867,20.91,1027.316
1791070225.6732798,69.64737049429873,0.23721852373223973,0.26607252689006256,0.2701704945771786,20.93,1027.311
1791070257.0068471,69.64737049429873,0.23452348273093832,0.26462861966130424,0.2768779230572279,20.93,1027.29
1791070288.3533268,69.64737049429873,0.2336729861723854,0.26309840458298,0.2666689359739216,20.93,1027.301
1791070319.6957166,69.64737049429873,0.23298986358412827,0.2637650554268597,0.27380999875580464,20.91,1027.292
1791070351.0423763,69.64737049429873,0.234600081688023,0.26294587369486344,0.26847209750645284,20.91,1027.296
1791070382.364676,69.64737049429873,0.23277820286239825,0.2641191982894248,0.2665069001526551,20.94,1027.293
1791070413.6972656,69.64737049429873,0.23844185124643125,0.2625079940140773,0.269999244047642,20.91,1027.292
1791070445.0458162,69.64737049429873,0.236036734791174,0.26643188660054856,0.2731391777469905,20.94,1027.298
1791070476.3822367,69.64737049429873,0.23497893342730083,0.2636877654873998,0.2721620611907547,20.94,1027.304
1791070507.7328174,69.64737049429873,0.23360626276831922,0.265334238155289,0.2680783592684378,20.98,1027.315
1791070539.0793986,69.64737049429873,0.23305719450472653,0.2637650554268597,0.26862718349106757,21.01,1027.333
1791070570.4126873,69.64737049429873,0.2372807160638642,0.26560865026660396,0.26702530199294316,21.0,1027.334
1791070601.7701678,69.64737049429873,0.23848543355604457,0.2661196234522383,0.2703938364290272,20.98,1027.346
1791070633.1008484,69.64737049429873,0.233197435993102,0.26427506898482594,0.27243671745159637,20.97,1027.358
1791070664.4462671,69.64737049429873,0.23611751287449212,0.2651001388872611,0.26993031683458574,21.0,1027.376
1791070695.7867842,69.64737049429873,0.23461105430618664,0.2651389479198388,0.2715134916003061,21.01,1027.388
1791070727.1283197,69.64737049429873,0.23313011004788567,0.26494420877873165,0.2696554159893817,21.04,1027.395
1791070758.4797091,69.64737049429873,0.23982758204374782,0.2681364218843437,0.2701538756224545,21.01,1027.405
1791070789.8282816,69.64737049429873,0.23761952694616684,0.2660863371010594,0.2804005944617986,21.0,1027.419
1791070821.1737008,69.64737049429873,0.23547694029051233,0.2643137200496109,0.2738387679172582,20.98,1027.44
1791070852.5131207,69.64737049429873,0.23361369235847462,0.2652978272164206,0.26722642672951297,21.0,1027.45
1791070883.856663,69.64737049429873,0.23964601366783844,0.27292236559656585,0.28197836187774294,20.98,1027.452
1791070915.2012277,69.64737049429873,0.23554229187156697,0.2678970038959922,0.2753986783866478,20.97,1027.451
1791070946.5466135,69.64737049429873,0.241052576194688,0.2664752553913197,0.2703777388665639,20.97,1027.446
1791070977.8981683,69.64737049429873,0.23670860106280026,0.2709963445376133,0.27130482106060577,20.97,1027.461
1791071009.2677777,69.64737049429873,0.23461105430618664,0.26435331719995453,0.2757967336872519,20.95,1027.462
1791071040.613209,69.64737049429873,0.2342692631837982,0.26624318058227775,0.2686039978102932,20.95,1027.464
1791071071.96166,69.64737049429873,0.23444023500694278,0.27148028774237354,0.27178888292339654,20.94,1027.469
1791071103.2891498,69.64737049429873,0.23461105430618664,0.2673371759086053,0.27699303212142173,20.94,1027.455
1791071134.6317387,69.64737049429873,0.23377684535407836,0.26427506898482594,0.26831687353897155,20.94,1027.446
1791071165.9631748,69.64737049429873,0.23261543987008373,0.26624833134370385,0.27070638339055614,20.95,1027.456
1791071197.317592,69.64737049429873,0.23857943258434103,0.27051700160532344,0.26885725034934616,20.95,1027.466
1791071228.6532223,69.64737049429873,0.2355967174546607,0.2647472582819531,0.27383650411727795,20.95,1027.467
1791071260.002598,69.64737049429873,0.23541147184858582,0.265338834554106,0.270033050170735,20.95,1027.458
1791071291.330159,69.64737049429873,0.23420274470227417,0.26596754336332534,0.27224209281385453,20.97,1027.459
1791071322.672596,69.64737049429873,0.2430982748223238,0.2651794911692259,0.2728584738371356,20.97,1027.456
1791071354.020212,69.64737049429873,0.2372591381420179,0.26576857309188484,0.2712381002772156,20.95,1027.472
1791071385.3696249,69.64737049429873,0.24227320491988866,0.2676119544072011,0.270446052806484,20.95,1027.475
1791071416.7112546,69.64737049429873,0.23402250589553716,0.263684917944464,0.27051412362570476,20.97,1027.477
1791071448.0557077,69.64737049429873,0.2346770902830789,0.27231557535160145,0.27271137371243803,21.0,1027.484
1791071479.386243,69.64737049429873,0.23408897757851152,0.2668691565541435,0.2721620611907547,21.0,1027.491
1791071510.7327342,69.64737049429873,0.2334724592939137,0.2652978272164206,0.26741944828527275,21.01,1027.489
1791071542.0731637,69.64737049429873,0.2334053785874945,0.26447128456795244,0.26765801307703985,21.01,1027.473
1791071573.4165862,69.64737049429873,0.23541147184858582,0.26462879794143845,0.27178888292339654,21.0,1027.468
1791071604.7671463,69.64737049429873,0.23712957392309175,0.26510327650049265,0.2730385847318102,21.0,1027.478
1791071636.1096153,69.64737049429873,0.23466086380190632,0.26454977808779107,0.2695312638021052,21.0,1027.484
1791071667.4592133,69.64737049429873,0.23472718047931265,0.26601006736169247,0.27008476221480676,21.0,1027.469
1791071698.804685,69.64737049429873,0.2373435200589692,0.26920465917956515,0.270033050170735,20.97,1027.464
1791071730.0833092,69.64737049429873,0.23278714971000644,0.26836448311781386,0.27350042228185795,20.98,1027.459
1791071761.4306924,69.64737049429873,0.24028709207771484,0.2658105767694328,0.27454279615430094,21.0,1027.454
1791071792.7701461,69.64737049429873,0.2350303953652515,0.2654548824923163,0.27077426273871075,20.95,1027.456
1791071824.1195843,69.64737049429873,0.2364743609354175,0.26616722554527583,0.2700160943554668,20.95,1027.463
1791071855.4632487,69.64737049429873,0.2375986016951081,0.26747412430269846,0.2688083051994984,20.97,1027.459
1791071886.7925553,69.64737049429873,0.23732197648577857,0.27236390669486094,0.275372875014975,20.98,1027.463
1791071918.1392026,69.64737049429873,0.23710950344909626,0.27478949872277014,0.27687938141990287,20.93,1027.457
1791071949.487775,69.64737049429873,0.2360446098336602,0.2658527684752674,0.27190012765197114,20.91,1027.471
1791071980.8450599,69.64737049429873,0.23451712457990082,0.26592935344973756,0.2771842479567387,20.94,1027.465
1791072012.1697145,69.64737049429873,0.23751364923342935,0.26677058196831754,0.27730838427857796,20.91,1027.46
1791072043.5170705,69.64737049429873,0.2355053845523396,0.2658992292801834,0.2699806261497381,20.93,1027.474
1791072074.8627272,69.64737049429873,0.2351614747544222,0.2658992292801834,0.2741119671849213,20.94,1027.47
1791072106.1962438,69.64737049429873,0.23796168651104002,0.26518313165231444,0.26939029880539694,20.94,1027.461
1791072137.5356026,69.64737049429873,0.23407849443394807,0.265976143638632,0.2703271100216859,20.95,1027.471
1791072168.87221,69.64737049429873,0.23570241824894997,0.264154621790744,0.26958196485307445,20.95,1027.475
1791072200.2215407,69.64737049429873,0.2397498171734358,0.26652483266707566,0.26830399993068715,20.94,1027.463
1791072231.5703073,69.64737049429873,0.2391512016532623,0.26941050076800527,0.2728522542783146,20.94,1027.474
1791072262.919589,69.64737049429873,0.23514842318058618,0.2669656911330605,0.2775848856019498,20.95,1027.481
1791072294.2662961,69.64737049429873,0.2342123508817357,0.26636762346538034,0.2731290034846654,20.95,1027.49
1791072325.5917695,69.64737049429873,0.2348714256464043,0.2642730288814403,0.27079362681465297,20.93,1027.487
1791072356.9361677,69.64737049429873,0.2342123508817357,0.2653411544064119,0.2696521351486163,20.95,1027.499
1791072388.2856636,69.64737049429873,0.23588924744852557,0.26526320215335136,0.26921911988495834,20.91,1027.509
1791072419.6283545,69.64737049429873,0.2402118739563873,0.2668600639434953,0.2723145477532964,20.93,1027.516
1791072450.967623,69.64737049429873,0.24087722253014382,0.2653066548501552,0.2718798012403521,20.94,1027.514
1791072482.3129857,69.64737049429873,0.23768562354160452,0.270485429769003,0.27076430406327284,20.95,1027.519
1791072513.6676943,69.64737049429873,0.23935962543909245,0.26279565200392324,0.27507166591883464,20.94,1027.529
1791072544.994174,69.64737049429873,0.2339528972196561,0.2649079438836065,0.266822232139529,20.94,1027.529
1791072576.3225646,69.64737049429873,0.23447179358893955,0.2716122603957613,0.27077902479937466,20.95,1027.528
1791072607.652524,69.64737049429873,0.23591410462992196,0.2643119184627354,0.2706572662784158,21.0,1027.528
1791072638.992508,69.64737049429873,0.23522763935354404,0.2639138243311114,0.2691836615975704,20.98,1027.521
1791072670.3370612,69.64737049429873,0.23189469696799742,0.26395413786516847,0.2757487911918095,20.97,1027.519
1791072701.6726344,69.64737049429873,0.23505563684209063,0.2647477206685506,0.2690769035582664,21.03,1027.526
1791072733.0120416,69.64737049429873,0.2342220262356557,0.2645098782694585,0.26859314850374205,21.03,1027.52
1791072764.3465953,69.64737049429873,0.23637989020725386,0.26506561867374845,0.2703105969053409,21.01,1027.515
1791072795.6720414,69.64737049429873,0.2388383269378862,0.2641518094341118,0.26824291760407354,21.03,1027.513
1791072827.0165336,69.64737049429873,0.2356113772463806,0.27185685673890936,0.27074487546665216,21.01,1027.506
1791072858.361989,69.64737049429873,0.23567710748753173,0.27145663332308295,0.28034847979172234,21.0,1027.495
1791072889.6945164,69.64737049429873,0.23988739516151528,0.2689199941718127,0.27827814516685456,21.0,1027.496
1791072921.0350401,69.64737049429873,0.23412601885947468,0.27228166275635485,0.272158675534622,20.98,1027.499
1791072952.3854344,69.64737049429873,0.2329058712877029,0.2664226561151471,0.2699276811804634,20.97,1027.469
1791072983.713117,69.64737049429873,0.23566661427437702,0.26391165326891525,0.27395566465384275,20.94,1027.474
1791073015.039644,69.64737049429873,0.23979307086969076,0.26319358826125255,0.27730366844881854,20.97,1027.463
1791073046.3790555,69.64737049429873,0.23689077174370568,0.2680599277302538,0.2712882553743309,20.95,1027.472
1791073077.7086208,69.64737049429873,0.23639744885244132,0.26594619465918945,0.2696134966612802,20.94,1027.466
1791073109.06114,69.64737049429873,0.2384148859279733,0.26498692346240454,0.2754450829200207,20.95,1027.469
1791073140.4025884,69.64737049429873,0.23350061879788472,0.2654656924721462,0.2697192362893966,20.97,1027.474
1791073171.7499368,69.64737049429873,0.23433761974662867,0.2659033348733117,0.2697706599101229,20.98,1027.48
1791073203.0816398,69.64737049429873,0.23262724869615956,0.26781765769638705,0.2739870380698141,20.98,1027.477
1791073234.4290032,69.64737049429873,0.23433761974662867,0.26658118964922545,0.2708866611751149,20.98,1027.482
1791073265.7754748,69.64737049429873,0.23485622942850615,0.2649474693151851,0.27451366528633875,20.98,1027.481
1791073297.0969744,69.64737049429873,0.23262724869615956,0.26630231535495563,0.2672970768037432,21.03,1027.469
1791073328.4445724,69.64737049429873,0.23266361784914075,0.2640309676177779,0.2686908187341746,21.01,1027.464
1791073359.786962,69.64737049429873,0.23392345442053478,0.2701019485764839,0.2726838876352065,21.01,1027.466
1791073391.1414676,69.64737049429873,0.23598682768315665,0.2735814443744137,0.27218265014207993,21.0,1027.468
1791073422.484012,69.64737049429873,0.23510810886996533,0.26510805745970434,0.2754149592074119,21.0,1027.463
1791073453.823519,69.64737049429873,0.23374977057539748,0.26530889677455655,0.27376880852105046,21.0,1027.451
1791073485.1639242,69.64737049429873,0.23615949878211798,0.26538743652619934,0.26758525933025484,21.03,1027.445
1791073516.4614987,69.64737049429873,0.23353822294576523,0.2721256347308562,0.26901936439063484,21.04,1027.444
1791073547.807055,69.64737049429873,0.23800828800968582,0.26395209617070764,0.2740795198960821,21.04,1027.423
1791073579.156496,69.64737049429873,0.23343259265673033,0.264310094069953,0.2699276811804634,21.01,1027.427
1791073610.4979625,69.64737049429873,0.23496226401773354,0.26785457357591574,0.2716009269460823,21.04,1027.417
1791073641.8523848,69.64737049429873,0.23429898424541953,0.26347271471342765,0.2686908187341746,21.04,1027.403
1791073673.1879754,69.64737049429873,0.23427035076334785,0.26554665341040123,0.26765961149605444,21.05,1027.398
1791073704.5345223,69.64737049429873,0.2355197607899061,0.2649079438836065,0.2693343702091051,21.03,1027.402
1791073735.883993,69.64737049429873,0.23451064580819575,0.27339766402134674,0.2728396633888508,21.04,1027.377
1791073767.2263687,69.64737049429873,0.23532098214652428,0.26718461429908524,0.2768707844178332,21.03,1027.377
1791073798.5710504,69.64737049429873,0.23536113015469468,0.26934940011626135,0.2699796697510643,21.03,1027.369
1791073829.9173453,69.64737049429873,0.2338938780274587,0.26538993819773954,0.2699094253307802,21.01,1027.374
1791073861.2530303,69.64737049429873,0.23428032019787676,0.263868821686855,0.27183607526077425,21.03,1027.383
1791073892.6076071,69.64737049429873,0.2323184523960836,0.26378730648552945,0.2695071818147241,20.98,1027.389
1791073923.9378242,69.64737049429873,0.23589582257722577,0.26503037631355386,0.269400287043186,21.01,1027.355
1791073955.2884355,69.64737049429873,0.23386416712910518,0.2631891227565534,0.26671503626947,20.95,1027.382
1791073986.6278987,69.64737049429873,0.23361373836709048,0.26478953835724006,0.26807091659237786,20.97,1027.367
1791074017.9494443,69.64737049429873,0.23540138751318712,0.2681926064860155,0.26831440691126696,20.98,1027.364
1791074049.301916,69.64737049429873,0.23837611259334973,0.26607125400890835,0.2739222891671634,20.97,1027.372
1791074080.6519165,69.64737049429873,0.23508124448535017,0.26374914797107224,0.26875314014367074,20.97,1027.361
1791074111.9927742,69.64737049429873,0.2329477611725326,0.27398535252423617,0.2735814443744137,21.0,1027.366
1791074143.342349,69.64737049429873,0.2349475074886831,0.26470924066795953,0.2742652381935806,21.01,1027.367
1791074174.683835,69.64737049429873,0.23403850952994962,0.26643425961015066,0.2690334069724983,21.0,1027.364
1791074206.0213313,69.64737049429873,0.2330218371511471,0.2643486045412951,0.27008435618130233,21.0,1027.361
1791074237.3669372,69.64737049429873,0.23449321501508916,0.26651100551304996,0.2682409081319955,21.01,1027.363
1791074268.7204106,69.64737049429873,0.23529457632929965,0.26454913771125677,0.26934940011626135,21.04,1027.359
1791074300.046964,69.64737049429873,0.2342126935026618,0.26643425961015066,0.27373445275245395,21.03,1027.356
1791074331.389371,69.64737049429873,0.2348408538555319,0.27547954403553293,0.2769778107960224,21.01,1027.36
1791074362.741759,69.64737049429873,0.2349475074886831,0.2638281011065498,0.2735176762337398,21.03,1027.378
1791074394.0613186,69.64737049429873,0.23343951971139398,0.265631102894522,0.2678752749939406,21.01,1027.369
1791074425.417835,69.64737049429873,0.23425147489767426,0.26490990259706076,0.26968093607106886,21.0,1027.373
1791074456.7692094,69.64737049429873,0.2355488270850213,0.26655548169062426,0.2695228028626636,21.05,1027.367
1791074488.1208396,69.64737049429873,0.23628370175301225,0.2654712006528264,0.2693645257595765,21.04,1027.361
1791074519.4683483,69.64737049429873,0.24005695055555887,0.26871683953122255,0.2734536760931346,21.05,1027.362
1791074550.7967675,69.64737049429873,0.23509418811835994,0.2675199109406966,0.26968093607106886,21.05,1027.364
1791074582.1253486,69.64737049429873,0.23467857049114832,0.26655548169062426,0.2721403018451072,21.05,1027.365
1791074613.4518478,69.64737049429873,0.23576326434379935,0.26462934644002634,0.27273537864231906,21.07,1027.377
1791074644.7903888,69.64737049429873,0.23362134744446236,0.26511129556761726,0.26913406471883317,21.01,1027.378
1791074676.1446335,69.64737049429873,0.23552282017645296,0.2661147495868516,0.27142042424788154,21.0,1027.379
1791074707.4913502,69.64737049429873,0.23558946920215953,0.2647901426003458,0.2732649428495056,21.0,1027.377
1791074738.8468869,69.64737049429873,0.23580423673822112,0.2683262524193736,0.2690113910268688,21.0,1027.368
1791074770.1774042,69.64737049429873,0.23573772286317982,0.26547398111730264,0.272106973206319,21.03,1027.374
1791074801.5227854,69.64737049429873,0.2343293561622903,0.2653529757238822,0.26997869939610947,21.03,1027.377
1791074832.868224,69.64737049429873,0.23545604952300192,0.26587677026221535,0.26985564071217344,21.03,1027.366
1791074864.211711,69.64737049429873,0.23654066909015578,0.2652716527745446,0.26966154996187636,21.01,1027.364
1791074895.5574095,69.64737049429873,0.23467857049114832,0.26462934644002634,0.27033023364838665,21.01,1027.35
1791074926.8836744,69.64737049429873,0.23435810298995433,0.2643478015476009,0.26760430821802783,21.01,1027.336
1791074958.2363017,69.64737049429873,0.234785587842931,0.2676889366255746,0.27038354370506185,21.04,1027.324
1791074989.5738661,69.64737049429873,0.2359530180837853,0.26491089133245177,0.26881614424631844,21.04,1027.313
1791075020.9212286,69.64737049429873,0.23608565329998935,0.26410692719868095,0.26857097493398235,21.04,1027.289
1791075052.2696798,69.64737049429873,0.2354155156979711,0.2652716527745446,0.2690113910268688,21.03,1027.292
1791075083.6103263,69.64737049429873,0.23470649710706323,0.27229745954376966,0.2725784918145387,21.04,1027.28
1791075114.9517863,69.64737049429873,0.23660636115610637,0.26470958823300655,0.27410842360280435,21.0,1027.269
1791075146.3062708,69.64737049429873,0.2407122762562643,0.2642273094768094,0.2686440400237726,21.01,1027.256
1791075177.6548526,69.64737049429873,0.23577875384292296,0.26740713472038863,0.2694156096112586,21.0,1027.243
1791075208.9902134,69.64737049429873,0.23352227874202963,0.2694156096112586,0.26997869939610947,21.04,1027.228
1791075240.3256302,69.64737049429873,0.23608565329998935,0.2666001606870043,0.2687299744651006,21.03,1027.226
1791075271.683239,69.64737049429873,0.2407458380731594,0.26571632328927286,0.27320027710684086,21.03,1027.22
1791075303.0210207,69.64737049429873,0.2355635194343747,0.2626944076177719,0.26966154996187636,21.01,1027.2
1791075334.3242738,69.64737049429873,0.2372974601361417,0.263420573828866,0.268497642805876,21.01,1027.19
1791075365.6709049,69.64737049429873,0.2360193962033577,0.26470993802003,0.26978468859701443,21.07,1027.183
1791075397.0183322,69.64737049429873,0.2333468238612214,0.26483087076692435,0.2686569662465734,21.03,1027.171
1791075428.367817,69.64737049429873,0.2339795039705136,0.2634996539269129,0.26862036203015227,21.04,1027.179
1791075459.7051826,69.64737049429873,0.23451495017870608,0.26458908026921685,0.26854695246622157,21.07,1027.157
1791075491.0547957,69.64737049429873,0.23486511256660766,0.2655950969220375,0.27011949677252134,21.04,1027.154
1791075522.3931549,69.64737049429873,0.23274106049182774,0.2675947534815133,0.2674447953642806,21.05,1027.151
1791075553.7396665,69.64737049429873,0.23378779899431096,0.2737979430625674,0.2739538494601098,21.07,1027.143
1791075585.0833907,69.64737049429873,0.23536113015469468,0.2641489613472232,0.27491901037787775,21.1,1027.135
1791075616.4118276,69.64737049429873,0.23480135881600567,0.26687444579224057,0.2686675248066906,21.1,1027.125
1791075647.7623215,69.64737049429873,0.23587062945325915,0.2655950969220375,0.2766971617681396,21.1,1027.127
1791075679.105148,69.64737049429873,0.23521463506769963,0.26337916400670924,0.2701018703648839,21.07,1027.115
1791075710.4482794,69.64737049429873,0.23508010171194124,0.2656377027346381,0.2671714583579147,21.08,1027.118
1791075741.7788622,69.64737049429873,0.23419338877727577,0.26571632328927286,0.270719414872478,21.08,1027.107
1791075773.1204622,69.64737049429873,0.23475776538797866,0.26567704892975935,0.27360677663447985,21.08,1027.091
1791075804.4717731,69.64737049429873,0.23525500445766806,0.26547677938976,0.27793257610675004,21.08,1027.083
1791075835.8023372,69.64737049429873,0.23469011146828314,0.26575922588445244,0.26789624146256696,21.11,1027.068
1791075867.1589732,69.64737049429873,0.23479752594532363,0.26378210042160527,0.2698369210059038,21.08,1027.063
1791075898.4922502,69.64737049429873,0.23430047788462546,0.26519433289506755,0.2688661373260694,21.08,1027.042
1791075929.8276944,69.64737049429873,0.23338464711223575,0.2651544905830747,0.26898919370605107,21.11,1027.036
1791075961.180235,69.64737049429873,0.234086397517253,0.2655950969220375,0.2712154873635558,21.11,1027.035
1791075992.5217009,69.64737049429873,0.23309631848837845,0.26543186406304337,0.2692568503443502,21.13,1027.022
1791076023.8722901,69.64737049429873,0.23438671926309346,0.2663077143662781,0.2673981949113099,21.08,1027.02
1791076055.2126899,69.64737049429873,0.23798798810320274,0.26655548169062426,0.2692630521610742,21.11,1027.016
1791076086.5573204,69.64737049429873,0.23506713273535645,0.26446840356132584,0.2680819754822346,21.11,1027.028
1791076117.890694,69.64737049429873,0.23482529573334432,0.26567704892975935,0.2689751770041723,21.1,1027.023
1791076149.2363608,69.64737049429873,0.23606081323053463,0.2645084333706737,0.2687797021934876,21.1,1027.002
1791076180.5737798,69.64737049429873,0.23415450990844489,0.26555572978286074,0.26862036203015227,21.08,1027.012
1791076211.9242656,69.64737049429873,0.2349725579629756,0.2657984789766378,0.27103617729438095,21.08,1027.004
1791076243.2527318,69.64737049429873,0.23422249805808015,0.26997869939610947,0.274013647411168,21.1,1027.005
1791076274.5923395,69.64737049429873,0.23418366794666157,0.26487091757371495,0.2712627235210144,21.08,1026.992
1791076305.9267688,69.64737049429873,0.23708074043422628,0.26724731330852225,0.2692568503443502,21.07,1026.996
1791076337.2572644,69.64737049429873,0.23621040477841157,0.2661634360398752,0.27257099830507253,21.07,1026.989
1791076368.6018827,69.64737049429873,0.23938219002246536,0.2665232270925943,0.27056081629422407,21.11,1026.979
1791076399.9441833,69.64737049429873,0.23558946920215953,0.26490990259706076,0.27219776710855,21.13,1026.981
1791076431.2827957,69.64737049429873,0.23532098214652428,0.2649485699375021,0.27320518373005975,21.1,1026.972
1791076462.635474,69.64737049429873,0.24140917703073703,0.26462916128747754,0.27066121285342365,21.1,1026.975
1791076493.9858024,69.64737049429873,0.2349872737663826,0.2633044268791616,0.26894741047603504,21.08,1026.973
1791076525.3122828,69.64737049429873,0.2373845341342943,0.2663186157945789,0.2684852185808124,21.07,1026.972
1791076556.6577609,69.64737049429873,0.2364089251499326,0.2649918686076403,0.269820197024706,21.1,1026.958
1791076588.0024,69.64737049429873,0.23387270800325893,0.265071559162114,0.27341756322112687,21.1,1026.945
1791076619.3466747,69.64737049429873,0.2348927028426461,0.2699959233048392,0.27113913589983535,21.11,1026.943
1791076650.6902099,69.64737049429873,0.23638479043643784,0.2653949895421477,0.2702783697995316,21.13,1026.943
1791076682.0226457,69.64737049429873,0.23525500445766806,0.26499312471619496,0.26987246284950467,21.13,1026.924
1791076713.3502343,69.64737049429873,0.23327787899482091,0.26329611672146014,0.26810430603987534,21.11,1026.92
1791076744.732723,69.64737049429873,0.23327787899482091,0.26571990089693254,0.2679815421523638,21.1,1026.908
1791076776.0912445,69.64737049429873,0.23486511256660766,0.26406454691629777,0.27040207253913895,21.07,1026.899
1791076807.4317753,69.64737049429873,0.23331564214781253,0.2638641462571993,0.2679815421523638,21.07,1026.895
1791076838.774237,69.64737049429873,0.2341740176878269,0.26562783436096554,0.2685821420250748,21.04,1026.883
1791076870.1256225,69.64737049429873,0.2340969810787553,0.2649881480059896,0.2694206586606685,21.04,1026.874
1791076901.453351,69.64737049429873,0.2340969810787553,0.2665492740436668,0.2708524547523121,21.08,1026.856
1791076932.7828085,69.64737049429873,0.2328469528631982,0.26394589291504117,0.2690334069724983,21.05,1026.852
1791076964.1163366,69.64737049429873,0.2328517816200726,0.2643875374498806,0.267885724779796,21.04,1026.85
1791076995.4557412,69.64737049429873,0.23430047788462546,0.2649118864003751,0.27018999913154595,21.03,1026.837
1791077026.801199,69.64737049429873,0.23571206458958097,0.26406454691629777,0.26955434523928623,21.05,1026.831
1791077058.145594,69.64737049429873,0.2346223336347526,0.2703669833661883,0.2733852812411486,21.08,1026.828
1791077089.4882197,69.64737049429873,0.23349151300703697,0.2649118864003751,0.27234682602671223,21.08,1026.834
1791077120.771664,69.64737049429873,0.2320779872223924,0.2661244633793514,0.26951847936882095,21.1,1026.828
1791077152.1113777,69.64737049429873,0.23246713815044515,0.2631755544845723,0.26766125386990214,21.11,1026.833
1791077183.4627523,69.64737049429873,0.23310207134561817,0.26265231444283554,0.2715323756056093,21.1,1026.829
1791077214.800051,69.64737049429873,0.23235764278104498,0.2640273420285673,0.2663628555873407,21.08,1026.826
1791077246.1525972,69.64737049429873,0.23235461536265264,0.26230700308063604,0.26843631801879525,21.08,1026.827
1791077277.47606,69.64737049429873,0.23347721147418396,0.26671503626947,0.2662307386842223,21.08,1026.825
1791077308.8275914,69.64737049429873,0.2322155461889644,0.263420573828866,0.26968093607106886,21.1,1026.832
1791077340.1720643,69.64737049429873,0.23288889117966993,0.26620233741662036,0.26704928943959366,21.05,1026.836
1791077371.5166595,69.64737049429873,0.2323972285017197,0.2641037609602763,0.27184868423644243,21.07,1026.835
1791077402.8570569,69.64737049429873,0.23370553866655333,0.2653975395230122,0.2668123609898184,21.07,1026.834
1791077434.2045684,69.64737049429873,0.23105296482149948,0.263982718056206,0.26851014674998586,21.04,1026.841
1791077465.536279,69.64737049429873,0.23596925301344324,0.2634167894694835,0.26851014674998586,21.08,1026.85
1791077496.8747928,69.64737049429873,0.23236069237932133,0.267133426681577,0.26838714070566444,21.1,1026.851
1791077528.2321234,69.64737049429873,0.2349725579629756,0.26265231444283554,0.26725580204250793,21.07,1026.865
1791077559.5857477,69.64737049429873,0.23288889117966993,0.26337916400670924,0.26971347681014674,21.1,1026.864
1791077590.9142566,69.64737049429873,0.23225434404576542,0.2667285875731104,0.2667669720986025,21.1,1026.868
1791077622.2436914,69.64737049429873,0.233727785609694,0.2641880463355958,0.2687797021934876,21.08,1026.872
1791077653.5903559,69.64737049429873,0.23463913526072333,0.26338693079510345,0.2702422341268345,21.1,1026.878
1791077684.9366174,69.64737049429873,0.2356816543420147,0.26450901684481276,0.2723636191927778,21.11,1026.873
1791077716.279193,69.64737049429873,0.23628370175301225,0.265071559162114,0.26899736104364996,21.11,1026.883
1791077747.613649,69.64737049429873,0.2328517816200726,0.26196757730175374,0.2690113910268688,21.1,1026.876
1791077778.9522557,69.64737049429873,0.23338464711223575,0.26418540567355214,0.2659200200756292,21.13,1026.883
1791077810.2956698,69.64737049429873,0.23359847681360166,0.2634167894694835,0.27407555750516754,21.11,1026.883
1791077841.6483674,69.64737049429873,0.23405692332089476,0.2634996539269129,0.2678214713740862,21.11,1026.883
1791077872.9825737,69.64737049429873,0.2344755770826272,0.26378210042160527,0.2691485838207618,21.13,1026.886
1791077904.3182585,69.64737049429873,0.23482529573334432,0.2705069556774342,0.2699433518670623,21.11,1026.883
1791077935.6522048,69.64737049429873,0.23545604952300192,0.26414607684480956,0.27219776710855,21.13,1026.871
1791077966.992086,69.64737049429873,0.23419338877727577,0.2638641462571993,0.268497642805876,21.11,1026.863
1791077998.339755,69.64737049429873,0.2334156427952931,0.2637026332164777,0.2669272321980436,21.14,1026.867
1791078029.6701725,69.64737049429873,0.23267610057919466,0.26254536625782143,0.2675292438961325,21.08,1026.859
1791078061.0147154,69.64737049429873,0.23322777377979206,0.26538743652619934,0.2675947534815133,21.11,1026.874
1791078092.359171,69.64737049429873,0.23424158747731666,0.2639886040536016,0.2744517584742308,21.13,1026.873
1791078123.7017176,69.64737049429873,0.2331533399545245,0.2651886789804111,0.26947161489421884,21.14,1026.882
1791078155.0462563,69.64737049429873,0.23330261381046644,0.26370549431211926,0.26978706748406855,21.14,1026.893
1791078186.3977194,69.64737049429873,0.23302730228770102,0.26475007690150376,0.2693286993341112,21.11,1026.893
1791078217.741244,69.64737049429873,0.2325698510324624,0.2679707385307606,0.27432697046755244,21.08,1026.893
1791078249.0826726,69.64737049429873,0.23482529573334432,0.2640255118581571,0.27655102269966025,21.08,1026.884
1791078280.4302526,69.64737049429873,0.23263931612122288,0.26976816910684864,0.26836300775300365,21.08,1026.893
1791078311.7745793,69.64737049429873,0.23337786338080388,0.2650317502416817,0.26920610456531063,21.11,1026.882
1791078343.1191332,69.64737049429873,0.23422249805808015,0.2641880463355958,0.26772634025670605,21.1,1026.873
1791078374.461744,69.64737049429873,0.23344649726164785,0.26285645505364275,0.2682409081319955,21.1,1026.877
1791078405.8091636,69.64737049429873,0.23404768282211239,0.2630968466657182,0.26777379711409793,21.1,1026.874
1791078437.1545813,69.64737049429873,0.2342323744120885,0.2655950969220375,0.2668890118632222,21.11,1026.875
1791078468.4862413,69.64737049429873,0.2329108741599878,0.2624748736861371,0.2719830009439738,21.1,1026.866
1791078499.8136892,69.64737049429873,0.233991098061142,0.2642699202602192,0.2669429169214304,21.1,1026.86
1791078531.1541975,69.64737049429873,0.23430903485233726,0.264509305807086,0.2684606062576448,21.08,1026.866
1791078562.4986997,69.64737049429873,0.23340193046928315,0.26570923622188847,0.26878937490174243,21.11,1026.862
1791078593.8422365,69.64737049429873,0.23473429700856327,0.265109671368912,0.271589500974337,21.1,1026.858
1791078625.1927297,69.64737049429873,0.23445415734819508,0.2669958129287894,0.27519927720670534,21.11,1026.862
1791078656.530092,69.64737049429873,0.2330590269422632,0.2655133689389118,0.26924202620334425,21.1,1026.855
1791078687.8716354,69.64737049429873,0.2331278572700934,0.2640273420285673,0.26836300775300365,21.11,1026.874
1791078719.2301722,69.64737049429873,0.2345323793045695,0.2629037244009864,0.2682409081319955,21.11,1026.87
1791078750.5727606,69.64737049429873,0.23225168381110217,0.265794657286958,0.2675199109406966,21.13,1026.863
1791078781.9190726,69.64737049429873,0.23946265204120776,0.265794657286958,0.2691701174635121,21.14,1026.876
1791078813.2496786,69.64737049429873,0.2371032457862481,0.2653529757238822,0.27113913589983535,21.13,1026.871
1791078844.575251,69.64737049429873,0.2345040429505056,0.26475007690150376,0.26772634025670605,21.13,1026.88
1791078875.924688,69.64737049429873,0.23471811371881682,0.2667600585327232,0.2678484836434607,21.14,1026.874
1791078907.220317,69.64737049429873,0.2349872737663826,0.2675947534815133,0.2695742241504052,21.14,1026.887
1791078938.5487099,69.64737049429873,0.2356004876917222,0.26502765453390714,0.27476347150554786,21.17,1026.875
1791078969.8901446,69.64737049429873,0.23388531078286526,0.26614365579889915,0.26853330970911427,21.15,1026.874
1791079001.2416658,69.64737049429873,0.23454960346555367,0.2643494024410108,0.27228166275635485,21.14,1026.878
1791079032.5832329,69.64737049429873,0.23354553692470897,0.26410692719868095,0.26714699090567834,21.08,1026.871
1791079063.9306612,69.64737049429873,0.2333468238612214,0.2652737991952505,0.26885251982640773,21.1,1026.869
1791079095.267107,69.64737049429873,0.23404768282211239,0.2650317502416817,0.2683750356589632,21.13,1026.854
1791079126.6046412,69.64737049429873,0.23528171752918875,0.26491089133245177,0.2686935036639944,21.1,1026.864
1791079157.9531288,69.64737049429873,0.23714608956406932,0.2642273094768094,0.2701018703648839,21.08,1026.85
1791079189.2915387,69.64737049429873,0.23383432080584374,0.2661147495868516,0.2683262524193736,21.08,1026.851
1791079220.6403058,69.64737049429873,0.2345323793045695,0.2614992023665103,0.27523306460720276,21.1,1026.855
1791079251.9615197,69.64737049429873,0.23295294163610933,0.265071559162114,0.2675199109406966,21.05,1026.854
1791079283.3199992,69.64737049429873,0.2331278572700934,0.26458915084235773,0.26857097493398235,21.05,1026.849
1791079314.6626174,69.64737049429873,0.23783653205330543,0.2643501952950669,0.26855833995953754,21.08,1026.862
1791079345.9840074,69.64737049429873,0.23311627433684662,0.26395209617070764,0.2703286605426189,21.14,1026.86
1791079377.3246355,69.64737049429873,0.2339528972196561,0.26462906958933674,0.26856956300524826,21.14,1026.858
1791079408.669162,69.64737049429873,0.23517462069537265,0.26399054119372417,0.26853330970911427,21.14,1026.847
1791079440.0216265,69.64737049429873,0.2363735177943354,0.26374914797107224,0.2677806750280479,21.15,1026.862
1791079471.3670156,69.64737049429873,0.2389363919140861,0.2676320728283603,0.26707153917070514,21.15,1026.853
1791079502.7165036,69.64737049429873,0.23354553692470897,0.2641880463355958,0.279249777310265,21.1,1026.861
1791079534.0410647,69.64737049429873,0.23340876167698862,0.26342807039594646,0.26727658958810874,21.13,1026.857
1791079565.3905497,69.64737049429873,0.23322777377979206,0.2639886040536016,0.268351056252746,21.14,1026.843
1791079596.7170353,69.64737049429873,0.23798798810320274,0.2651905516249436,0.26807091659237786,21.13,1026.84
1791079628.0666652,69.64737049429873,0.23431915855783245,0.26378730648552945,0.2678752749939406,21.15,1026.846
1791079659.407132,69.64737049429873,0.23168799989081593,0.26338693079510345,0.2678752749939406,21.11,1026.824
1791079690.737661,69.64737049429873,0.23386416712910518,0.26258085330772085,0.2671928304600876,21.11,1026.826
1791079722.0850918,69.64737049429873,0.2348408538555319,0.2636704093916763,0.2670794173253144,21.1,1026.826
1791079753.426621,69.64737049429873,0.23437636014525032,0.2643501952950669,0.26674636291484516,21.08,1026.787
1791079784.7751617,69.64737049429873,0.23343259265673033,0.26458922052212813,0.26725965706389104,21.1,1026.794
1791079816.1217108,69.64737049429873,0.23343259265673033,0.2644296426015779,0.26793873794822953,21.1,1026.791
1791079847.4561236,69.64737049429873,0.23242070667978507,0.26422967366861605,0.2683391804324596,21.11,1026.788
1791079878.8065915,69.64737049429873,0.2341740176878269,0.26454913771125677,0.2682660262915454,21.13,1026.781
1791079910.1360643,69.64737049429873,0.2349475074886831,0.2681557965063679,0.26943598336244623,21.14,1026.786
1791079941.4826636,69.64737049429873,0.2328100859405252,0.2643082464354625,0.2737662267549144,21.13,1026.791
1791079972.812025,69.64737049429873,0.23516110564148093,0.26498938032832775,0.2673981949113099,21.14,1026.783
1791080004.1406558,69.64737049429873,0.24151861488027376,0.26807091659237786,0.2738296018324125,21.13,1026.78
1791080035.4861717,69.64737049429873,0.23466711337588828,0.2640679555134123,0.2719928718375325,21.15,1026.772
1791080066.8315246,69.64737049429873,0.23368966608388383,0.2652300716705239,0.26843631801879525,21.14,1026.788
1791080098.1771543,69.64737049429873,0.23463913526072333,0.26478953835724006,0.2675947534815133,21.14,1026.79
1791080129.5025191,69.64737049429873,0.23347721147418396,0.26266471037399813,0.2679970419037719,21.17,1026.771
1791080160.8289988,69.64737049429873,0.23168799989081593,0.2614992023665103,0.26659379676435774,21.2,1026.769
1791080192.1647007,69.64737049429873,0.23424158747731666,0.26319358826125255,0.2674357438480062,21.2,1026.762
1791080223.5151477,69.64737049429873,0.2318266169003968,0.2643501952950669,0.26893365896137894,21.18,1026.76
1791080254.8525712,69.64737049429873,0.23350061879788472,0.26462906958933674,0.2729952984174314,21.17,1026.74
1791080286.204036,69.64737049429873,0.23137317271328922,0.26319358826125255,0.26837565832888305,21.14,1026.737
1791080317.5405595,69.64737049429873,0.23276880497416477,0.2669429169214304,0.2698926231134553,21.14,1026.723
1791080348.8730867,69.64737049429873,0.23521449734473543,0.2637898847480773,0.2742034871787821,21.14,1026.707
1791080380.2154987,69.64737049429873,0.23308493778494105,0.2639500415301462,0.26910530283094564,21.13,1026.706
1791080411.5632846,69.64737049429873,0.23329617048320112,0.26354770699375496,0.2666256032086895,21.11,1026.709
1791080442.8925886,69.64737049429873,0.2338259310375038,0.26639578185762064,0.2681926064860155,21.11,1026.692
1791080474.239105,69.64737049429873,0.2328100859405252,0.2641880463355958,0.2714543627314627,21.1,1026.698
1791080505.565712,69.64737049429873,0.23326514281191416,0.2663131477364749,0.26868047288470553,21.1,1026.705
1791080536.9040322,69.64737049429873,0.23662987216545203,0.2632673128809601,0.27180257616792314,21.11,1026.687
1791080568.2596247,69.64737049429873,0.2349475074886831,0.2663900786301687,0.26850936229448297,21.11,1026.69
1791080599.6045477,69.64737049429873,0.23585485565003603,0.263868821686855,0.26919147523385056,21.15,1026.678
1791080630.9525843,69.64737049429873,0.2356816543420147,0.26470924066795953,0.26807091659237786,21.13,1026.676
1791080662.2969387,69.64737049429873,0.23354553692470897,0.2635101259016105,0.26947161489421884,21.13,1026.665
1791080693.6276398,69.64737049429873,0.232315581847907,0.2651474734264783,0.26718461429908524,21.13,1026.672
1791080724.9260783,69.64737049429873,0.23280543223974318,0.26355104221151254,0.2677806750280479,21.14,1026.669
1791080756.280556,69.64737049429873,0.23196691560414945,0.2652674007081954,0.2666256032086895,21.14,1026.659
1791080787.622206,69.64737049429873,0.23248967852198968,0.264310094069953,0.2683391804324596,21.17,1026.664
1791080818.9685965,69.64737049429873,0.23214132761329004,0.26327153666631464,0.2683391804324596,21.18,1026.655
1791080850.3010383,69.64737049429873,0.23364394887533688,0.26650495279217956,0.26886164757027275,21.17,1026.643
1791080881.6455874,69.64737049429873,0.23437636014525032,0.2628315129762666,0.27181315505558523,21.2,1026.646
1791080912.9750252,69.64737049429873,0.2330164116367344,0.2639500415301462,0.2659074664994355,21.2,1026.642
1791080944.3186264,69.64737049429873,0.23284215913059414,0.26482940454008436,0.2682660262915454,21.17,1026.64
1791080975.6630712,69.64737049429873,0.23315925288256636,0.26703371045665864,0.26663204223449805,21.17,1026.63
1791081006.9865928,69.64737049429873,0.23224904291567056,0.2617038017205395,0.2678752749939406,21.15,1026.62
1791081038.338094,69.64737049429873,0.23112695686596124,0.2631891227565534,0.266472667431804,21.18,1026.627
1791081069.684494,69.64737049429873,0.23710535623703624,0.26267084936221025,0.26614855378259006,21.18,1026.627
1791081101.0120027,69.64737049429873,0.23319050629845767,0.2638711371971662,0.2674267497521451,21.17,1026.62
1791081132.3545914,69.64737049429873,0.23287408725231865,0.26335365263641924,0.26722216962363626,21.2,1026.626
1791081163.7030969,69.64737049429873,0.2349351182782404,0.26458922052212813,0.26793873794822953,21.21,1026.626
1791081195.045579,69.64737049429873,0.2340969810787553,0.26411005330190834,0.2680599277302538,21.2,1026.63
1791081226.3780005,69.64737049429873,0.23549387641123048,0.26371116212722917,0.2669051087538874,21.2,1026.629
1791081257.7225108,69.64737049429873,0.23486829912927706,0.2636704093916763,0.2678648914687247,21.2,1026.634
1791081289.054176,69.64737049429873,0.23319050629845767,0.26854578513801214,0.2684241557456645,21.2,1026.643
1791081320.392472,69.64737049429873,0.23312204479993864,0.263909468427834,0.2674267497521451,21.23,1026.648
1791081351.7260804,69.64737049429873,0.23486829912927706,0.26271252557591884,0.2738612032208804,21.23,1026.65
1791081383.0675857,69.64737049429873,0.2326312420215179,0.2692272961453796,0.26970016420586646,21.2,1026.648
1791081414.399941,69.64737049429873,0.23602789985238656,0.2641489613472232,0.2682293496872235,21.2,1026.671
1791081445.7444656,69.64737049429873,0.2338259310375038,0.2631478035671188,0.26831440691126696,21.18,1026.665
1791081477.092125,69.64737049429873,0.23277331938598592,0.26863119591311424,0.268351056252746,21.2,1026.668
1791081508.4365575,69.64737049429873,0.23368181613862765,0.262230154411767,0.27423398912047803,21.2,1026.672
1791081539.7710774,69.64737049429873,0.23448246551093058,0.26411005330190834,0.2681077534680016,21.2,1026.665
1791081571.1056235,69.64737049429873,0.2326312420215179,0.2639500415301462,0.2678648914687247,21.18,1026.66
1791081602.4538968,69.64737049429873,0.23368181613862765,0.26383054775671044,0.26854578513801214,21.21,1026.662
1791081633.7964761,69.64737049429873,0.232351609883048,0.26411005330190834,0.26758525933025484,21.2,1026.659
1791081665.1419637,69.64737049429873,0.23486829912927706,0.26287302492774406,0.26814452360719465,21.21,1026.66
1791081696.480518,69.64737049429873,0.23353822294576523,0.26411005330190834,0.2694206586606685,21.18,1026.662
1791081727.821055,69.64737049429873,0.23717015081020068,0.26482867839320934,0.2702591752962622,21.17,1026.656
1791081759.14945,69.64737049429873,0.23252592669454525,0.26355104221151254,0.26818122719114973,21.15,1026.651
1791081790.476025,69.64737049429873,0.23381760201226026,0.26510805745970434,0.2673430899916647,21.14,1026.641
1791081821.8075385,69.64737049429873,0.2340969810787553,0.2634317830607341,0.26790184812465473,21.17,1026.646
1791081853.1520693,69.64737049429873,0.23353822294576523,0.26898342002260434,0.2683391804324596,21.14,1026.643
1791081884.4954562,69.64737049429873,0.23448246551093058,0.2650685700840258,0.2727421678350134,21.14,1026.649
1791081915.847031,69.64737049429873,0.23308493778494105,0.26315240399423906,0.26814452360719465,21.15,1026.651
1791081947.1886168,69.64737049429873,0.23252592669454525,0.2641489613472232,0.26873998532413984,21.14,1026.654
1791081978.537076,69.64737049429873,0.23217713509733412,0.266472667431804,0.26807091659237786,21.17,1026.657
1791082009.8625047,69.64737049429873,0.23172261645321612,0.2692272961453796,0.2680340127984721,21.17,1026.664
1791082041.2079449,69.64737049429873,0.23329617048320112,0.264469239766523,0.2683876391373461,21.17,1026.67
1791082072.5475805,69.64737049429873,0.23297946481277512,0.26299203112111674,0.26702599505331504,21.17,1026.679
1791082103.8929374,69.64737049429873,0.23224642114934735,0.26131499784992934,0.2669051087538874,21.17,1026.684
1791082135.2434566,69.64737049429873,0.2364390043273159,0.26478893794555586,0.268023130934679,21.14,1026.699
1791082166.5731394,69.64737049429873,0.23280543223974318,0.2669051087538874,0.2687037878841344,21.17,1026.704
1791082197.9204311,69.64737049429873,0.23734213048761202,0.26271252557591884,0.26957812252362495,21.15,1026.713
1791082229.248071,69.64737049429873,0.23112839896855572,0.26199261656085693,0.26718461429908524,21.15,1026.721
1791082260.5886781,69.64737049429873,0.23329617048320112,0.26406964359454405,0.2664667307763752,21.18,1026.725
1791082291.9220984,69.64737049429873,0.23252592669454525,0.2631111451147365,0.2668672320592116,21.18,1026.722
1791082323.2575374,69.64737049429873,0.23266774856527314,0.26402916057833176,0.2673056271917849,21.17,1026.726
1791082354.6080353,69.64737049429873,0.23214356636073485,0.2640679555134123,0.2659504718553948,21.14,1026.717
1791082385.9405746,69.64737049429873,0.23186317224794004,0.263909468427834,0.26687444579224057,21.14,1026.721
1791082417.2871256,69.64737049429873,0.23189737625086737,0.26267084936221025,0.2681077534680016,21.18,1026.716
1791082448.6317115,69.64737049429873,0.23273665279026762,0.26215351448552304,0.26714699090567834,21.2,1026.715
1791082479.9700887,69.64737049429873,0.23297946481277512,0.26187400894032514,0.26718461429908524,21.18,1026.705
1791082511.2975478,69.64737049429873,0.23699801541771173,0.26203488772825895,0.26566681559269445,21.23,1026.701
1791082542.64958,69.64737049429873,0.23308493778494105,0.2625518808377967,0.26898342002260434,21.2,1026.697
1791082573.9934256,69.64737049429873,0.2329108741599878,0.26299203112111674,0.26522807548269994,21.15,1026.69
1791082605.3250318,69.64737049429873,0.2358799932369201,0.2687037878841344,0.2678648914687247,21.21,1026.687
1791082636.668613,69.64737049429873,0.23280543223974318,0.26299203112111674,0.27277472520304336,21.2,1026.683
1791082667.9949956,69.64737049429873,0.23140790451375362,0.2636704093916763,0.268023130934679,21.23,1026.679
1791082699.3434627,69.64737049429873,0.2316176174044006,0.26155181397634325,0.2673056271917849,21.2,1026.672
1791082730.6890693,69.64737049429873,0.23263526439053547,0.2627423623376236,0.2658686681132455,21.2,1026.659
1791082762.0094783,69.64737049429873,0.23228514404940775,0.2655950969220375,0.2682409081319955,21.21,1026.655
1791082793.3609319,69.64737049429873,0.232712986005436,0.26394589291504117,0.26950275800940415,21.2,1026.66
1791082824.6924837,69.64737049429873,0.23158277813514525,0.26402916057833176,0.27185914159400754,21.23,1026.654
1791082856.0399888,69.64737049429873,0.23210772335075425,0.2632303670551438,0.26779077693200964,21.21,1026.648
1791082887.3834538,69.64737049429873,0.23319050629845767,0.26478893794555586,0.2665874732127448,21.23,1026.65
1791082918.7089505,69.64737049429873,0.23196691560414945,0.26466906439230414,0.2669051087538874,21.2,1026.642
1791082950.0534663,69.64737049429873,0.23168741005895155,0.2636704093916763,0.2736132418386371,21.21,1026.638
1791082981.398075,69.64737049429873,0.23374977057539748,0.2612720551298765,0.26814452360719465,21.21,1026.634
1791083012.7484539,69.64737049429873,0.23347013843692757,0.2685821420250748,0.26758525933025484,21.2,1026.632
1791083044.091986,69.64737049429873,0.2316176174044006,0.2636704093916763,0.2674641198442832,21.18,1026.634
1791083075.3804054,69.64737049429873,0.2329108741599878,0.26618709863790535,0.2685821420250748,21.2,1026.624
1791083106.719004,69.64737049429873,0.2326312420215179,0.2641489613472232,0.26758525933025484,21.21,1026.624
1791083138.055525,69.64737049429873,0.23119738508077323,0.26282588777024884,0.26663204223449805,21.17,1026.62
1791083169.4079409,69.64737049429873,0.23235461536265264,0.2643082464354625,0.26843631801879525,21.17,1026.63
1791083200.73458,69.64737049429873,0.23235461536265264,0.2639072696762764,0.2676790993182051,21.17,1026.618
1791083232.0839593,69.64737049429873,0.232038185567256,0.2631891227565534,0.26796000372510037,21.15,1026.615
1791083263.4105422,69.64737049429873,0.23182771074349479,0.26546843782687785,0.2683876391373461,21.13,1026.608
1791083294.7439754,69.64737049429873,0.23151271346763833,0.26155181397634325,0.2703468388227576,21.15,1026.612
1791083326.0994663,69.64737049429873,0.23217713509733412,0.2621113316692768,0.266708325121279,21.15,1026.627
1791083357.4470928,69.64737049429873,0.23284215913059414,0.263909468427834,0.2665874732127448,21.14,1026.628
1791083388.7875283,69.64737049429873,0.23277331938598592,0.27162313244914643,0.2673893118654452,21.17,1026.626
1791083420.1359367,69.64737049429873,0.23452147314666116,0.2639500415301462,0.2740167985150624,21.14,1026.632
1791083451.489433,69.64737049429873,0.23252592669454525,0.26466906439230414,0.2669051087538874,21.15,1026.625
1791083482.8409264,69.64737049429873,0.23196691560414945,0.26422967366861605,0.27081818638665806,21.14,1026.63
1791083514.175428,69.64737049429873,0.23364394887533688,0.2628315129762666,0.26970016420586646,21.14,1026.623
1791083545.5129066,69.64737049429873,0.23273665279026762,0.2632673128809601,0.2674267497521451,21.15,1026.621
1791083576.858489,69.64737049429873,0.23277786669116357,0.2647495996542345,0.2682776909316547,21.15,1026.622
1791083608.1990917,69.64737049429873,0.23242723799700274,0.2620185328055217,0.2680819754822346,21.14,1026.623
1791083639.5517585,69.64737049429873,0.23459980758571528,0.2633085423661186,0.2680819754822346,21.17,1026.627
1791083670.8989553,69.64737049429873,0.23452147314666116,0.2636704093916763,0.2689113355734824,21.15,1026.626
1791083702.2475216,69.64737049429873,0.2329108741599878,0.26355104221151254,0.26702599505331504,21.13,1026.62
1791083733.5879836,69.64737049429873,0.23189737625086737,0.26682928665092626,0.2674641198442832,21.14,1026.619
1791083764.920502,69.64737049429873,0.23536113015469468,0.2659074664994355,0.2745451238629252,21.17,1026.625
1791083796.2590601,69.64737049429873,0.23179234560610823,0.2637898847480773,0.27078385590974613,21.17,1026.615
1791083827.602456,69.64737049429873,0.23084889342335785,0.26327153666631464,0.2686675248066906,21.17,1026.613
1791083858.9469986,69.64737049429873,0.2326312420215179,0.26339077725320637,0.26814452360719465,21.15,1026.618
1791083890.3025043,69.64737049429873,0.23245689394380087,0.26339077725320637,0.2693850616774124,21.18,1026.616
1791083921.663903,69.64737049429873,0.23374977057539748,0.2649089201339443,0.26702599505331504,21.15,1026.618
1791083953.0044093,69.64737049429873,0.23277331938598592,0.26274826304538224,0.26714699090567834,21.14,1026.608
1791083984.3408725,69.64737049429873,0.23266774856527314,0.26246133006685457,0.2679123396571879,21.14,1026.63
1791084015.6763952,69.64737049429873,0.23418366794666157,0.26547398111730264,0.2666385223310966,21.14,1026.621
1791084047.0120442,69.64737049429873,0.23158298831169816,0.26265853219304836,0.2675668103032828,21.11,1026.636
1791084078.3644361,69.64737049429873,0.23299007112053913,0.26370549431211926,0.2676889366255746,21.15,1026.646
1791084109.7149932,69.64737049429873,0.23172333523561733,0.26310640928267615,0.2659547763209161,21.13,1026.664
1791084141.0424736,69.64737049429873,0.23266774856527314,0.262230154411767,0.26703371045665864,21.13,1026.662
1791084172.3938925,69.64737049429873,0.2329477611725326,0.2641489613472232,0.2659892488291479,21.17,1026.674
1791084203.7374828,69.64737049429873,0.23200250212256063,0.263349697089145,0.26863119591311424,21.15,1026.688
1791084235.0939412,69.64737049429873,0.23189737625086737,0.2648691984001101,0.2671092992581857,21.15,1026.693
1791084266.434437,69.64737049429873,0.23396170180797216,0.2720261528388246,0.271589500974337,21.15,1026.681
1791084297.7858737,69.64737049429873,0.23305345904635413,0.263909468427834,0.27046945054529914,21.15,1026.686
1791084329.068533,69.64737049429873,0.2308123417634086,0.2666702182905369,0.26807091659237786,21.15,1026.704
1791084360.39389,69.64737049429873,0.2329477611725326,0.263909468427834,0.2675106372716415,21.18,1026.688
1791084391.7234142,69.64737049429873,0.23252592669454525,0.2615945033951272,0.26770650859861184,21.18,1026.687
1791084423.0560515,69.64737049429873,0.23063685142311804,0.2637847117627501,0.2677436253894811,21.18,1026.681
1791084454.388382,69.64737049429873,0.23232425649768773,0.26588497657572774,0.2682525404359465,21.18,1026.673
1791084485.7418306,69.64737049429873,0.23122878615848655,0.26369975376284477,0.2682760294713854,21.15,1026.675
1791084517.0884924,69.64737049429873,0.23299543250012847,0.2638641462571993,0.2737609993556579,21.15,1026.674
1791084548.4329696,69.64737049429873,0.23270865455877093,0.2718926654216334,0.2718926654216334,21.18,1026.679
1791084579.7774518,69.64737049429873,0.2328100859405252,0.2666702182905369,0.27133085660784295,21.17,1026.665
1791084611.1119776,69.64737049429873,0.23273665279026762,0.2643494024410108,0.2678278677986571,21.15,1026.679
1791084642.4675276,69.64737049429873,0.23214356636073485,0.26370549431211926,0.26614855378259006,21.21,1026.681
1791084673.814879,69.64737049429873,0.23067072119535567,0.262784163038999,0.26651709682311525,21.18,1026.677
1791084705.1565194,69.64737049429873,0.23309060745295251,0.27183607526077425,0.27015447428780864,21.2,1026.674
1791084736.504952,69.64737049429873,0.23235461536265264,0.26498938032832775,0.2756046538439323,21.21,1026.662
1791084767.8525436,69.64737049429873,0.23119738508077323,0.26338693079510345,0.2674357438480062,21.23,1026.669
1791084799.197927,69.64737049429873,0.23274106049182774,0.2633457163576377,0.26659379676435774,21.18,1026.653
1791084830.5423696,69.64737049429873,0.23186317224794004,0.26538993819773954,0.27036513284062164,21.2,1026.666
1791084861.8838205,69.64737049429873,0.23228238779190516,0.262230154411767,0.2659504718553948,21.17,1026.657
1791084893.2235367,69.64737049429873,0.23200250212256063,0.26430917318559116,0.2659892488291479,21.17,1026.655
1791084924.573961,69.64737049429873,0.23214356636073485,0.26189926552531656,0.26919147523385056,21.18,1026.665
1791084955.904321,69.64737049429873,0.23137150572376128,0.26313851444125436,0.26651709682311525,21.18,1026.64
1791084987.248942,69.64737049429873,0.23288889117966993,0.26531342358185955,0.2663628555873407,21.18,1026.64
1791085018.6005185,69.64737049429873,0.23246028383250836,0.2631478035671188,0.26857097493398235,21.18,1026.637
1791085049.9408724,69.64737049429873,0.2338938780274587,0.26346913536381283,0.26807091659237786,21.17,1026.628
1791085081.2906463,69.64737049429873,0.23273665279026762,0.2699445793703459,0.269822316438014,21.14,1026.625
1791085112.642933,69.64737049429873,0.23245689394380087,0.2699094253307802,0.2728982699611828,21.17,1026.609
1791085143.9923124,69.64737049429873,0.23445415734819508,0.26502901110521204,0.27367370979974165,21.14,1026.616
1791085175.328967,69.64737049429873,0.2329477611725326,0.26470924066795953,0.26614855378259006,21.14,1026.611
1791085206.6843877,69.64737049429873,0.2346278368160893,0.26474912543586754,0.2675106372716415,21.15,1026.62
1791085238.0260015,69.64737049429873,0.23147765190960082,0.2625872699094637,0.26906938750900183,21.14,1026.606
1791085269.37333,69.64737049429873,0.2323184523960836,0.26438888933213944,0.26915558924965144,21.18,1026.62
1791085300.7168264,69.64737049429873,0.23824824494819205,0.26342433406101967,0.266472667431804,21.17,1026.615
1791085332.060366,69.64737049429873,0.232394041191583,0.2623698679481431,0.2670794173253144,21.17,1026.616
1791085363.40592,69.64737049429873,0.23264339753625024,0.27080859372165283,0.26967777309393726,21.21,1026.627
1791085394.7504604,69.64737049429873,0.23398850295991455,0.2666450438926921,0.27018999913154595,21.21,1026.611
1791085426.096957,69.64737049429873,0.23038592939979965,0.2623769873006229,0.2678111744837427,21.23,1026.627
1791085457.4524145,69.64737049429873,0.2326026322175093,0.26386649142069957,0.26547398111730264,21.23,1026.625
1791085488.8048584,69.64737049429873,0.23133717719523095,0.26338693079510345,0.2670794173253144,21.23,1026.63
1791085520.1493034,69.64737049429873,0.23322777377979206,0.2631891227565534,0.2662307386842223,21.18,1026.624
1791085551.489839,69.64737049429873,0.231372621084145,0.26426887088242923,0.2701894379380397,21.2,1026.619
1791085582.8354552,69.64737049429873,0.23333359870672232,0.26358868202648683,0.26934940011626135,21.2,1026.615
1791085614.1868298,69.64737049429873,0.23368181613862765,0.2641489613472232,0.26947161489421884,21.18,1026.609
1791085645.5333297,69.64737049429873,0.23340193046928315,0.2638281011065498,0.2739538494601098,21.24,1026.601
1791085676.8607626,69.64737049429873,0.23714608956406932,0.2645488113793127,0.2678752749939406,21.21,1026.597
1791085708.206369,69.64737049429873,0.23306463555586998,0.26289284932764345,0.268497642805876,21.23,1026.603
1791085739.5550988,69.64737049429873,0.23190146881886686,0.2643469934109902,0.27222211950629743,21.21,1026.591
1791085770.8882215,69.64737049429873,0.23475776538797866,0.2644280074324198,0.2666450438926921,21.21,1026.583
1791085802.2417276,69.64737049429873,0.23214582143523455,0.2661534829508313,0.2665617290048307,21.23,1026.579
1791085833.5844605,69.64737049429873,0.2325987192249112,0.2641489613472232,0.26755736624742804,21.21,1026.589
1791085864.9337523,69.64737049429873,0.23270435458632452,0.2643486045412951,0.2662692614364074,21.21,1026.566
1791085896.2653005,69.64737049429873,0.23151266827900416,0.2679228980786132,0.26968093607106886,21.23,1026.584
1791085927.6048875,69.64737049429873,0.23256604845630297,0.2654712006528264,0.2700492013776176,21.24,1026.588
1791085958.9512775,69.64737049429873,0.23291591341841833,0.2628620135588205,0.26587270629151194,21.24,1026.578
1791085990.2957165,69.64737049429873,0.23277786669116357,0.2634655332147769,0.27185914159400754,21.27,1026.588
1791086021.6344714,69.64737049429873,0.23274106049182774,0.26310640928267615,0.26627457728372905,21.27,1026.585
1791086052.9807296,69.64737049429873,0.2316179538545503,0.2633457163576377,0.26703371045665864,21.3,1026.587
1791086084.3293889,69.64737049429873,0.23161829276177123,0.26329611672146014,0.26796000372510037,21.28,1026.582
1791086115.6098416,69.64737049429873,0.23282425226812445,0.2630081769803289,0.26810430603987534,21.31,1026.595
1791086146.9562159,69.64737049429873,0.23264750896303307,0.26333362062937626,0.27026132899476796,21.27,1026.591
1791086178.2998493,69.64737049429873,0.23303280748202337,0.2709124109474554,0.27006661918462466,21.27,1026.59
1791086209.6344445,69.64737049429873,0.23327148768230735,0.2630233946083926,0.2733249747292939,21.25,1026.587
1791086240.971694,69.64737049429873,0.23326514281191416,0.263868821686855,0.26852181253889074,21.27,1026.589
1791086272.321207,69.64737049429873,0.2338938780274587,0.26502901110521204,0.2729895640106342,21.27,1026.577
1791086303.6678476,69.64737049429873,0.23441520586906814,0.263349697089145,0.2675479821293125,21.25,1026.569
1791086335.0131905,69.64737049429873,0.23361373836709048,0.26338693079510345,0.2672680964599681,21.25,1026.576
1791086366.362795,69.64737049429873,0.2314074783783886,0.2625033863796796,0.26687444579224057,21.23,1026.552
1791086397.7061594,69.64737049429873,0.23393217199023447,0.26675318894423133,0.26771639287588905,21.23,1026.559
1791086429.0477505,69.64737049429873,0.23393217199023447,0.265109671368912,0.26859480102406175,21.21,1026.532
1791086460.3952363,69.64737049429873,0.23613499531040422,0.2630698114198005,0.2690334069724983,21.21,1026.529
1791086491.731675,69.64737049429873,0.23245689394380087,0.26478953835724006,0.2674267497521451,21.2,1026.521
1791086523.083425,69.64737049429873,0.2333468238612214,0.2630551026070818,0.2762319113345357,21.2,1026.522
1791086554.407634,69.64737049429873,0.23281949557900058,0.26491288786186296,0.26898919370605107,21.17,1026.503
1791086585.7452013,69.64737049429873,0.23324651062114535,0.2632544788408507,0.26766125386990214,21.2,1026.505
1791086617.099784,69.64737049429873,0.23268032254152826,0.2626944076177719,0.26608541923893614,21.18,1026.495
1791086648.446273,69.64737049429873,0.23306463555586998,0.2637026332164777,0.2666450438926921,21.2,1026.491
1791086679.7897706,69.64737049429873,0.23211198180397133,0.2633002850819788,0.2687797021934876,21.2,1026.483
1791086711.1342933,69.64737049429873,0.23292098946140077,0.26491089133245177,0.2692568503443502,21.23,1026.484
1791086742.4827013,69.64737049429873,0.23267190936534032,0.26133720098377855,0.26619722540918683,21.21,1026.486
1791086773.8142784,69.64737049429873,0.2314424308287221,0.2614232802081122,0.2666768141283896,21.18,1026.487
1791086805.1568053,69.64737049429873,0.23221304006524957,0.26254536625782143,0.26687444579224057,21.18,1026.497
1791086836.5051808,69.64737049429873,0.23239087709457132,0.26234191558719594,0.2655919296321926,21.17,1026.504
1791086867.8297133,69.64737049429873,0.23224904291567056,0.26575184968070925,0.26896124954402484,21.18,1026.51
1791086899.1614826,69.64737049429873,0.231793317306887,0.26266471037399813,0.27304872440566286,21.18,1026.517
1791086930.5077505,69.64737049429873,0.23270435458632452,0.2639072696762764,0.2679970419037719,21.21,1026.518
1791086961.8562431,69.64737049429873,0.2322155461889644,0.26184784270171757,0.2682409081319955,21.2,1026.539
1791086993.19681,69.64737049429873,0.23222061361957905,0.26256789658939983,0.2650331329734049,21.24,1026.534
1791087024.5382612,69.64737049429873,0.23126485234248556,0.26289284932764345,0.2642656823495672,21.23,1026.533
1791087055.826775,69.64737049429873,0.2308758957329409,0.26281452932472704,0.2662853112107903,21.17,1026.557
1791087087.163265,69.64737049429873,0.23292098946140077,0.2635066574576466,0.2669272321980436,21.21,1026.553
1791087118.5097234,69.64737049429873,0.2310564005359116,0.26226484474539413,0.2683996962253861,21.18,1026.566
1791087149.8572257,69.64737049429873,0.2313023840223504,0.2621034123182325,0.2663131477364749,21.2,1026.575
1791087181.2007139,69.64737049429873,0.23123201925112133,0.2609056689364981,0.2663131477364749,21.21,1026.571
1791087212.5482063,69.64737049429873,0.23287898605373877,0.26659379676435774,0.26659379676435774,21.23,1026.579
1791087243.8947132,69.64737049429873,0.2322155461889644,0.2631846288078817,0.27220677732201437,21.24,1026.577
1791087275.241084,69.64737049429873,0.233727785609694,0.2617801067734056,0.2686440400237726,21.23,1026.584
1791087306.5847416,69.64737049429873,0.23319656244630113,0.2621034123182325,0.26503037631355386,21.23,1026.572
1791087337.92809,69.64737049429873,0.23291591341841833,0.26507005986966736,0.26671503626947,21.24,1026.581
1791087369.2567925,69.64737049429873,0.2316532256867652,0.26091391322914104,0.26587270629151194,21.23,1026.57
1791087400.592237,69.64737049429873,0.23186689729104148,0.26556187802851267,0.2678214713740862,21.25,1026.56
1791087431.939603,69.64737049429873,0.23296871190255097,0.2617869573013167,0.2692142634781157,21.24,1026.561
1791087463.2802382,69.64737049429873,0.2316897953976201,0.26321720743222043,0.26536025130965707,21.23,1026.562
1791087494.6237109,69.64737049429873,0.23383432080584374,0.26173737255442203,0.26733160678058476,21.23,1026.57
1791087525.9671235,69.64737049429873,0.23359090609807298,0.2639437986886915,0.2719830009439738,21.23,1026.585
1791087557.31268,69.64737049429873,0.23469011146828314,0.2678214713740862,0.2689025503355037,21.2,1026.57
1791087588.6533794,69.64737049429873,0.23232425649768773,0.2624899510738467,0.26725580204250793,21.2,1026.578
1791087620.0067308,69.64737049429873,0.232712986005436,0.2640255118581571,0.2661634360398752,21.2,1026.573
1791087651.3420947,69.64737049429873,0.23091490212923227,0.26096926283849575,0.26953852368452813,21.17,1026.584
1791087682.6795328,69.64737049429873,0.2334843361417566,0.262257393544432,0.26547398111730264,21.14,1026.577
1791087714.0261047,69.64737049429873,0.23186440487346632,0.26016889032603446,0.26519243622487715,21.14,1026.573
1791087745.3566136,69.64737049429873,0.2317587671733708,0.26234191558719594,0.265794657286958,21.14,1026.568
1791087776.7150474,69.64737049429873,0.2341063251502986,0.26213790876235776,0.26727658958810874,21.14,1026.573
1791087808.0545926,69.64737049429873,0.2348927028426461,0.2624122193124205,0.26885251982640773,21.18,1026.567
1791087839.4060988,69.64737049429873,0.23327787899482091,0.26366148134770034,0.2663241188738374,21.18,1026.567
1791087870.7414765,69.64737049429873,0.2334156427952931,0.2631016432297366,0.2659200200756292,21.18,1026.561
1791087902.1000147,69.64737049429873,0.23225168381110217,0.2637847117627501,0.26844855790333244,21.11,1026.566
1791087933.3745759,69.64737049429873,0.2316532256867652,0.26446882299491514,0.267885724779796,21.15,1026.567
1791087964.71306,69.64737049429873,0.23365165047780717,0.2635854591499306,0.2661534829508313,21.17,1026.573
1791087996.0615606,69.64737049429873,0.23267190936534032,0.2617801067734056,0.26820405832971284,21.2,1026.564
1791088027.4110503,69.64737049429873,0.23334018719336277,0.2640273420285673,0.2673981949113099,21.2,1026.568
1791088058.7564473,69.64737049429873,0.23267190936534032,0.2616610564017216,0.2668363860975195,21.23,1026.573
1791088090.0821614,69.64737049429873,0.23386416712910518,0.2633457163576377,0.26575184968070925,21.23,1026.573
1791088121.4364467,69.64737049429873,0.23362134744446236,0.26104484038109693,0.26868047288470553,21.23,1026.578
1791088152.7960126,69.64737049429873,0.2325332287035276,0.26233470042704127,0.26470993802003,21.25,1026.575
1791088184.1524534,69.64737049429873,0.231090905184566,0.26218029779608554,0.267003463622927,21.25,1026.574
1791088215.4940276,69.64737049429873,0.23172333523561733,0.26294007708547373,0.2676790993182051,21.28,1026.567
1791088246.8434699,69.64737049429873,0.23281949557900058,0.26321276452196257,0.2668890118632222,21.25,1026.551
1791088278.1760447,69.64737049429873,0.23165416580898981,0.2628873593364897,0.2704207204803526,21.23,1026.556
1791088309.5194743,69.64737049429873,0.23524180238726017,0.26256135567774774,0.26629072994800274,21.23,1026.548
1791088340.8671203,69.64737049429873,0.23229071719974712,0.2623274390137856,0.2703855355639709,21.24,1026.55
1791088372.2094023,69.64737049429873,0.23571206458958097,0.26177109661666936,0.26656801636771926,21.24,1026.544
1791088403.5378997,69.64737049429873,0.23426143455812382,0.2622150168399026,0.26696538272091197,21.24,1026.55
1791088434.8803995,69.64737049429873,0.231547863028748,0.26313851444125436,0.2683750356589632,21.24,1026.549
1791088466.2280476,69.64737049429873,0.23105468895139927,0.26282022666796834,0.26555572978286074,21.27,1026.553
1791088497.5626779,69.64737049429873,0.233309104192887,0.2665232270925943,0.27069989039747805,21.27,1026.545
1791088528.8899155,69.64737049429873,0.2326065738386788,0.2631755544845723,0.26934382096871096,21.3,1026.551
1791088560.2335382,69.64737049429873,0.2308414652126775,0.26801879784199206,0.26858369083137695,21.27,1026.559
1791088591.5750246,69.64737049429873,0.235604330304033,0.2679335240306526,0.2715663668954513,21.25,1026.56
1791088622.921384,69.64737049429873,0.230701684865913,0.26233470042704127,0.2678111744837427,21.27,1026.562
1791088654.2659771,69.64737049429873,0.23119619047727843,0.26155591460199945,0.26672179028274906,21.23,1026.572
1791088685.6136317,69.64737049429873,0.2316897953976201,0.262156943297601,0.2661684605697668,21.25,1026.58
1791088716.944941,69.64737049429873,0.23012734879666447,0.2603656216297631,0.26540010591828594,21.2,1026.588
1791088748.2715058,69.64737049429873,0.23073296131488527,0.26276665264129817,0.2646296286444237,21.2,1026.595
1791088779.6080334,69.64737049429873,0.2315479463822941,0.26345825964150127,0.26742518681850713,21.21,1026.602
1791088810.949324,69.64737049429873,0.23645089522008733,0.26301835449436856,0.26757631487296313,21.21,1026.608
1791088842.2899263,69.64737049429873,0.23190009466695718,0.26394589291504117,0.26668345213330175,21.23,1026.607
1791088873.6205566,69.64737049429873,0.23351500617764734,0.2631846288078817,0.26619722540918683,21.23,1026.607
1791088904.9659586,69.64737049429873,0.23263526439053547,0.2629037244009864,0.2671172905044147,21.21,1026.602
1791088936.308363,69.64737049429873,0.23200423964251254,0.2630649396983184,0.26627457728372905,21.23,1026.6
1791088967.6590004,69.64737049429873,0.23340876167698862,0.2616610564017216,0.2655919296321926,21.23,1026.597
1791088999.0003648,69.64737049429873,0.23390250769556198,0.26591580884741856,0.27033023364838665,21.21,1026.585
1791089030.328916,69.64737049429873,0.23379603844841634,0.2629869187681653,0.27001398250765063,21.24,1026.589
1791089061.6774702,69.64737049429873,0.23151266827900416,0.26310640928267615,0.26911963801530325,21.28,1026.579
1791089093.0198777,69.64737049429873,0.23250025894516707,0.26402366995535903,0.2672388786699276,21.27,1026.572
1791089124.3643367,69.64737049429873,0.23451495017870608,0.26312910572585535,0.2668507215246481,21.3,1026.555
1791089155.7079492,69.64737049429873,0.23044947732084622,0.2611530751225936,0.2676333417943663,21.28,1026.543
1791089187.0563667,69.64737049429873,0.23557831947412555,0.26196757730175374,0.26652939669645714,21.25,1026.532
1791089218.385874,69.64737049429873,0.23207596944086706,0.2611317272973592,0.2667669720986025,21.25,1026.52
1791089249.7283618,69.64737049429873,0.23182881255303334,0.2616182332545475,0.26438821554672715,21.24,1026.52
1791089281.0730176,69.64737049429873,0.23239087709457132,0.2602571731051248,0.26836300775300365,21.25,1026.494
1791089312.420428,69.64737049429873,0.23123201925112133,0.2625872699094637,0.26458915084235773,21.23,1026.487
1791089343.7679293,69.64737049429873,0.23046120168396594,0.2628675367382912,0.26651100551304996,21.18,1026.491
1791089375.1114552,69.64737049429873,0.23214356636073485,0.264949677557729,0.26651100551304996,21.23,1026.475
1791089406.4429536,69.64737049429873,0.2310564005359116,0.26270652465537053,0.26775361868567726,21.21,1026.467
1791089437.7664576,69.64737049429873,0.23371978654022155,0.2605817156708302,0.26651100551304996,21.2,1026.457
1791089469.1119351,69.64737049429873,0.22922717204095522,0.2667285875731104,0.26450901684481276,21.23,1026.448
1791089500.456362,69.64737049429873,0.23601079108355624,0.2627244324194196,0.26697296737671883,21.23,1026.438
1791089531.8037684,69.64737049429873,0.2315479463822941,0.2609897265223824,0.26742518681850713,21.23,1026.443
1791089563.1492503,69.64737049429873,0.23618574829370384,0.2630551026070818,0.2676236017814076,21.23,1026.439
1791089594.50085,69.64737049429873,0.23356032548951333,0.2604369011749603,0.2649118864003751,21.23,1026.437
1791089625.8383782,69.64737049429873,0.23221807063981564,0.26289830423741317,0.264669725755232,21.23,1026.439
1791089657.1847527,69.64737049429873,0.23130157174992994,0.26049410417147156,0.2682525404359465,21.24,1026.439
1791089688.5322547,69.64737049429873,0.23347721147418396,0.261261465234584,0.26470958823300655,21.21,1026.444
1791089719.8177483,69.64737049429873,0.2330218371511471,0.26229969305662126,0.26771639287588905,21.21,1026.454
1791089751.1743515,69.64737049429873,0.23569680404601723,0.26446840356132584,0.26720109902718886,21.21,1026.465
1791089782.5198667,69.64737049429873,0.23214582143523455,0.2616182332545475,0.269292807588637,21.23,1026.47
1791089813.8503203,69.64737049429873,0.2362178057459408,0.2617801067734056,0.26487005524925294,21.23,1026.482
1791089845.1947796,69.64737049429873,0.23274106049182774,0.262945359401881,0.2661534829508313,21.21,1026.497
1791089876.538343,69.64737049429873,0.23052858468236678,0.2631431738099201,0.2698035795219829,21.2,1026.509
1791089907.8828347,69.64737049429873,0.23822839917843283,0.2630233946083926,0.2684852185808124,21.15,1026.51
1791089939.229275,69.64737049429873,0.23137150572376128,0.26321276452196257,0.2668363860975195,21.17,1026.524
1791089970.5709012,69.64737049429873,0.2319028530799355,0.26093415589838453,0.2675858805399621,21.23,1026.535
1791090001.9234006,69.64737049429873,0.234701737231432,0.2633752432019882,0.2649138957787344,21.23,1026.547
1791090033.2487442,69.64737049429873,0.23331564214781253,0.26265231444283554,0.27190571827032073,21.24,1026.541
1791090064.5944476,69.64737049429873,0.230701684865913,0.2614562123033225,0.2671714583579147,21.23,1026.544
1791090095.921665,69.64737049429873,0.23077562387659223,0.26222260972036027,0.26748238737523505,21.24,1026.553
1791090127.2662566,69.64737049429873,0.23059971760803646,0.26222260972036027,0.2643082464354625,21.23,1026.559
1791090158.6117704,69.64737049429873,0.23330261381046644,0.26675318894423133,0.2661921459193767,21.25,1026.548
1791090189.9532576,69.64737049429873,0.23070766031445697,0.26099229628340975,0.2674732245728825,21.25,1026.558
1791090221.296623,69.64737049429873,0.23095344919069855,0.2628315129762666,0.26462916128747754,21.24,1026.57
1791090252.6362822,69.64737049429873,0.23084889342335785,0.2614333522839171,0.26534820222249567,21.25,1026.572
1791090283.9776218,69.64737049429873,0.23340193046928315,0.2602709547263555,0.26478893794555586,21.25,1026.569
1791090315.3201504,69.64737049429873,0.2326312420215179,0.26147612959526884,0.2651886789804111,21.24,1026.572
1791090346.653035,69.64737049429873,0.232351609883048,0.26099229628340975,0.26594619465918945,21.28,1026.567
1791090377.9901679,69.64737049429873,0.2330164116367344,0.2661099389698005,0.26618709863790535,21.24,1026.579
1791090409.335616,69.64737049429873,0.23130075353197377,0.26345825964150127,0.27139874215201,21.24,1026.592
1791090440.68715,69.64737049429873,0.2314418243196634,0.263738201989368,0.2669347013583618,21.25,1026.579
1791090472.0346594,69.64737049429873,0.23105296482149948,0.2607190894803118,0.2651562730774984,21.24,1026.568
1791090503.370223,69.64737049429873,0.23218189657214314,0.2628620135588205,0.267651464643041,21.25,1026.57
1791090534.7117171,69.64737049429873,0.2328469528631982,0.2632673128809601,0.2672388786699276,21.27,1026.557
1791090566.0622833,69.64737049429873,0.23144273078387162,0.2630698114198005,0.26579085989611356,21.24,1026.552
1791090597.4107115,69.64737049429873,0.23224642114934735,0.26203488772825895,0.26574819667334454,21.27,1026.547
1791090628.7531672,69.64737049429873,0.23067381705222864,0.2622722486993268,0.26550758102789784,21.27,1026.532
1791090660.1048782,69.64737049429873,0.23266774856527314,0.263708337224774,0.26534820222249567,21.28,1026.531
1791090691.4352794,69.64737049429873,0.2324239604735297,0.2632673128809601,0.2662307386842223,21.3,1026.529
1791090722.7926724,69.64737049429873,0.23158277813514525,0.2609056689364981,0.2719261282941315,21.27,1026.522
1791090754.126203,69.64737049429873,0.23063685142311804,0.26454913771125677,0.2659504718553948,21.24,1026.515
1791090785.4826975,69.64737049429873,0.2314070491338259,0.26470993802003,0.27180257616792314,21.25,1026.513
1791090816.8262124,69.64737049429873,0.23591176741263273,0.26418673022114797,0.27078875758262017,21.23,1026.508
1791090848.1746652,69.64737049429873,0.23697252896030455,0.2626165023322272,0.267003463622927,21.24,1026.509
1791090879.5180736,69.64737049429873,0.2319358823344642,0.2611317272973592,0.26668345213330175,21.24,1026.509
1791090910.8615718,69.64737049429873,0.2328469528631982,0.2604195181509355,0.2656343922856504,21.24,1026.503
1791090942.1930943,69.64737049429873,0.23147765190960082,0.2697163774752411,0.26875314014367074,21.25,1026.516
1791090973.5356245,69.64737049429873,0.23287898605373877,0.26682928665092626,0.2728007127159841,21.24,1026.515
1791091004.8831446,69.64737049429873,0.23315925288256636,0.2624681233850141,0.26987420745898105,21.27,1026.515
1791091036.2226071,69.64737049429873,0.23182771074349479,0.2621113316692768,0.2689113355734824,21.25,1026.513
1791091067.5693653,69.64737049429873,0.23154769813623532,0.261670383073078,0.2678648914687247,21.25,1026.505
1791091098.9145539,69.64737049429873,0.23116284511452712,0.26183157282281,0.26570923622188847,21.27,1026.505
1791091130.2641385,69.64737049429873,0.23095344919069855,0.26215351448552304,0.2663077143662781,21.25,1026.507
1791091161.6067555,69.64737049429873,0.23661139267721062,0.26315240399423906,0.27053868084146016,21.24,1026.509
1791091192.943052,69.64737049429873,0.23968456240865604,0.2660665921182937,0.2699796697510643,21.21,1026.484
1791091224.2915773,69.64737049429873,0.23249317972561775,0.266472667431804,0.2674357438480062,21.24,1026.477
1791091255.6432939,69.64737049429873,0.23323397390687836,0.2636233835407921,0.2671550948201234,21.24,1026.482
1791091286.9875107,69.64737049429873,0.2328517816200726,0.2616516701595469,0.2675668103032828,21.21,1026.483
1791091318.3310394,69.64737049429873,0.2316179538545503,0.26218798372464586,0.2680449640713274,21.23,1026.478
1791091349.6746473,69.64737049429873,0.23182771074349479,0.2608740880069773,0.2656702050265672,21.27,1026.481
1791091381.0121672,69.64737049429873,0.23123308132916842,0.26299203112111674,0.26562783436096554,21.24,1026.478
1791091412.3494897,69.64737049429873,0.23123308132916842,0.2681077534680016,0.2683876391373461,21.24,1026.473
1791091443.6959732,69.64737049429873,0.23340193046928315,0.26295060820867705,0.2711864958307911,21.21,1026.473
1791091475.0254893,69.64737049429873,0.23095344919069855,0.2614333522839171,0.26854578513801214,21.23,1026.471
1791091506.3282359,69.64737049429873,0.23064006563467201,0.2724047611830314,0.2665431056873539,21.21,1026.477
1791091537.6556516,69.64737049429873,0.23294261816538875,0.26235620890472716,0.2725606630726028,21.23,1026.476
1791091568.9780226,69.64737049429873,0.2298736146866609,0.2608426497901874,0.26542659987865347,21.24,1026.48
1791091600.329434,69.64737049429873,0.23081491980893898,0.2609605766438516,0.27004966022637095,21.2,1026.478
1791091631.657086,69.64737049429873,0.23015261500290887,0.2616371155795196,0.26542659987865347,21.17,1026.497
1791091663.0045948,69.64737049429873,0.23332705787851504,0.2607559867595335,0.2669806567476431,21.18,1026.493
1791091694.3409085,69.64737049429873,0.23189737625086737,0.2636704093916763,0.27150010926883333,21.2,1026.502
1791091725.6895483,69.64737049429873,0.23064006563467201,0.26319358826125255,0.27181315505558523,21.18,1026.5
1791091757.0351698,69.64737049429873,0.23091931833687782,0.2634317830607341,0.26638441151701875,21.17,1026.491
1791091788.3813791,69.64737049429873,0.23203632914570116,0.2609605766438516,0.27348942945455545,21.18,1026.487
1791091819.7258997,69.64737049429873,0.23751395466114178,0.2651474734264783,0.26750142232584206,21.2,1026.483
1791091851.0744762,69.64737049429873,0.23203632914570116,0.2612397030960267,0.266822232139529,21.2,1026.481
1791091882.3999314,69.64737049429873,0.23884642520917093,0.26765961149605444,0.27045087601780554,21.18,1026.469
1791091913.7394102,69.64737049429873,0.23015261500290887,0.2677806750280479,0.2665431056873539,21.21,1026.463
1791091945.0869212,69.64737049429873,0.23098961595165285,0.26263533535690226,0.2709750178561001,21.21,1026.453
1791091976.4363377,69.64737049429873,0.23482885616775953,0.2610786101751079,0.26765961149605444,21.17,1026.439
1791092007.7639446,69.64737049429873,0.23091931833687782,0.26187400894032514,0.2649881480059896,21.17,1026.423
1791092039.111522,69.64737049429873,0.22909978778619983,0.2610674250831731,0.2639500415301462,21.18,1026.415
1791092070.4369764,69.64737049429873,0.23074159579676076,0.2632260084297638,0.2635066574576466,21.18,1026.417
1791092101.779362,69.64737049429873,0.23256227346124964,0.2610354923047314,0.26771639287588905,21.17,1026.411
1791092133.124943,69.64737049429873,0.232315581847907,0.26167965073893135,0.26383054775671044,21.18,1026.409
1791092164.475443,69.64737049429873,0.23074443228081487,0.26040232373950134,0.2661051588148129,21.18,1026.411
1791092195.8198154,69.64737049429873,0.23566661427437702,0.262077082452552,0.26554665341040123,21.23,1026.413
1791092227.1484582,69.64737049429873,0.23266361784914075,0.25900669147862576,0.2682178644004046,21.17,1026.43
1791092258.492886,69.64737049429873,0.23154761658414882,0.2602846491576914,0.2630746523201713,21.18,1026.443
1791092289.8253422,69.64737049429873,0.23025666690458874,0.26542659987865347,0.26542659987865347,21.18,1026.451
1791092321.1478748,69.64737049429873,0.23046505321431981,0.2610786101751079,0.2661051588148129,21.23,1026.472
1791092352.4933043,69.64737049429873,0.23259483455011284,0.26040232373950134,0.26622557372568445,21.23,1026.479
1791092383.8408842,69.64737049429873,0.23036081293246616,0.25968234666407874,0.2648683469743032,21.21,1026.491
1791092415.1872842,69.64737049429873,0.23053579335676386,0.26347271471342765,0.26765961149605444,21.21,1026.499
1791092446.5198214,69.64737049429873,0.23165229916546434,0.26502765453390714,0.2658646554826511,21.18,1026.51
1791092477.8623605,69.64737049429873,0.2364627658680845,0.2618403266466385,0.26713893823776513,21.18,1026.526
1791092509.2098267,69.64737049429873,0.23078103822643917,0.2624748736861371,0.26450959294288023,21.2,1026.527
1791092540.5526037,69.64737049429873,0.23098961595165285,0.2597266485251954,0.26893365896137894,21.2,1026.533
1791092571.8938837,69.64737049429873,0.2321056172166448,0.2660665921182937,0.2674641198442832,21.17,1026.546
1791092603.238414,69.64737049429873,0.23217713509733412,0.2678648914687247,0.26574819667334454,21.17,1026.542
1791092634.5729096,69.64737049429873,0.23441520586906814,0.2620690723275156,0.2682660262915454,21.15,1026.544
1791092665.916325,69.64737049429873,0.2301476350999381,0.2629091101492939,0.26442910100759137,21.17,1026.555
1791092697.237734,69.64737049429873,0.2301808075711711,0.26202673625180845,0.265429223614629,21.18,1026.552
1791092728.5754237,69.64737049429873,0.2316179538545503,0.26009468033203426,0.2662307386842223,21.2,1026.553
1791092759.9216855,69.64737049429873,0.2305659138411066,0.25938658712096396,0.26571276846993863,21.21,1026.554
1791092791.2612634,69.64737049429873,0.23319656244630113,0.26030119415840286,0.2652300716705239,21.21,1026.54
1791092822.608763,69.64737049429873,0.23393217199023447,0.26202673625180845,0.26675318894423133,21.21,1026.54
1791092853.9521782,69.64737049429873,0.22931561405416492,0.26128257805809885,0.2693850616774124,21.23,1026.532
1791092885.2986987,69.64737049429873,0.23255852574830696,0.2617221090820173,0.26450959294288023,21.18,1026.529
1791092916.6284292,69.64737049429873,0.22976978280560872,0.26187400894032514,0.2649079438836065,21.17,1026.516
1791092947.9726322,69.64737049429873,0.2299390643256001,0.26146620259415326,0.26790184812465473,21.13,1026.509
1791092979.3132215,69.64737049429873,0.23074159579676076,0.26691243634729284,0.27476347150554786,21.13,1026.506
1791093010.6627762,69.64737049429873,0.23189873051386967,0.26189926552531656,0.2719261282941315,21.11,1026.511
1791093042.0113778,69.64737049429873,0.2349872737663826,0.25974015113354826,0.27033023364838665,21.1,1026.522
1791093073.3486474,69.64737049429873,0.23000487081625196,0.26362649301695706,0.26655548169062426,21.07,1026.524
1791093104.6861746,69.64737049429873,0.229685103929068,0.26108832347919103,0.26587270629151194,21.05,1026.519
1791093136.0447602,69.64737049429873,0.23024742443126722,0.2605379497644441,0.27332937343354563,21.13,1026.531
1791093167.3931534,69.64737049429873,0.2324239604735297,0.2610561687130096,0.26627457728372905,21.08,1026.532
1791093198.7326086,69.64737049429873,0.2308097449334664,0.26070016717881833,0.2666768141283896,21.07,1026.538
1791093230.0622265,69.64737049429873,0.23095137022323853,0.261110611734389,0.2643486045412951,21.07,1026.536
1791093261.408625,69.64737049429873,0.23598682768315665,0.2639500415301462,0.2701019485764839,21.1,1026.552
1791093292.7551389,69.64737049429873,0.22979605093663524,0.26655548169062426,0.2730162830492142,21.07,1026.565
1791093324.0407102,69.64737049429873,0.22978974873704755,0.2577082433970562,0.26515095965614816,21.05,1026.559
1791093355.3622115,69.64737049429873,0.22939618758630115,0.2603485029152833,0.265959108317371,21.05,1026.564
1791093386.6896372,69.64737049429873,0.22981634596696113,0.2599021007319906,0.2641446207188275,21.08,1026.571
1791093418.0352418,69.64737049429873,0.22914601061297202,0.2599171180306559,0.26329611672146014,21.08,1026.579
1791093449.3675888,69.64737049429873,0.2294686145687497,0.26036208709073955,0.26414607684480956,21.1,1026.573
1791093480.710225,69.64737049429873,0.23007103708509374,0.260882039340361,0.2704720585191577,21.1,1026.584
1791093512.056687,69.64737049429873,0.22996056419700406,0.2605119207075236,0.2637026332164777,21.05,1026.58
1791093543.3871977,69.64737049429873,0.2294285863795896,0.2630551026070818,0.27040207253913895,21.07,1026.585
1791093574.729712,69.64737049429873,0.23010425605962176,0.25932502528189594,0.2659200200756292,21.07,1026.585
1791093606.0672762,69.64737049429873,0.22909096392067607,0.2607437658658067,0.26727658958810874,21.08,1026.588
1791093637.4156437,69.64737049429873,0.2342126935026618,0.26173737255442203,0.27015447428780864,21.07,1026.589
1791093668.7481987,69.64737049429873,0.23552282017645296,0.2620528985218553,0.27017218008741,21.1,1026.592
1791093700.0766943,69.64737049429873,0.23588651860938445,0.2589805100118337,0.2686569662465734,21.08,1026.591
1791093731.4262524,69.64737049429873,0.23525500445766806,0.26079449647414116,0.26378210042160527,21.11,1026.604
1791093762.7715824,69.64737049429873,0.2301324761832514,0.2607822646830248,0.2648717854261458,21.11,1026.607
1791093794.1192114,69.64737049429873,0.23073296131488527,0.2596483287068686,0.26543988729512447,21.13,1026.616
1791093825.444765,69.64737049429873,0.2315834132970024,0.2611856740307332,0.2661684605697668,21.08,1026.604
1791093856.7881207,69.64737049429873,0.23360610322425843,0.2600064804612634,0.2661293671503313,21.05,1026.614
1791093888.129608,69.64737049429873,0.23041148510725312,0.25934796361713014,0.2735067257339733,21.04,1026.613
1791093919.4769862,69.64737049429873,0.2311210820716114,0.2661343025745588,0.26974643706201645,21.04,1026.624
1791093950.8275156,69.64737049429873,0.23055176141302688,0.26081407034023874,0.26796581361200084,21.08,1026.613
1791093982.1570954,69.64737049429873,0.23044947732084622,0.26139267586492576,0.2676236017814076,21.07,1026.613
1791094013.5365307,69.64737049429873,0.22928319406382575,0.2596351874430457,0.2635375728806592,21.07,1026.613
1791094044.8830943,69.64737049429873,0.23087826750680093,0.25973825365578745,0.2618906321439276,21.07,1026.621
1791094076.2385325,69.64737049429873,0.23062706717387166,0.2589624561722116,0.2645486466429285,21.08,1026.629
1791094107.5771425,69.64737049429873,0.22934797786345115,0.26560472134539553,0.26657434416562886,21.08,1026.631
1791094138.9264884,69.64737049429873,0.2326516507338199,0.2603210716329779,0.2661735175025106,21.07,1026.641
1791094170.2749588,69.64737049429873,0.229307394991944,0.2638181569408402,0.26816430405241326,21.08,1026.651
1791094201.601558,69.64737049429873,0.22888546725216188,0.26105435208847527,0.2683622466564406,21.1,1026.667
1791094232.9448943,69.64737049429873,0.23137037393007107,0.26093415589838453,0.2678799059738557,21.08,1026.663
1791094264.280541,69.64737049429873,0.23275447815209693,0.2664131117112406,0.26576669718166657,21.08,1026.665
1791094295.6320446,69.64737049429873,0.22909623685558542,0.2617869573013167,0.2692142634781157,21.05,1026.664
1791094326.977478,69.64737049429873,0.229770563447148,0.2631663630679351,0.2646296286444237,21.04,1026.672
1791094358.3080351,69.64737049429873,0.23151248418936246,0.2598717753301292,0.2690174982880858,21.04,1026.668
1791094389.656551,69.64737049429873,0.22873833670495256,0.2615797373058827,0.2660116545028924,21.07,1026.671
1791094420.9988904,69.64737049429873,0.23488972886118337,0.26162314824559024,0.26503592518828056,21.1,1026.675
1791094452.3464513,69.64737049429873,0.23154803034960775,0.25951282022683103,0.2664967965520117,21.07,1026.67
1791094483.680992,69.64737049429873,0.23208206746159118,0.26202824649395223,0.2646296286444237,21.07,1026.672
1791094515.0364535,69.64737049429873,0.23289894231128072,0.263409147434171,0.2662961836463881,21.1,1026.672
1791094546.379055,69.64737049429873,0.2310494783697405,0.2632457846163853,0.27508560451485986,21.11,1026.66
1791094577.710524,69.64737049429873,0.2356082473958141,0.2622271071084002,0.27150855347614367,21.08,1026.664
1791094609.0558724,69.64737049429873,0.23696665434130665,0.27102901446180944,0.2683371456265429,21.05,1026.659
1791094640.3874416,69.64737049429873,0.2347534782034253,0.25954178478270046,0.27090382218624404,21.07,1026.653
1791094671.7148943,69.64737049429873,0.23151248418936246,0.26084602270914176,0.266541855431429,21.07,1026.649
1791094703.058518,69.64737049429873,0.23151248418936246,0.26186439763517494,0.2695140920272365,21.05,1026.635
1791094734.3979006,69.64737049429873,0.23073004070942263,0.2632876992816362,0.2728403539467898,21.05,1026.632
1791094765.7304509,69.64737049429873,0.23983497330128578,0.26084602270914176,0.26625706379531466,21.03,1026.634
1791094797.0770211,69.64737049429873,0.23289894231128072,0.27150855347614367,0.2703688612196253,20.98,1026.63
1791094828.4203796,69.64737049429873,0.22987645327893547,0.26361393479549294,0.27448445548915107,20.98,1026.624
1791094859.7509594,69.64737049429873,0.23016098242243116,0.26084602270914176,0.27104297752143014,21.0,1026.626
1791094891.076391,69.64737049429873,0.2302671010837346,0.2582828979841125,0.26841158520889685,21.03,1026.632
1791094922.4237947,69.64737049429873,0.23229637269028772,0.2674722999875308,0.2678799059738557,21.03,1026.643
1791094953.762468,69.64737049429873,0.22987645327893547,0.26332953671693543,0.27344190980805566,21.05,1026.642
1791094985.1098883,69.64737049429873,0.22987645327893547,0.25894428595820956,0.26759550789529823,21.04,1026.642
1791095016.4584534,69.64737049429873,0.23030549528828703,0.26081407034023874,0.26722622422754055,21.08,1026.647
1791095047.806959,69.64737049429873,0.23080183966144965,0.26325014572639016,0.26536025130965707,21.11,1026.655
1791095079.1523323,69.64737049429873,0.23076735298372023,0.26207122443562736,0.26848575072613223,21.08,1026.658
1791095110.4438515,69.64737049429873,0.23062375768282056,0.26576669718166657,0.27019056858966417,21.1,1026.662
1791095141.7763357,69.64737049429873,0.23222317533300318,0.2603656216297631,0.26905402334730955,21.1,1026.666
1791095173.121898,69.64737049429873,0.23161897805588166,0.25976760294260276,0.26548243004735583,21.1,1026.673
1791095204.4663994,69.64737049429873,0.22892694383397127,0.25976760294260276,0.26418407261149346,21.13,1026.675
1791095235.8098543,69.64737049429873,0.23151253071939581,0.26390058861745436,0.26746307287171356,21.1,1026.677
1791095267.1575906,69.64737049429873,0.22981006335394,0.2642237060673025,0.2685596436890114,21.11,1026.685
1791095298.5008395,69.64737049429873,0.23144151771718716,0.261830117690265,0.2680782410492156,21.07,1026.691
1791095329.8331993,69.64737049429873,0.23339148070337665,0.265845622589422,0.26527813346760337,21.1,1026.7
1791095361.1748524,69.64737049429873,0.22903205735065096,0.2635375728806592,0.2692505573203337,21.08,1026.71
1791095392.5202007,69.64737049429873,0.2357531542624682,0.26996047825086616,0.2719394143493685,21.1,1026.719
1791095423.8687894,69.64737049429873,0.23306463555586998,0.2674916088087465,0.26911236278007944,21.08,1026.725
1791095455.2132428,69.64737049429873,0.23006571776975887,0.26196757730175374,0.27144224508366677,21.08,1026.742
1791095486.5588946,69.64737049429873,0.23207596944086706,0.26181389751577205,0.2669272321980436,21.1,1026.747
1791095517.897183,69.64737049429873,0.233309104192887,0.2626165023322272,0.2722310585355129,21.08,1026.75
1791095549.2488399,69.64737049429873,0.22999932467169873,0.2637026332164777,0.26740713472038863,21.11,1026.748
1791095580.5884497,69.64737049429873,0.23458279522561654,0.2667669720986025,0.26733160678058476,21.11,1026.756
1791095611.9337754,69.64737049429873,0.23073586054258888,0.26253221198373594,0.2666065653685298,21.08,1026.76
1791095643.2561803,69.64737049429873,0.23197176827914784,0.2609459334020954,0.263620254140317,21.1,1026.768
1791095674.601941,69.64737049429873,0.2322570238328723,0.2667354285578449,0.26903972130788073,21.11,1026.762
1791095705.9561472,69.64737049429873,0.23420318095664144,0.26151264118206213,0.26786936453400106,21.11,1026.762
1791095737.3007846,69.64737049429873,0.23091042106385506,0.2679815421523638,0.2718381404505479,21.1,1026.764
1791095768.627385,69.64737049429873,0.23048729548992125,0.25893497713063873,0.267133426681577,21.1,1026.769
1791095799.9587398,69.64737049429873,0.23303280748202337,0.263013282055671,0.2667285875731104,21.08,1026.766
1791095831.3012025,69.64737049429873,0.22932362806912665,0.2602736732558071,0.2648717854261458,21.05,1026.772
1791095862.6427605,69.64737049429873,0.23003247574397018,0.26180497495875815,0.2664846547576114,21.08,1026.77
1791095893.9761667,69.64737049429873,0.230170967553204,0.26398469260408935,0.26378210042160527,21.08,1026.77
1791095925.3166213,69.64737049429873,0.22911399928094972,0.26124008196937326,0.27526706810855595,21.07,1026.773
1791095956.6582656,69.64737049429873,0.23454336514573407,0.26096926283849575,0.2645084333706737,21.08,1026.791
1791095987.9986804,69.64737049429873,0.23580423673822112,0.26539245581871684,0.2655526850453136,21.08,1026.793
1791096019.3401246,69.64737049429873,0.2299662641801676,0.26070016717881833,0.27285952408530767,21.08,1026.799
1791096050.6797292,69.64737049429873,0.22944382779139733,0.26338693079510345,0.2655104657833187,21.08,1026.818
1791096082.0312681,69.64737049429873,0.2305659138411066,0.26181389751577205,0.2655104657833187,21.1,1026.823
1791096113.3587065,69.64737049429873,0.23313371220768284,0.2623698679481431,0.26978468859701443,21.08,1026.824
1791096144.7080102,69.64737049429873,0.23288889117966993,0.26499312471619496,0.2698369210059038,21.07,1026.842
1791096176.0487165,69.64737049429873,0.2311949871337233,0.26213003100706905,0.2706498180319775,21.07,1026.849
1791096207.3971558,69.64737049429873,0.2359530180837853,0.26294007708547373,0.26555572978286074,21.07,1026.849
1791096238.7216012,69.64737049429873,0.2311615264218269,0.2606564891458247,0.26567361606981643,21.08,1026.853
1791096270.067291,69.64737049429873,0.23049484721727287,0.2598582200951699,0.26571276846993863,21.05,1026.86
1791096301.4075317,69.64737049429873,0.23046120168396594,0.2639479738199581,0.26771639287588905,21.07,1026.861
1791096332.7532372,69.64737049429873,0.23402940271386738,0.26271252557591884,0.26875314014367074,21.05,1026.87
1791096364.0907445,69.64737049429873,0.23130319041380493,0.26674636291484516,0.26790184812465473,21.1,1026.878
1791096395.438192,69.64737049429873,0.23542756340621684,0.2622722486993268,0.2679862674450786,21.07,1026.882
1791096426.7786767,69.64737049429873,0.23084889342335785,0.2622722486993268,0.2695426842995441,21.05,1026.881
1791096458.1082149,69.64737049429873,0.23381760201226026,0.2621113316692768,0.2678648914687247,21.05,1026.876
1791096489.451659,69.64737049429873,0.23032318810649363,0.2611537201454472,0.263909468427834,21.05,1026.886
1791096520.7950995,69.64737049429873,0.23749255318020243,0.26327153666631464,0.2649485699375021,21.05,1026.894
1791096552.1255724,69.64737049429873,0.23046505321431981,0.2628371026263625,0.2685821420250748,21.05,1026.897
1791096583.4722002,69.64737049429873,0.23319656244630113,0.261012755370173,0.26375184116560274,21.05,1026.896
1791096614.8166628,69.64737049429873,0.23662493200575796,0.2588349367577678,0.2653529757238822,21.08,1026.902
1791096646.1651495,69.64737049429873,0.23045732206462533,0.2627423623376236,0.2669578463991586,21.07,1026.904
1791096677.4915876,69.64737049429873,0.23764352214380788,0.2630698114198005,0.2744208050836903,21.1,1026.908
1791096708.8311913,69.64737049429873,0.231861948546795,0.26263533535690226,0.2643494024410108,21.08,1026.907
1791096740.1686766,69.64737049429873,0.23126861626790082,0.2616039982166652,0.2673344290264223,21.1,1026.907
1791096771.5060902,69.64737049429873,0.23412601885947468,0.2618067961500699,0.26550471449827173,21.08,1026.905
1791096802.8565352,69.64737049429873,0.23081747927314125,0.2606938125971844,0.2702759789749251,21.11,1026.914
1791096834.200047,69.64737049429873,0.23074724830240315,0.2668082562265803,0.266777435205448,21.11,1026.917
1791096865.5454714,69.64737049429873,0.23508236570573077,0.2603853148874419,0.2705698931378891,21.1,1026.915
1791096896.8871207,69.64737049429873,0.23113125206184731,0.2663351016186459,0.2767649130514273,21.1,1026.918
1791096928.1874988,69.64737049429873,0.23050597097401967,0.26256478685444357,0.26855706320901024,21.1,1026.918
1791096959.5260804,69.64737049429873,0.23460548411829363,0.2606505031747309,0.26522412082346364,21.1,1026.92
1791096990.873548,69.64737049429873,0.23053220210304043,0.2610674250831731,0.2647486542176592,21.08,1026.911
1791097022.2190654,69.64737049429873,0.2324239604735297,0.2633085423661186,0.2704347411166363,21.07,1026.921
1791097053.5776887,69.64737049429873,0.2348804566135981,0.2614232802081122,0.26807091659237786,21.08,1026.909
1791097084.933947,69.64737049429873,0.23154769813623532,0.2687037878841344,0.26898342002260434,21.07,1026.912
1791097116.276622,69.64737049429873,0.23029433993163242,0.26506708971505283,0.27293067132156534,21.03,1026.917
1791097147.615029,69.64737049429873,0.23502878740991384,0.26216892363671257,0.2707985437375949,21.03,1026.926
1791097178.9625628,69.64737049429873,0.23206804348529766,0.26542140191333313,0.26585670590080557,21.05,1026.932
1791097210.304921,69.64737049429873,0.23638618841954379,0.26727174686683564,0.2719561246782078,21.03,1026.927
1791097241.6526167,69.64737049429873,0.2320308396234436,0.2679438445500481,0.2716898321530747,21.04,1026.935
1791097273.002128,69.64737049429873,0.23209938920221435,0.26012179078617853,0.2764788803084624,21.04,1026.931
1791097304.3425357,69.64737049429873,0.23431743057804053,0.2614631889278655,0.2643915421715012,21.04,1026.933
1791097335.6749396,69.64737049429873,0.22960847249694843,0.26241191299940053,0.26518313165231444,21.05,1026.929
1791097367.0123966,69.64737049429873,0.23102919738586775,0.2600052436508009,0.26605278205901123,21.05,1026.927
1791097398.3598962,69.64737049429873,0.23030315930536302,0.261111744488119,0.26486582472684456,21.07,1026.921
1791097429.7104356,69.64737049429873,0.23130557493419632,0.26103749744877797,0.26466841548608616,21.04,1026.914
1791097461.0670648,69.64737049429873,0.23043946509949412,0.2594800408153396,0.26601006736169247,21.07,1026.911
1791097492.411425,69.64737049429873,0.22956946071452022,0.2642320080673135,0.2672429374411242,21.04,1026.908
1791097523.7458572,69.64737049429873,0.22922036259704606,0.2674001065746456,0.2674001065746456,21.01,1026.914
1791097555.0843937,69.64737049429873,0.23199736436505564,0.2598450415798277,0.2668458628440628,21.01,1026.908
1791097586.4288495,69.64737049429873,0.23793863609408195,0.26198348279866746,0.2651423260502165,21.04,1026.914
1791097617.7723796,69.64737049429873,0.23534588623205324,0.26092074926786696,0.26612914602359594,21.04,1026.92
1791097649.119864,69.64737049429873,0.22923684072441033,0.2604547989842771,0.265338834554106,21.04,1026.936
1791097680.4653199,69.64737049429873,0.2306162584960392,0.2638401812299411,0.2652590561061798,21.07,1026.934
1791097711.795933,69.64737049429873,0.23161629564774064,0.26128171064113437,0.26868818899299524,21.05,1026.941
1791097743.1393516,69.64737049429873,0.23323409769073442,0.2615573478600868,0.26679445502018256,21.07,1026.946
1791097774.4728594,69.64737049429873,0.23051325432123443,0.26498329577455315,0.26746513875919214,21.07,1026.969
1791097805.8124075,69.64737049429873,0.2337179887458934,0.2678970038959922,0.2658105767694328,21.11,1026.978
1791097837.1589653,69.64737049429873,0.2334053785874945,0.25978754289329953,0.2706533760855163,21.08,1026.981
1791097868.5014038,69.64737049429873,0.23199567626766804,0.26163212613236014,0.26596754336332534,21.1,1026.978
1791097899.8558939,69.64737049429873,0.23075281983753917,0.26055849406945997,0.27030918050112496,21.08,1026.985
1791097931.2082882,69.64737049429873,0.23168566592222228,0.266876256989115,0.2705853108315149,21.08,1027.011
1791097962.5579221,69.64737049429873,0.23006449138738763,0.2610060734221819,0.2682200984340989,21.07,1027.015
1791097993.8844578,69.64737049429873,0.23206416543217892,0.26254268505486006,0.26683183910776853,21.07,1027.024
1791098025.2247128,69.64737049429873,0.2346770902830789,0.26329226030180297,0.2708081115395416,21.07,1027.027
1791098056.576535,69.64737049429873,0.23628720556727803,0.2658830623779188,0.26847209750645284,21.03,1027.04
1791098087.9218457,69.64737049429873,0.2356977301332825,0.2623157049308254,0.27301777727210563,20.98,1027.05
1791098119.2642388,69.64737049429873,0.2377873391611745,0.2629814148705263,0.27277529978349546,20.95,1027.061
1791098150.6099894,69.64737049429873,0.2318559605748742,0.2672919318741937,0.2716457167155312,20.95,1027.075
1791098181.9523501,69.64737049429873,0.23000503009094214,0.26874663163824924,0.2676849708797087,20.95,1027.088
1791098213.2988298,69.64737049429873,0.23147866457836455,0.26435408552950795,0.2729860299732797,20.97,1027.102
1791098244.6374152,69.64737049429873,0.23597214224459734,0.26105967594795204,0.2724689530494758,21.0,1027.114
1791098275.9838066,69.64737049429873,0.23024207859817006,0.2600196098052753,0.2667062987118634,20.94,1027.116
1791098307.334239,69.64737049429873,0.2332402177724963,0.2670778353138194,0.26817264111494465,21.0,1027.119
1791098338.6856818,69.64737049429873,0.23137480391614337,0.2632111711738012,0.26830399993068715,20.95,1027.135
1791098370.0243714,69.64737049429873,0.23137533989630307,0.2645110018213444,0.2724611968364779,20.94,1027.15
1791098401.3536794,69.64737049429873,0.23477014696939583,0.26435408552950795,0.27195279459710014,20.89,1027.146
1791098432.6891828,69.64737049429873,0.23147866457836455,0.26847209750645284,0.27231557535160145,20.87,1027.141
1791098464.038731,69.64737049429873,0.23103272424092958,0.2616087442115447,0.2768595468305139,20.87,1027.166
1791098495.3882902,69.64737049429873,0.23093008417985933,0.2602791354998883,0.2654522220566932,20.9,1027.172
1791098526.7319071,69.64737049429873,0.233947276371638,0.26208273236035706,0.2643934884886774,20.9,1027.163
1791098558.06424,69.64737049429873,0.23175295477761715,0.25973055510138304,0.2708561210152398,20.91,1027.176
1791098589.4107888,69.64737049429873,0.23384338762745333,0.25993269746134745,0.26713639048120347,20.94,1027.176
1791098620.7671945,69.64737049429873,0.23154721751139995,0.2608702143908698,0.26830533556710195,20.93,1027.168
1791098652.1116743,69.64737049429873,0.23103272424092958,0.26490315379310064,0.2661196234522383,20.95,1027.162
1791098683.457198,69.64737049429873,0.23704776220446605,0.2600630571094556,0.2668248927156749,20.95,1027.178
1791098714.7445967,69.64737049429873,0.23388920657463064,0.26549342722632024,0.27111716851390205,20.94,1027.166
1791098746.0953085,69.64737049429873,0.2303445951252078,0.2612180564855659,0.2665940106885788,20.95,1027.16
1791098777.4477425,69.64737049429873,0.23158154846355933,0.25984599592899155,0.2636877654873998,20.95,1027.159
1791098808.7992136,69.64737049429873,0.23264340431063246,0.2614183077904861,0.26631351988344565,20.98,1027.157
1791098840.132805,69.64737049429873,0.2301072135821015,0.25961521680117133,0.26674359508326356,20.97,1027.152
1791098871.4801056,69.64737049429873,0.232575825375375,0.2642760795240778,0.26674359508326356,20.98,1027.15
1791098902.8216627,69.64737049429873,0.2309991241117837,0.26263106915128726,0.26564692150140323,21.01,1027.149
1791098934.1671188,69.64737049429873,0.23401363780967313,0.26811443706058896,0.27070216307148737,21.07,1027.149
1791098965.5096567,69.64737049429873,0.23696446856341669,0.2615343955694269,0.2735978049698907,21.04,1027.138
1791098996.846087,69.64737049429873,0.2345617312092894,0.26306258798933485,0.265529008287608,21.03,1027.129
1791099028.1896243,69.64737049429873,0.23346554441005687,0.2634535743376825,0.26815045082548195,21.01,1027.133
1791099059.5311458,69.64737049429873,0.2308275352773374,0.2607118903830317,0.2701878021843462,21.04,1027.128
1791099090.8766391,69.64737049429873,0.23165004046373264,0.26415877478856736,0.2699137554845381,21.03,1027.125
1791099122.2201295,69.64737049429873,0.23247254565012793,0.25769603803291574,0.27414614176082086,21.01,1027.125
1791099153.5667448,69.64737049429873,0.2358272875932197,0.26541119970410376,0.26466777868793,20.98,1027.137
1791099184.907042,69.64737049429873,0.23134184520518786,0.26185017324631216,0.27006792661044665,21.0,1027.13
1791099216.259631,69.64737049429873,0.2325401862475659,0.2631030665532029,0.27308110284396264,20.95,1027.142
1791099247.599111,69.64737049429873,0.2365441142190869,0.2622816556562715,0.26595904992837943,20.97,1027.141
1791099278.9326074,69.64737049429873,0.23178666012911142,0.26794884711560735,0.2706495410750536,20.98,1027.16
1791099310.2759647,69.64737049429873,0.2358918940318518,0.26212409835845,0.26791271847322673,21.0,1027.158
1791099341.6016302,69.64737049429873,0.23117056068687683,0.2634937239191391,0.2647068681881836,21.0,1027.169
1791099372.949955,69.64737049429873,0.23154721751139995,0.26075447279776093,0.27006792661044665,20.98,1027.172
1791099404.2926157,69.64737049429873,0.2306227104626012,0.26185017324631216,0.27116362705899794,20.98,1027.162
1791099435.6422095,69.64737049429873,0.23243705973442977,0.2633768701855134,0.2673653539528614,20.98,1027.178
1791099466.9695654,69.64737049429873,0.23346554441005687,0.26212409835845,0.26529349561168675,20.98,1027.181
1791099498.3021345,69.64737049429873,0.23500551225680624,0.2659210898968683,0.2656851248162416,20.98,1027.179
1791099529.629668,69.64737049429873,0.23388079690011554,0.2598025294528801,0.27250113138803034,20.98,1027.186
1791099560.963949,69.64737049429873,0.2372807160638642,0.261883278343341,0.26874663163824924,21.01,1027.191
1791099592.3145928,69.64737049429873,0.2313758720682676,0.2621653910093902,0.2673739609792676,20.98,1027.19
1791099623.6589446,69.64737049429873,0.2361655762920345,0.26259635138403076,0.2642377173576986,21.0,1027.194
1791099655.0054686,69.64737049429873,0.2320603423892941,0.26267194858272563,0.26642620532258904,21.01,1027.199
1791099686.3559825,69.64737049429873,0.23380607789598215,0.2638472495388062,0.26529349561168675,21.03,1027.199
1791099717.6985023,69.64737049429873,0.23277820286239825,0.26752044930503427,0.27162386423920387,21.03,1027.199
1791099749.0410714,69.64737049429873,0.22959720204764986,0.26173404839165054,0.27135030324359255,21.04,1027.203
1791099780.4164438,69.64737049429873,0.2322662611354281,0.2622816556562715,0.26529349561168675,21.05,1027.205
1791099811.7579477,69.64737049429873,0.23233402464947678,0.27143755217113574,0.27308110284396264,21.05,1027.201
1791099843.1104002,69.64737049429873,0.23976861850564385,0.2619664011901023,0.27061577683472227,21.05,1027.195
1791099874.442088,69.64737049429873,0.23247254565012793,0.2627885412895267,0.26744733518626496,21.07,1027.192
1791099905.8013983,69.64737049429873,0.23818693601294974,0.26830533556710195,0.2710433718902067,21.03,1027.182
1791099937.1269464,69.64737049429873,0.23610121270535753,0.2637676490312769,0.27527250374106516,21.0,1027.178
1791099968.471457,69.64737049429873,0.231239295608746,0.26490221361121713,0.26595904992837943,20.97,1027.187
1791099999.8209662,69.64737049429873,0.2311368368887304,0.26669976631820036,0.2680675712962569,20.97,1027.192
1791100031.1734226,69.64737049429873,0.23414600784045478,0.2647848393489212,0.2720504446924086,21.0,1027.198
1791100062.5249197,69.64737049429873,0.23780766985313065,0.26380748457048636,0.2712301251770483,20.98,1027.209
1791100093.8645728,69.64737049429873,0.23551381281851133,0.2622816556562715,0.2699481573609648,20.97,1027.227
1791100125.200987,69.64737049429873,0.2345617312092894,0.2634937239191391,0.2710433718902067,20.98,1027.236
1791100156.54452,69.64737049429873,0.23188945246980883,0.26556729924399725,0.26979400149830884,21.0,1027.243
1791100187.893904,69.64737049429873,0.23127317081159185,0.26415877478856736,0.27229163463614986,21.0,1027.244
1791100219.242509,69.64737049429873,0.23418373692039282,0.26185017324631216,0.2707358955839625,20.97,1027.252
1791100250.5861783,69.64737049429873,0.23291745101044062,0.2619664011901023,0.26689924178664864,20.97,1027.257
1791100281.9374976,69.64737049429873,0.23795591355942963,0.26263106915128726,0.2671732884864568,21.0,1027.265
1791100313.284082,69.64737049429873,0.23158154846355933,0.2623569007558222,0.2700336158288446,20.95,1027.27
1791100344.6224923,69.64737049429873,0.23199233602329028,0.2708897019468601,0.2704957646255858,20.97,1027.285
1791100375.956023,69.64737049429873,0.23517509605753453,0.2643548490908517,0.27119690559541904,21.0,1027.291
1791100407.2894824,69.64737049429873,0.23496669082728874,0.2650584003445325,0.26794884711560735,20.94,1027.301
1791100438.646203,69.64737049429873,0.23873454327757068,0.26521444873107325,0.26846008299359214,20.91,1027.32
1791100469.9813945,69.64737049429873,0.23093219159521347,0.26970893726992473,0.2749365165543972,20.91,1027.336
1791100501.334021,69.64737049429873,0.23178666012911142,0.2627127555297556,0.2709566853385949,20.93,1027.346
1791100532.6316063,69.64737049429873,0.23151297786892872,0.26298643778993824,0.26654430717231326,20.93,1027.349
1791100563.9781647,69.64737049429873,0.23479716499112102,0.262869912379642,0.267639036213044,20.91,1027.343
1791100595.323443,69.64737049429873,0.23517509605753453,0.26294587369486344,0.26681798943249596,20.89,1027.341
1791100626.6609225,69.64737049429873,0.2358918940318518,0.26200785202396104,0.27116362705899794,20.9,1027.335
1791100658.0115578,69.64737049429873,0.23370243595039025,0.26321979880700125,0.26678082526479285,20.9,1027.33
1791100689.3549092,69.64737049429873,0.23034878535046338,0.26212409835845,0.26638871014092863,20.91,1027.329
1791100720.692417,69.64737049429873,0.23154721751139995,0.27198540239541136,0.26967435372865434,20.89,1027.336
1791100752.051089,69.64737049429873,0.23576256639570894,0.2613762962968987,0.27335502795610045,20.87,1027.345
1791100783.406503,69.64737049429873,0.23158154846355933,0.261808563964892,0.265334238155289,20.91,1027.352
1791100814.7399209,69.64737049429873,0.23998166075519536,0.2659632834156262,0.26826947528568934,20.9,1027.352
1791100846.0964875,69.64737049429873,0.233197435993102,0.2636877654873998,0.2740538295126459,20.89,1027.355
1791100877.429937,69.64737049429873,0.23151297786892872,0.26107066196865947,0.27551698373814626,20.89,1027.354
1791100908.7803354,69.64737049429873,0.23103446892439647,0.26291048985747745,0.26529349561168675,20.91,1027.358
1791100940.130908,69.64737049429873,0.23164959831828738,0.26173404839165054,0.27247664745729994,20.93,1027.359
1791100971.4763858,69.64737049429873,0.23144448579901464,0.2600048453006357,0.26709167169267867,20.94,1027.354
1791101002.8219495,69.64737049429873,0.23884046382673568,0.26082771589839354,0.2652163590864352,20.94,1027.359
1791101034.1594825,69.64737049429873,0.23333172863652288,0.2625490920612967,0.26423658971002956,20.93,1027.357
1791101065.5059066,69.64737049429873,0.23333172863652288,0.26678761891141367,0.2712174388244162,20.93,1027.356
1791101096.8533971,69.64737049429873,0.23189074958974498,0.269260625398776,0.2728327458805216,20.94,1027.352
1791101128.2009213,69.64737049429873,0.23278266037293024,0.26502099840887167,0.27161274866907137,20.93,1027.354
1791101159.5463805,69.64737049429873,0.23206224710787268,0.2678867329057969,0.26859152979981316,20.94,1027.354
1791101190.8978002,69.64737049429873,0.23151293458618938,0.2619581923236693,0.27035973939315927,20.94,1027.361
1791101222.25658,69.64737049429873,0.23690067234987516,0.2621578124751373,0.2692956999018419,20.93,1027.365
1791101253.6138513,69.64737049429873,0.23206224710787268,0.2645500922856377,0.2710968924929015,20.91,1027.357
1791101284.955429,69.64737049429873,0.23546287007149058,0.2607969797084767,0.2666315066921376,20.9,1027.356
1791101316.2859159,69.64737049429873,0.2320603423892941,0.2609126374947191,0.26681798943249596,20.94,1027.36
1791101347.6315305,69.64737049429873,0.231239295608746,0.2616180264890248,0.26721012103786007,20.97,1027.365
1791101378.9619026,69.64737049429873,0.23079423794056692,0.26189170874920753,0.2659969426519479,20.94,1027.376
1791101410.3053946,69.64737049429873,0.2309991241117837,0.26388472808875924,0.27280717773182483,20.94,1027.383
1791101441.6529877,69.64737049429873,0.23165004046373264,0.2695702340336382,0.2658830623779188,20.94,1027.387
1791101472.993363,69.64737049429873,0.23398484093376432,0.2615668274380931,0.27393185987490487,20.94,1027.395
1791101504.3361206,69.64737049429873,0.23116929766081987,0.26769459415083746,0.26910561429897367,20.91,1027.4
1791101535.682409,69.64737049429873,0.23302621508969099,0.26741944828527275,0.276253036274278,20.94,1027.405
1791101567.0287926,69.64737049429873,0.23391830611286,0.27087562820430716,0.26993031683458574,20.91,1027.407
1791101598.3772473,69.64737049429873,0.23192563162743235,0.26474679878410845,0.2736258612124244,20.91,1027.408
1791101629.7037148,69.64737049429873,0.23230430442905925,0.26136623924285035,0.2704119263079443,20.91,1027.415
1791101661.0443542,69.64737049429873,0.2317537673498416,0.26380253455377367,0.2651001388872611,20.94,1027.404
1791101692.3937464,69.64737049429873,0.23657998161701854,0.26139841146340803,0.2739920135081201,20.94,1027.406
1791101723.7264156,69.64737049429873,0.23630422128539197,0.2633287337847939,0.2696712214122045,20.94,1027.402
1791101755.047924,69.64737049429873,0.23192706457692328,0.2650223130002645,0.26541626892542053,20.94,1027.412
1791101786.3942535,69.64737049429873,0.2387602120546404,0.26631351988344565,0.27084189997429325,20.93,1027.419
1791101817.74077,69.64737049429873,0.23353227426367165,0.2591548861473806,0.26842437593761975,20.91,1027.411
1791101849.0884495,69.64737049429873,0.23052043430825644,0.26595904992837943,0.26595904992837943,20.93,1027.412
1791101880.4296997,69.64737049429873,0.23384338762745333,0.26126022717396186,0.27320231588223565,20.93,1027.409
1791101911.7602506,69.64737049429873,0.2336729861723854,0.25941247115717403,0.26713639048120347,20.95,1027.408
1791101943.108774,69.64737049429873,0.23151293458618938,0.2631343808652464,0.2645110018213444,20.93,1027.406
1791101974.4342868,69.64737049429873,0.23058303598075805,0.2610060734221819,0.26848418704631116,20.94,1027.403
1791102005.7796938,69.64737049429873,0.2379587832751513,0.26230857524641993,0.2660863371010594,20.95,1027.398
1791102037.121185,69.64737049429873,0.23185714107528219,0.26254268505486006,0.26435331719995453,20.94,1027.397
1791102068.4718394,69.64737049429873,0.23020479313673956,0.26793340440013036,0.272736711052634,20.95,1027.399
1791102099.7992043,69.64737049429873,0.235437228275458,0.26109109337728575,0.27163465418800975,20.97,1027.405
1791102131.1257808,69.64737049429873,0.2307555757829204,0.268448278333897,0.2687239155528494,20.97,1027.419
1791102162.4663966,69.64737049429873,0.23575270062213888,0.2623428672435026,0.26817264111494465,20.97,1027.423
1791102193.8117251,69.64737049429873,0.23350243324276346,0.2612920489394973,0.27077426273871075,21.0,1027.431
1791102225.160351,69.64737049429873,0.23038150378135414,0.263530483134119,0.26490315379310064,20.93,1027.442
1791102256.5037808,69.64737049429873,0.23189074958974498,0.2638824982400974,0.26981018239596766,20.93,1027.449
1791102287.8523216,69.64737049429873,0.23598801092163885,0.26486499448751566,0.2717006981067423,20.94,1027.461
1791102319.1368396,69.64737049429873,0.23424087069585003,0.262460146793953,0.2698264644286591,20.94,1027.465
1791102350.4842253,69.64737049429873,0.2327554555680931,0.2704643465226841,0.27322441539466036,20.91,1027.475
1791102381.836785,69.64737049429873,0.23424087069585003,0.26462879794143845,0.2710163602970794,20.91,1027.482
1791102413.1692922,69.64737049429873,0.23617464788420567,0.2649050518254893,0.27138031944183877,20.93,1027.484
1791102444.5116923,69.64737049429873,0.23610968709617194,0.26636762346538034,0.2701538756224545,20.9,1027.487
1791102475.8622231,69.64737049429873,0.23417417783256897,0.27448207303441424,0.2758670607053237,20.93,1027.488
1791102507.1857674,69.64737049429873,0.23303699527851324,0.2632432785952747,0.2782078593210098,20.9,1027.489
1791102538.538243,69.64737049429873,0.23203265631702966,0.2641932280524231,0.27072556895814226,20.89,1027.488
1791102569.8908582,69.64737049429873,0.23320341675100484,0.26427506898482594,0.2693399596316853,20.89,1027.489
1791102601.222218,69.64737049429873,0.23013965328198108,0.263296327691667,0.2740229490588245,20.86,1027.488
1791102632.565797,69.64737049429873,0.2325081262411339,0.26675027869213147,0.26977553500106033,20.86,1027.491
1791102663.912298,69.64737049429873,0.2319606070615383,0.2632881674555459,0.26741944828527275,20.87,1027.5
1791102695.2607734,69.64737049429873,0.2365981082463618,0.2681475177703513,0.26877260620220056,20.87,1027.508
1791102726.5994697,69.64737049429873,0.23033612447754562,0.26284817659877496,0.26921911988495834,20.91,1027.513
1791102757.936835,69.64737049429873,0.2319285078173477,0.2661721470089576,0.2681111297482308,20.89,1027.517
1791102789.2842495,69.64737049429873,0.23217012094474923,0.2668458628440628,0.2686651248165946,20.91,1027.532
1791102820.6358542,69.64737049429873,0.23179042317743348,0.26332073344895685,0.2691836615975704,20.93,1027.531
1791102851.974241,69.64737049429873,0.23307372076624186,0.26427199919754013,0.2738655635585272,20.93,1027.537
1791102883.3247354,69.64737049429873,0.23015755902926485,0.26657494569568774,0.26951154190806814,20.9,1027.541
1791102914.6791537,69.64737049429873,0.23165184091325813,0.2639138243311114,0.27018888483052356,20.94,1027.543
1791102946.0358317,69.64737049429873,0.23631467515768792,0.26407298783310906,0.26709346802627626,20.94,1027.546
1791102977.3821294,69.64737049429873,0.23428900594821095,0.2645098782694585,0.2678443206951982,20.93,1027.551
1791103008.7417548,69.64737049429873,0.2312009173928384,0.2655348164378063,0.2674089316498806,20.94,1027.554
1791103040.0811026,69.64737049429873,0.23423118420632094,0.2631749757815791,0.2701365349848539,20.95,1027.554
1791103071.4116795,69.64737049429873,0.23161597109114918,0.26466798962962623,0.26675027869213147,20.97,1027.554
1791103102.7570746,69.64737049429873,0.23392686114794842,0.262418766869032,0.27481818747739145,20.94,1027.562
1791103134.0957248,69.64737049429873,0.23417417783256897,0.26383779554233117,0.2682200984340989,20.98,1027.569
1791103165.4290621,69.64737049429873,0.23390620735383952,0.2645496195054043,0.2688215152048613,20.98,1027.572
1791103196.7767391,69.64737049429873,0.23757758247830438,0.26221075133215993,0.2680015728114192,21.0,1027.57
1791103228.1261792,69.64737049429873,0.23127045770203977,0.2625711790645931,0.2662535145012814,20.98,1027.576
1791103259.4587336,69.64737049429873,0.23674584355411318,0.2629250641494883,0.2719890952267772,20.95,1027.579
1791103290.8082016,69.64737049429873,0.2410127660001837,0.2659377210447251,0.2684363038155025,20.93,1027.579
1791103322.152719,69.64737049429873,0.23238152157377923,0.2659804844733907,0.26931943513204737,20.97,1027.581
1791103353.5061977,69.64737049429873,0.23359868474019757,0.26546296442343054,0.2701193981312937,20.97,1027.579
1791103384.8635275,69.64737049429873,0.2322080820066694,0.26466884672364177,0.2695624043103194,20.95,1027.58
1791103416.1902583,69.64737049429873,0.23391479976796528,0.26379244670652724,0.2720688765047037,20.97,1027.578
1791103447.478599,69.64737049429873,0.23506839439673538,0.2696134966612802,0.27004966022637095,20.97,1027.574
1791103478.8280823,69.64737049429873,0.23494989415474848,0.26719749909336893,0.26893365896137894,21.0,1027.573
1791103510.1766176,69.64737049429873,0.23744967118472207,0.26522021566592924,0.27494300495459606,21.01,1027.561
1791103541.5190222,69.64737049429873,0.23938258349745165,0.2681475177703513,0.272550558753556,20.97,1027.556
1791103572.8695781,69.64737049429873,0.23380112357129865,0.2655794595927418,0.26743714863193624,20.93,1027.547
1791103604.2130148,69.64737049429873,0.23296901098335038,0.2651440310506837,0.27361960252659023,20.91,1027.548
1791103635.5395632,69.64737049429873,0.23706520902685252,0.2643119184627354,0.2706914483036722,20.89,1027.541
1791103666.8711302,69.64737049429873,0.23293751220990783,0.26407298783310906,0.2777505009673163,20.87,1027.545
1791103698.2105315,69.64737049429873,0.23276432310008066,0.26641690925146205,0.2693548988763307,20.94,1027.54
1791103729.557251,69.64737049429873,0.23631467515768792,0.26303832406305483,0.27142307909216346,20.93,1027.54
1791103760.9035716,69.64737049429873,0.2311997484457174,0.26752939143828464,0.2668152221380549,20.91,1027.536
1791103792.2520962,69.64737049429873,0.23837075033575952,0.26872691357885803,0.2775417311196874,20.93,1027.53
1791103823.5807667,69.64737049429873,0.2364627658680845,0.2626769495294479,0.26984090122080656,20.91,1027.52
1791103854.9119682,69.64737049429873,0.2360772575620787,0.26466884672364177,0.2723145477532964,20.9,1027.519
1791103886.2564535,69.64737049429873,0.23133920657040632,0.26470821109495296,0.2706572662784158,20.87,1027.515
1791103917.5992918,69.64737049429873,0.23414548273967878,0.26340217166713875,0.2756841238313618,20.86,1027.502
1791103948.935584,69.64737049429873,0.23610968709617194,0.2675940193576497,0.2678707685640005,20.89,1027.513
1791103980.2880683,69.64737049429873,0.23283267522493079,0.2678443206951982,0.2724208682944664,20.86,1027.508
1791104011.6336038,69.64737049429873,0.23276432310008066,0.2675664504930532,0.26824291760407354,20.87,1027.504
1791104042.9791083,69.64737049429873,0.23126954030152205,0.26594194447398656,0.2739574651423878,20.87,1027.5
1791104074.331573,69.64737049429873,0.23266361784914075,0.2629144618090774,0.2733061470614848,20.87,1027.496
1791104105.6494963,69.64737049429873,0.23343259265673033,0.2622796058541899,0.27532049798760544,20.83,1027.5
1791104136.9685576,69.64737049429873,0.23346311647078954,0.2630746523201713,0.27370828968372785,20.84,1027.495
1791104168.3061051,69.64737049429873,0.2340586194303807,0.26407132100079705,0.26725965706389104,20.87,1027.498
1791104199.6575646,69.64737049429873,0.23227965145403717,0.2616039982166652,0.27092080582286493,20.86,1027.503
1791104230.9991293,69.64737049429873,0.23367402292538628,0.2624815813775264,0.26646083164548423,20.87,1027.501
1791104262.3474844,69.64737049429873,0.2318607336734601,0.26336148912823193,0.2682064515791618,20.84,1027.501
1791104293.6939673,69.64737049429873,0.2323070935074944,0.26316603205603717,0.2675940193576497,20.89,1027.493
1791104325.0366538,69.64737049429873,0.23227423767964064,0.26383539482948587,0.2654188273735883,20.86,1027.48
1791104356.381036,69.64737049429873,0.23203448611038155,0.26630231535495563,0.27092080582286493,20.89,1027.475
1791104387.7244415,69.64737049429873,0.23301102531512952,0.26156145235236866,0.27008456066460607,20.9,1027.466
1791104419.067134,69.64737049429873,0.237256762693811,0.26423084455679396,0.26466884672364177,20.86,1027.46
1791104450.4123964,69.64737049429873,0.2329058712877029,0.2627599527202906,0.26825443541484445,20.89,1027.445
1791104481.761921,69.64737049429873,0.2318607336734601,0.2676129259369094,0.2699976076321609,20.89,1027.443
1791104513.1085157,69.64737049429873,0.23105978661252546,0.2631158510124488,0.26884818559679163,20.9,1027.437
1791104544.4539804,69.64737049429873,0.2322438183050424,0.26136809600646943,0.2653458381011391,20.91,1027.44
1791104575.7925148,69.64737049429873,0.23123413573844295,0.264310094069953,0.26693552286175426,20.9,1027.428
1791104607.1390064,69.64737049429873,0.2361183224002662,0.2616371155795196,0.26781765769638705,20.91,1027.423
1791104638.4866045,69.64737049429873,0.23046505321431981,0.26079935747290206,0.2669429169214304,20.9,1027.416
1791104669.819875,69.64737049429873,0.23168682448406813,0.2627657423905584,0.2662639792351788,20.9,1027.414
1791104701.168474,69.64737049429873,0.2357276157074534,0.2614307277020103,0.27081311273733577,20.9,1027.41
1791104732.5229263,69.64737049429873,0.23140916459885044,0.2636417480886388,0.2666819011202531,20.91,1027.408
1791104763.8675478,69.64737049429873,0.23344922355516498,0.2624534289694062,0.26683882901384487,20.93,1027.397
1791104795.2128391,69.64737049429873,0.23057626100344886,0.26216892363671257,0.2703271100216859,20.91,1027.394
1791104826.558675,69.64737049429873,0.23804861348748765,0.2631980255911769,0.26951154190806814,20.9,1027.395
1791104857.9000227,69.64737049429873,0.2351348520200495,0.26745507263907503,0.26689782745598833,20.9,1027.39
1791104889.2484663,69.64737049429873,0.23461662006287667,0.2639924661005766,0.2745445348419867,20.89,1027.39
1791104920.5831718,69.64737049429873,0.23123413573844295,0.26331669540581915,0.2696840533714216,20.91,1027.395
1791104951.9253187,69.64737049429873,0.23346311647078954,0.26279565200392324,0.27015417279671156,20.89,1027.402
1791104983.2698514,69.64737049429873,0.23482885616775953,0.26423084455679396,0.26710135859170414,20.91,1027.414
1791105014.6124341,69.64737049429873,0.23339514863111646,0.26079935747290206,0.26745507263907503,20.91,1027.422
1791105045.9579253,69.64737049429873,0.23350061879788472,0.2707985437375949,0.2724702792868548,20.9,1027.417
1791105077.282482,69.64737049429873,0.23252231521552955,0.2635543563574685,0.2724702792868548,20.91,1027.433
1791105108.6341562,69.64737049429873,0.23517462069537265,0.26395209617070764,0.2699626759629649,20.91,1027.452
1791105139.9823341,69.64737049429873,0.23304244364678628,0.26288389765821935,0.2729043672361651,20.91,1027.458
1791105171.341877,69.64737049429873,0.23144361773588565,0.2629712746371336,0.2677974300572517,20.89,1027.468
1791105202.6983912,69.64737049429873,0.23102919738586775,0.2617822860242832,0.2679438445500481,20.9,1027.472
1791105234.0390544,69.64737049429873,0.23380112357129865,0.2686418736251071,0.2725755050719638,20.9,1027.472
1791105265.387365,69.64737049429873,0.2332525903872813,0.2624815813775264,0.26959768102026876,20.91,1027.468
1791105296.7188413,69.64737049429873,0.23537343676903819,0.2646686304258725,0.26721389420451847,20.91,1027.47
1791105328.0655675,69.64737049429873,0.2356113772463806,0.26291977970295544,0.2666128468174414,20.9,1027.467
1791105359.412948,69.64737049429873,0.23590501727954485,0.2687629433556046,0.27111109300321784,20.91,1027.464
1791105390.7713735,69.64737049429873,0.23200077715976733,0.26395209617070764,0.27250294971703903,20.93,1027.453
1791105422.1020815,69.64737049429873,0.23356852208730208,0.2662639792351788,0.272872044525469,20.91,1027.443
1791105453.4404716,69.64737049429873,0.23583919594809108,0.2643501952950669,0.26861843313466544,20.91,1027.45
1791105484.7858527,69.64737049429873,0.23151275832998627,0.266777435205448,0.2668600639434953,20.95,1027.434
1791105516.1703138,69.64737049429873,0.2346444471011025,0.2618403266466385,0.2746992600192014,20.9,1027.424
1791105547.5248032,69.64737049429873,0.23530728432040096,0.26132537562512187,0.27076430406327284,20.9,1027.418
1791105578.8704402,69.64737049429873,0.2317913809215296,0.2649474693151851,0.266777435205448,20.91,1027.425
1791105610.197913,69.64737049429873,0.23318449387924622,0.27074487546665216,0.2686418736251071,20.91,1027.423
1791105641.5473244,69.64737049429873,0.23401138564034676,0.26712298470935414,0.2775977739750198,20.91,1027.419
1791105672.9017522,69.64737049429873,0.23296901098335038,0.266411198516933,0.26902722312777566,20.91,1027.414
1791105704.2442923,69.64737049429873,0.23116545401206093,0.2620850420382913,0.26795435030522835,20.87,1027.411
1791105735.5919337,69.64737049429873,0.23721425184737077,0.2691624936038681,0.2704324186849329,20.9,1027.414
1791105766.942408,69.64737049429873,0.23359868474019757,0.26637878017622574,0.2730596924025675,20.89,1027.412
1791105798.2838843,69.64737049429873,0.23374173906233287,0.2639924661005766,0.2780703765723238,20.86,1027.408
1791105829.6284437,69.64737049429873,0.23266361784914075,0.26315697536911514,0.2701193981312937,20.86,1027.408
1791105860.9777372,69.64737049429873,0.23318449387924622,0.2699276811804634,0.2688121840033841,20.9,1027.409
1791105892.315356,69.64737049429873,0.2331533399545245,0.26949165959387494,0.2708866611751149,20.91,1027.405
1791105923.5491111,69.64737049429873,0.23325884387927018,0.2626769495294479,0.2736766643375948,20.89,1027.402
1791105954.8902712,69.64737049429873,0.23506839439673538,0.2629144618090774,0.2682178644004046,20.89,1027.405
1791105986.2418299,69.64737049429873,0.23364394887533688,0.26383054775671044,0.27324214053955675,20.87,1027.395
1791106017.5694647,69.64737049429873,0.2372775209629096,0.26886164757027275,0.27221571411264756,20.84,1027.393
1791106048.9188836,69.64737049429873,0.232351609883048,0.26422967366861605,0.2709408449918935,20.84,1027.384
1791106080.2623591,69.64737049429873,0.23119857103908367,0.2627184885828385,0.26550758102789784,20.82,1027.38
1791106111.6039007,69.64737049429873,0.23248620255337502,0.2651048601211326,0.2676129259369094,20.83,1027.377
1791106142.9433205,69.64737049429873,0.2373428293347167,0.26395413786516847,0.2649463756246681,20.8,1027.374
1791106174.2989047,69.64737049429873,0.23727859845925048,0.26450959294288023,0.2713008661027808,20.82,1027.367
1791106205.6556187,69.64737049429873,0.23217478015687062,0.26351357241225737,0.26661920486444507,20.83,1027.358
1791106236.9868996,69.64737049429873,0.23534726869100522,0.26347271471342765,0.26825443541484445,20.84,1027.362
1791106268.3193784,69.64737049429873,0.23053579335676386,0.2636326529526672,0.2721256347308562,20.86,1027.358
1791106299.6598673,69.64737049429873,0.23116415427695786,0.26351357241225737,0.2710091289221558,20.84,1027.358
1791106330.998216,69.64737049429873,0.2310940462611141,0.2723719131885753,0.2745445348419867,20.86,1027.35
1791106362.3467615,69.64737049429873,0.2402433205416461,0.262593645861249,0.27265129225507034,20.82,1027.356
1791106393.6883442,69.64737049429873,0.22990629508132976,0.2608426497901874,0.26901936439063484,20.84,1027.358
1791106425.037814,69.64737049429873,0.2329108741599878,0.26470924066795953,0.2648683469743032,20.84,1027.357
1791106456.3841743,69.64737049429873,0.2312676855289759,0.2630284027057504,0.26962941272352076,20.86,1027.362
1791106487.7097056,69.64737049429873,0.23402940271386738,0.2639500415301462,0.26807091659237786,20.86,1027.366
1791106519.0533135,69.64737049429873,0.23175707644349533,0.2616371155795196,0.2664667307763752,20.87,1027.362
1791106550.385769,69.64737049429873,0.22973734611065813,0.26268301124278753,0.2731186637050988,20.89,1027.364
1791106581.7313385,69.64737049429873,0.2306064056884182,0.26176449081667946,0.269632894194395,20.9,1027.372
1791106613.0687475,69.64737049429873,0.23158236233069587,0.268096658012635,0.26853330970911427,20.9,1027.37
1791106644.4192142,69.64737049429873,0.23165229916546434,0.2628315129762666,0.2747926656025867,20.93,1027.371
1791106675.7498236,69.64737049429873,0.23105809971146712,0.26362958275848947,0.2715337759890902,20.87,1027.374
1791106707.093261,69.64737049429873,0.232351609883048,0.26678433185867456,0.2679862674450786,20.89,1027.39
1791106738.433636,69.64737049429873,0.23266361784914075,0.2624748736861371,0.2736449817743704,20.86,1027.39
1791106769.7772403,69.64737049429873,0.23112839896855572,0.26147612959526884,0.26750142232584206,20.87,1027.389
1791106801.128794,69.64737049429873,0.23238461753289277,0.2630698114198005,0.2693343702091051,20.86,1027.389
1791106832.4692705,69.64737049429873,0.23273665279026762,0.26462916128747754,0.26758525933025484,20.86,1027.395
1791106863.818843,69.64737049429873,0.2329477611725326,0.26430917318559116,0.26854578513801214,20.86,1027.387
1791106895.141315,69.64737049429873,0.2330164116367344,0.2630284027057504,0.26919147523385056,20.84,1027.381
1791106926.4787793,69.64737049429873,0.23102381134730987,0.26279565200392324,0.2673893118654452,20.87,1027.384
1791106957.8112254,69.64737049429873,0.23245689394380087,0.26502901110521204,0.26814452360719465,20.86,1027.375
1791106989.163805,69.64737049429873,0.2370404441707617,0.2624330200307209,0.27510489520161413,20.87,1027.379
1791107020.5033236,69.64737049429873,0.23196691560414945,0.2625166516876753,0.26702599505331504,20.87,1027.372
1791107051.8517995,69.64737049429873,0.23130319041380493,0.26271252557591884,0.27770816377435864,20.87,1027.366
1791107083.2042954,69.64737049429873,0.23518786203060824,0.26442910100759137,0.2710636147562129,20.86,1027.363
1791107114.5488904,69.64737049429873,0.23270435458632452,0.26574819667334454,0.2709066101614466,20.9,1027.354
1791107145.899209,69.64737049429873,0.23374977057539748,0.27122047713036346,0.2738612032208804,20.84,1027.348
1791107177.2547727,69.64737049429873,0.23329617048320112,0.26267084936221025,0.27218265014207993,20.84,1027.334
1791107208.6122696,69.64737049429873,0.23133785855793385,0.2610354923047314,0.2683026364798769,20.83,1027.329
1791107239.9566255,69.64737049429873,0.23259483455011284,0.2698926231134553,0.271567381826506,20.84,1027.32
1791107271.3042312,69.64737049429873,0.23248967852198968,0.2714446618076109,0.2697706599101229,20.79,1027.312
1791107302.6512818,69.64737049429873,0.2355197607899061,0.26411160154055513,0.2742346649700907,20.77,1027.31
1791107333.989124,69.64737049429873,0.23311627433684662,0.2647486542176592,0.2716009269460823,20.77,1027.303
1791107365.3345976,69.64737049429873,0.233991098061142,0.26200085746810364,0.26598485278300366,20.79,1027.295
1791107396.6642928,69.64737049429873,0.23203448611038155,0.2625583542402762,0.2678914228473966,20.76,1027.277
1791107428.010845,69.64737049429873,0.22889235460697252,0.261712984422387,0.26614365579889915,20.77,1027.278
1791107459.3501456,69.64737049429873,0.23119857103908367,0.26319358826125255,0.2699796697510643,20.77,1027.267
1791107490.6966445,69.64737049429873,0.2310940462611141,0.2610786101751079,0.2711317074545179,20.8,1027.257
1791107522.0442512,69.64737049429873,0.2405843456350681,0.26957812252362495,0.26750142232584206,20.79,1027.256
1791107553.393662,69.64737049429873,0.2349351182782404,0.2612397030960267,0.26861843313466544,20.82,1027.246
1791107584.7322319,69.64737049429873,0.23165229916546434,0.268023130934679,0.27277472520304336,20.8,1027.234
1791107616.0607336,69.64737049429873,0.23036081293246616,0.26223765137142735,0.2737371663765925,20.8,1027.228
1791107647.3970566,69.64737049429873,0.23214132761329004,0.26079935747290206,0.27017174956563045,20.83,1027.217
1791107678.7477016,69.64737049429873,0.23116415427695786,0.2669806567476431,0.26542659987865347,20.84,1027.209
1791107710.0442502,69.64737049429873,0.2314430285712277,0.25993226266740527,0.2715118826837294,20.8,1027.199
1791107741.397535,69.64737049429873,0.2360772575620787,0.26223765137142735,0.26896956712026093,20.79,1027.204
1791107772.7370596,69.64737049429873,0.23098961595165285,0.26678433185867456,0.2724047611830314,20.79,1027.201
1791107804.0837686,69.64737049429873,0.23615949878211798,0.26335365263641924,0.27193620856744966,20.79,1027.192
1791107835.4102218,69.64737049429873,0.23008156023026033,0.2675758251898295,0.26618208325939796,20.8,1027.187
1791107866.739558,69.64737049429873,0.23412601885947468,0.2643501952950669,0.27228166275635485,20.82,1027.174
1791107898.084258,69.64737049429873,0.23710535623703624,0.2609173714622788,0.2724047611830314,20.77,1027.165
1791107929.4245567,69.64737049429873,0.23598682768315665,0.26099229628340975,0.27473126401942866,20.77,1027.167
1791107960.7742162,69.64737049429873,0.23028988233296202,0.2624748736861371,0.26758525933025484,20.77,1027.157
1791107992.1016893,69.64737049429873,0.23053579335676386,0.26650495279217956,0.27795949451847607,20.77,1027.152
1791108023.4502165,69.64737049429873,0.23472269013939062,0.2610786101751079,0.26550758102789784,20.76,1027.139
1791108054.7957323,69.64737049429873,0.22882002893973308,0.2615945033951272,0.26758525933025484,20.77,1027.131
1791108086.1491556,69.64737049429873,0.23112839896855572,0.262593645861249,0.26702599505331504,20.83,1027.134
1791108117.4986577,69.64737049429873,0.23116415427695786,0.27092080582286493,0.27008456066460607,20.8,1027.143
1791108148.8421774,69.64737049429873,0.23238461753289277,0.26156145235236866,0.27119955420895125,20.83,1027.134
1791108180.192493,69.64737049429873,0.2324535285429569,0.2625166516876753,0.26658118964922545,20.84,1027.137
1791108211.5170243,69.64737049429873,0.2344435636872155,0.26462916128747754,0.26658118964922545,20.82,1027.14
1791108242.8655877,69.64737049429873,0.23077834086500035,0.2636704093916763,0.2668672320592116,20.82,1027.14
1791108274.210009,69.64737049429873,0.2377723120266692,0.2677436253894811,0.27022433821681263,20.8,1027.157
1791108305.5507543,69.64737049429873,0.23242070667978507,0.26770650859861184,0.26714699090567834,20.83,1027.156
1791108336.8880541,69.64737049429873,0.23248967852198968,0.2612720551298765,0.2683876391373461,20.83,1027.157
1791108368.2345803,69.64737049429873,0.23336444333013895,0.2628315129762666,0.2724624089885467,20.83,1027.146
1791108399.5902634,69.64737049429873,0.23374977057539748,0.26411005330190834,0.2694206586606685,20.83,1027.139
1791108430.9325643,69.64737049429873,0.2314430285712277,0.2624330200307209,0.27137719747705386,20.83,1027.139
1791108462.2760234,69.64737049429873,0.23585485565003603,0.263708337224774,0.2657870865730958,20.82,1027.135
1791108493.619755,69.64737049429873,0.23999460151898988,0.26234908493477505,0.27336150094157374,20.82,1027.126
1791108524.963113,69.64737049429873,0.23056938787815992,0.2652674007081954,0.265429223614629,20.79,1027.111
1791108556.3084807,69.64737049429873,0.22945884920017098,0.25925801862229514,0.26554665341040123,20.79,1027.09
1791108587.6534488,69.64737049429873,0.23008156023026033,0.2608740880069773,0.26856956300524826,20.82,1027.079
1791108619.0036662,69.64737049429873,0.23510810886996533,0.2651474734264783,0.2694206586606685,20.79,1027.072
1791108650.3470757,69.64737049429873,0.23642127196234955,0.26057637777064385,0.2693343702091051,20.79,1027.063
1791108681.6755354,69.64737049429873,0.23085133375260672,0.26203488772825895,0.26498692346240454,20.8,1027.058
1791108713.0181813,69.64737049429873,0.23385568817613464,0.2609490218984778,0.2684969908525798,20.8,1027.048
1791108744.360557,69.64737049429873,0.23172261645321612,0.2644696539014112,0.26670165643139504,20.82,1027.049
1791108775.6901128,69.64737049429873,0.22965930547913332,0.2600351915915676,0.2664226561151471,20.82,1027.043
1791108807.0206082,69.64737049429873,0.23308493778494105,0.262077082452552,0.2665874732127448,20.8,1027.044
1791108838.3499904,69.64737049429873,0.2306064056884182,0.2619586510551793,0.26462906958933674,20.84,1027.049
1791108869.6895127,69.64737049429873,0.23242070667978507,0.2607559867595335,0.26893365896137894,20.82,1027.054
1791108901.022218,69.64737049429873,0.23151271346763833,0.2634317830607341,0.2669051087538874,20.86,1027.051
1791108932.3535407,69.64737049429873,0.2310940462611141,0.26399054119372417,0.27181315505558523,20.82,1027.061
1791108963.6949484,69.64737049429873,0.23203632914570116,0.2622796058541899,0.2715337759890902,20.82,1027.071
1791108995.038606,69.64737049429873,0.23008156023026033,0.26438955884710624,0.2688121840033841,20.79,1027.069
1791109026.3809297,69.64737049429873,0.23287408725231865,0.26239109051574355,0.2650685700840258,20.79,1027.07
1791109057.7315037,69.64737049429873,0.23036081293246616,0.26279565200392324,0.2677436253894811,20.79,1027.064
1791109089.0720844,69.64737049429873,0.23388531078286526,0.26594619465918945,0.269212659277627,20.77,1027.068
1791109120.4254353,69.64737049429873,0.23018567414782476,0.26462906958933674,0.2733657290721646,20.76,1027.071
1791109151.7791297,69.64737049429873,0.23266361784914075,0.2696488068861935,0.2688121840033841,20.79,1027.078
1791109183.1234212,69.64737049429873,0.23126861626790082,0.2663405822729017,0.26769668682630476,20.79,1027.072
1791109214.4701188,69.64737049429873,0.23214132761329004,0.262077082452552,0.26769668682630476,20.8,1027.072
1791109245.8135285,69.64737049429873,0.23105809971146712,0.26099229628340975,0.2702939493479004,20.82,1027.066
1791109277.1609113,69.64737049429873,0.22955528849834905,0.2584484385742756,0.2651886789804111,20.77,1027.06
1791109308.4874756,69.64737049429873,0.23360618433069016,0.2609173714622788,0.2665431056873539,20.76,1027.066
1791109339.837064,69.64737049429873,0.2329108741599878,0.2622722486993268,0.26522807548269994,20.77,1027.068
1791109371.1844475,69.64737049429873,0.2310940462611141,0.2633126317927546,0.2701019485764839,20.8,1027.071
1791109402.5329714,69.64737049429873,0.23165229916546434,0.2661051588148129,0.26905524375692996,20.8,1027.072
1791109433.880562,69.64737049429873,0.23036081293246616,0.26351357241225737,0.2683391804324596,20.79,1027.076
1791109465.2279048,69.64737049429873,0.23126861626790082,0.2629558238237178,0.26502765453390714,20.8,1027.087
1791109496.571652,69.64737049429873,0.2322438183050424,0.2606071155376722,0.2672970768037432,20.82,1027.085
1791109527.8518875,69.64737049429873,0.23346311647078954,0.2614107394107607,0.26856956300524826,20.83,1027.096
1791109559.1894045,69.64737049429873,0.23109559981984687,0.2662969503776234,0.2743278611200323,20.82,1027.081
1791109590.5329177,69.64737049429873,0.23781375651478526,0.2605329819781767,0.27284598433380786,20.76,1027.087
1791109621.885328,69.64737049429873,0.23307930903650387,0.26016708088101953,0.2718236481260398,20.74,1027.081
1791109653.2389314,69.64737049429873,0.23050228984035287,0.26375184116560274,0.27451366528633875,20.77,1027.08
1791109684.5966744,69.64737049429873,0.23433761974662867,0.26395209617070764,0.2712882553743309,20.82,1027.079
1791109715.9390857,69.64737049429873,0.23064006563467201,0.26175550866176395,0.26837565832888305,20.79,1027.075
1791109747.2904832,69.64737049429873,0.23255852574830696,0.2616039982166652,0.2715337759890902,20.79,1027.075
1791109778.6515257,69.64737049429873,0.22973734611065813,0.2606071155376722,0.2659033348733117,20.82,1027.057
1791109809.9774096,69.64737049429873,0.23119857103908367,0.26016708088101953,0.26769668682630476,20.82,1027.047
1791109841.3168573,69.64737049429873,0.23029433993163242,0.2587010248013209,0.26984090122080656,20.82,1027.039
1791109872.6663995,69.64737049429873,0.23192996145996375,0.25997623929264824,0.2639924661005766,20.79,1027.029
1791109904.0068705,69.64737049429873,0.23126954030152205,0.26184902528859466,0.2697192362893966,20.79,1027.042
1791109935.3554862,69.64737049429873,0.2306064056884182,0.2602108852589486,0.26586066815805076,20.8,1027.034
1791109966.6828294,69.64737049429873,0.23092150255749602,0.26582203749069727,0.2684484166683708,20.8,1027.036
1791109998.0253842,69.64737049429873,0.23582364911384263,0.2645494599215508,0.26721389420451847,20.77,1027.025
1791110029.3708832,69.64737049429873,0.23447179358893955,0.26498692346240454,0.2708327216604536,20.76,1027.021
1791110060.7204459,69.64737049429873,0.23227693482064085,0.26044595517528935,0.27111109300321784,20.77,1027.015
1791110092.0608478,69.64737049429873,0.23234862610461623,0.26649893829496085,0.268290940413705,20.79,1027.009
1791110123.4064143,69.64737049429873,0.23074724830240315,0.2639924661005766,0.26801231782216167,20.79,1027.003
1791110154.7568536,69.64737049429873,0.23311627433684662,0.26287302492774406,0.2720026624401068,20.8,1026.98
1791110186.0863962,69.64737049429873,0.23241747635898857,0.26841207034808834,0.2683391804324596,20.77,1026.976
1791110217.4278271,69.64737049429873,0.2322438183050424,0.26872691357885803,0.27411079559451074,20.74,1026.958
1791110248.7763362,69.64737049429873,0.23071354966539345,0.26240501592472326,0.2691624936038681,20.76,1026.965
1791110280.1150446,69.64737049429873,0.23359868474019757,0.2617221090820173,0.26586066815805076,20.79,1026.95
1791110311.4614096,69.64737049429873,0.23429898424541953,0.2610897246637052,0.26856956300524826,20.79,1026.943
1791110342.8009408,69.64737049429873,0.23050228984035287,0.2597708703794133,0.27039789504178086,20.79,1026.94
1791110374.1584888,69.64737049429873,0.23227693482064085,0.26256478685444357,0.2649474693151851,20.77,1026.938
1791110405.5109534,69.64737049429873,0.23539948717966758,0.26462897846923766,0.2689558015037781,20.76,1026.932
1791110436.8612792,69.64737049429873,0.23109559981984687,0.26268301124278753,0.2755948872927479,20.73,1026.919
1791110468.1899016,69.64737049429873,0.23060971360777097,0.2616888599574663,0.26752939143828464,20.74,1026.91
1791110499.52442,69.64737049429873,0.23311054542707577,0.26018105338020886,0.2666950297981677,20.74,1026.908
1791110530.8737943,69.64737049429873,0.23537343676903819,0.26132537562512187,0.27018888483052356,20.74,1026.908
1791110562.2223344,69.64737049429873,0.23151275832998627,0.2627184885828385,0.268290940413705,20.79,1026.909
1791110593.5698764,69.64737049429873,0.23217478015687062,0.2635918844949604,0.2696840533714216,20.8,1026.897
1791110624.904261,69.64737049429873,0.23165229916546434,0.26395209617070764,0.266822232139529,20.83,1026.88
1791110656.245816,69.64737049429873,0.23095551314689963,0.2626769495294479,0.2696488068861935,20.77,1026.89
1791110687.5893838,69.64737049429873,0.2360772575620787,0.2601373208207416,0.27060766085886695,20.77,1026.883
1791110718.9298146,69.64737049429873,0.23165184091325813,0.26196698050417194,0.2680490082328112,20.77,1026.876
1791110750.2597165,69.64737049429873,0.23342571555148847,0.26522412082346364,0.27312385453595284,20.74,1026.877
1791110781.6060178,69.64737049429873,0.23744960094390846,0.2653434888758934,0.26867793130163314,20.73,1026.871
1791110812.9543223,69.64737049429873,0.23116545401206093,0.26570223858516934,0.26867793130163314,20.73,1026.864
1791110844.299841,69.64737049429873,0.23290090440889014,0.2694408649466324,0.269041189243826,20.74,1026.842
1791110875.640495,69.64737049429873,0.23447179358893955,0.264827956832038,0.2729366316789254,20.74,1026.842
1791110906.9767802,69.64737049429873,0.23440476724556097,0.26148599390619226,0.2652260919067284,20.73,1026.826
1791110938.329354,69.64737049429873,0.23297421904451707,0.2617221090820173,0.26538495065301226,20.77,1026.814
1791110969.676794,69.64737049429873,0.2302235414542666,0.2610467530335786,0.26462906958933674,20.77,1026.812
1791111001.0132494,69.64737049429873,0.23854164589980184,0.26280134214428885,0.26582203749069727,20.77,1026.807
1791111032.3668165,69.64737049429873,0.23078103822643917,0.25937501748431857,0.2645892550322838,20.77,1026.797
1791111063.7152126,69.64737049429873,0.23109559981984687,0.2581895996031919,0.26367334778462137,20.8,1026.781
1791111095.060783,69.64737049429873,0.23481694499259542,0.26113261886405503,0.26280134214428885,20.77,1026.773
1791111126.3992293,69.64737049429873,0.23569209720313614,0.2623980752351781,0.2711449585454578,20.77,1026.787
1791111157.7427456,69.64737049429873,0.2306768905553563,0.268290940413705,0.27426578645590044,20.74,1026.783
1791111189.0944188,69.64737049429873,0.23158236233069587,0.26764995980271905,0.2701193981312937,20.74,1026.786
1791111220.4357955,69.64737049429873,0.23811220906568542,0.2614107394107607,0.2737713693435896,20.73,1026.789
1791111251.784236,69.64737049429873,0.2305393587264356,0.26395413786516847,0.2690769035582664,20.76,1026.782
1791111283.1567724,69.64737049429873,0.23676466621014514,0.2688841222611039,0.2715788614208451,20.74,1026.773
1791111314.455343,69.64737049429873,0.23418370288303875,0.26748316638694514,0.27138946434598205,20.74,1026.776
1791111345.799778,69.64737049429873,0.23269164012070095,0.26736299795187907,0.26859314850374205,20.76,1026.766
1791111377.1481533,69.64737049429873,0.23151280286956932,0.2690769035582664,0.269632894194395,20.74,1026.769
1791111408.4917905,69.64737049429873,0.23154753561958635,0.26514574680872655,0.26768692696794494,20.76,1026.765
1791111439.8372276,69.64737049429873,0.2322438183050424,0.2602546106354125,0.267770636890047,20.72,1026.741
1791111471.162838,69.64737049429873,0.2310256196451674,0.2662204413844737,0.2742968517886008,20.69,1026.747
1791111502.5132644,69.64737049429873,0.23332056419349192,0.26566344756349947,0.2699976076321609,20.67,1026.737
1791111533.8567839,69.64737049429873,0.23151280286956932,0.2614533060458637,0.2729366316789254,20.7,1026.738
1791111565.2012477,69.64737049429873,0.2314433242142059,0.2679649222860092,0.2701020256626875,20.67,1026.726
1791111596.5278108,69.64737049429873,0.23283267522493079,0.2653434888758934,0.2693548988763307,20.7,1026.711
1791111627.8762803,69.64737049429873,0.23259097788682434,0.2622451010508776,0.26645496968447335,20.7,1026.697
1791111659.2136848,69.64737049429873,0.2307837161728152,0.26355764963069034,0.264390885227077,20.72,1026.689
1791111690.5462685,69.64737049429873,0.22939499017883747,0.25959661379769516,0.26840006109948816,20.72,1026.699
1791111721.8937345,69.64737049429873,0.23279622523704263,0.26050245244393927,0.2677606619161444,20.74,1026.688
1791111753.2241435,69.64737049429873,0.23575793247215945,0.26144336069593105,0.2657833370898151,20.67,1026.713
1791111784.5688806,69.64737049429873,0.23161728338469803,0.26713893823776513,0.26785457357591574,20.69,1026.725
1791111815.92227,69.64737049429873,0.23161728338469803,0.26658118964922545,0.2677336952306183,20.67,1026.704
1791111847.2636244,69.64737049429873,0.23043161531915687,0.2618403266466385,0.26853330970911427,20.7,1026.715
1791111878.6163158,69.64737049429873,0.2292837775976397,0.26072482946955916,0.26423084455679396,20.72,1026.71
1791111909.959606,69.64737049429873,0.23566661427437702,0.26219562098393123,0.2664226561151471,20.72,1026.715
1791111941.3052945,69.64737049429873,0.23242070667978507,0.26072482946955916,0.2683391804324596,20.73,1026.725
1791111972.6368368,69.64737049429873,0.22949090851133894,0.26737171391449766,0.26670165643139504,20.72,1026.745
1791112003.9741738,69.64737049429873,0.22904557775700765,0.26299711117438185,0.26928390739983227,20.67,1026.726
1791112035.325657,69.64737049429873,0.23200077715976733,0.262127020606659,0.2716009269460823,20.67,1026.727
1791112066.6652567,69.64737049429873,0.2307837161728152,0.259347067426016,0.2630794626909945,20.69,1026.725
1791112098.0158393,69.64737049429873,0.23043555434732915,0.2644301807768761,0.26506561867374845,20.72,1026.7
1791112129.3592193,69.64737049429873,0.23008676489283184,0.26216892363671257,0.2691624936038681,20.74,1026.701
1791112160.688557,69.64737049429873,0.23099154498345775,0.2604895078504919,0.27149012720200827,20.72,1026.71
1791112192.0321856,69.64737049429873,0.22984102278072632,0.2638329789490118,0.2660619596813584,20.7,1026.703
1791112223.3766956,69.64737049429873,0.2302235414542666,0.26235620890472716,0.27370828968372785,20.67,1026.694
1791112254.717075,69.64737049429873,0.23252231521552955,0.2602982572239382,0.26570572633082856,20.69,1026.697
1791112286.0687358,69.64737049429873,0.2311997484457174,0.264827956832038,0.2639138243311114,20.67,1026.672
1791112317.4131806,69.64737049429873,0.22945884920017098,0.2625583542402762,0.2662204413844737,20.69,1026.69
1791112348.7445753,69.64737049429873,0.23597071979467946,0.26709346802627626,0.26709346802627626,20.66,1026.677
1791112380.0742404,69.64737049429873,0.23642127196234955,0.2639138243311114,0.2697192362893966,20.65,1026.696
1791112411.4176393,69.64737049429873,0.22984708102238438,0.262127020606659,0.26840006109948816,20.65,1026.689
1791112442.7661903,69.64737049429873,0.23349350284603643,0.26554366614793307,0.2715788614208451,20.66,1026.696
1791112474.085627,69.64737049429873,0.23252231521552955,0.2645892550322838,0.27111109300321784,20.65,1026.689
1791112505.4170175,69.64737049429873,0.23269584770175283,0.260929000085218,0.26653697624983347,20.65,1026.699
1791112536.7615654,69.64737049429873,0.22925202722816768,0.26554366614793307,0.26725127089157896,20.69,1026.704
1791112568.09523,69.64737049429873,0.2318607336734601,0.25823508615375884,0.2651064537425251,20.67,1026.723
1791112599.437585,69.64737049429873,0.22998311763302434,0.26351699719698046,0.2661770994823283,20.67,1026.717
1791112630.7820268,69.64737049429873,0.22991213427411045,0.25953651553278234,0.26984090122080656,20.67,1026.712
1791112662.123539,69.64737049429873,0.23151275832998627,0.26056364947393934,0.27358476965302814,20.66,1026.736
1791112693.466122,69.64737049429873,0.23081491980893898,0.2602408520684904,0.26949165959387494,20.65,1026.741
1791112724.8134856,69.64737049429873,0.23500181659156572,0.2587010248013209,0.26666366421922455,20.66,1026.756
1791112756.1609902,69.64737049429873,0.2355857812308881,0.25965364007586195,0.2626415338147341,20.67,1026.74
1791112787.4958382,69.64737049429873,0.2338093330728098,0.26148599390619226,0.2647883413289665,20.67,1026.747
1791112818.8360062,69.64737049429873,0.23019050561687465,0.2680490082328112,0.26749226554728267,20.67,1026.717
1791112850.1846285,69.64737049429873,0.228241906217525,0.264191944877817,0.267770636890047,20.7,1026.721
1791112881.519057,69.64737049429873,0.2318607336734601,0.26256478685444357,0.26752939143828464,20.69,1026.706
1791112912.8705761,69.64737049429873,0.23456662625607508,0.2645098782694585,0.270900892918793,20.7,1026.698
1791112944.1991096,69.64737049429873,0.23151280286956932,0.2597420161305269,0.2637167585818118,20.67,1026.682
1791112975.5485685,69.64737049429873,0.2404902452991515,0.26371396919008944,0.26542399269694794,20.67,1026.665
1791113006.8900788,69.64737049429873,0.2299447930681803,0.2598882065867497,0.2675758251898295,20.67,1026.659
1791113038.214505,69.64737049429873,0.23081491980893898,0.2595204761298036,0.26462906958933674,20.69,1026.672
1791113069.565098,69.64737049429873,0.23095551314689963,0.2597860848329938,0.2633126317927546,20.73,1026.664
1791113100.9045324,69.64737049429873,0.23126954030152205,0.2587910767898874,0.26911255360660136,20.74,1026.651
1791113132.1919408,69.64737049429873,0.22914875599290743,0.2613356880403259,0.2633575832377001,20.76,1026.646
1791113163.532629,69.64737049429873,0.22956946071452022,0.26110076921536307,0.2677238276126236,20.74,1026.641
1791113194.8750923,69.64737049429873,0.23539948717966758,0.25994696204634815,0.2662153413525893,20.73,1026.657
1791113226.2196004,69.64737049429873,0.23161695176920186,0.2596692168475526,0.26427199919754013,20.74,1026.684
1791113257.5521543,69.64737049429873,0.23161695176920186,0.26332073344895685,0.26689059201623694,20.72,1026.695
1791113288.8945503,69.64737049429873,0.23050597097401967,0.26840006109948816,0.2662153413525893,20.73,1026.706
1791113320.239946,69.64737049429873,0.23060971360777097,0.26645496968447335,0.26518496910536626,20.72,1026.706
1791113351.5667257,69.64737049429873,0.23057283684211957,0.26196698050417194,0.27284598433380786,20.72,1026.695
1791113382.9079163,69.64737049429873,0.23259097788682434,0.26721389420451847,0.26625873036161213,20.72,1026.685
1791113414.2634017,69.64737049429873,0.2365279649777661,0.2610467530335786,0.27138946434598205,20.72,1026.694
1791113445.6081269,69.64737049429873,0.23189603177078433,0.2657833370898151,0.26912680818833495,20.76,1026.689
1791113476.9524875,69.64737049429873,0.23140832757358099,0.26216124339975183,0.2724702792868548,20.74,1026.693
1791113508.2950363,69.64737049429873,0.23322161848163675,0.25993226266740527,0.2714783025950375,20.74,1026.67
1791113539.6196697,69.64737049429873,0.22984102278072632,0.25993226266740527,0.27076430406327284,20.76,1026.684
1791113570.9698975,69.64737049429873,0.23241747635898857,0.259697867949884,0.26550471449827173,20.79,1026.684
1791113602.31146,69.64737049429873,0.23172119441635086,0.26641690925146205,0.26637878017622574,20.79,1026.686
1791113633.6461072,69.64737049429873,0.2338768052869032,0.2609720584854058,0.269041189243826,20.82,1026.693
1791113664.9774806,69.64737049429873,0.23088758380991592,0.2661770994823283,0.2681699197578837,20.74,1026.69
1791113696.3129244,69.64737049429873,0.230053973203481,0.26704820227618176,0.2663351016186459,20.77,1026.692
1791113727.6446161,69.64737049429873,0.23522763935354404,0.26221075133215993,0.2702235344017836,20.77,1026.685
1791113758.9848318,69.64737049429873,0.23477776663994565,0.264827956832038,0.27398870997278574,20.76,1026.686
1791113790.3293808,69.64737049429873,0.23241747635898857,0.26176449081667946,0.26872691357885803,20.74,1026.685
1791113821.6798944,69.64737049429873,0.23147799433393879,0.2606505031747309,0.26987592690849016,20.76,1026.704
1791113853.026459,69.64737049429873,0.23269584770175283,0.2618067961500699,0.2683273795755754,20.74,1026.695
1791113884.358936,69.64737049429873,0.23182553093765063,0.26840006109948816,0.2697543558119297,20.76,1026.682
1791113915.7003505,69.64737049429873,0.23182553093765063,0.2603418252372838,0.2734017247380978,20.76,1026.668
1791113947.0449317,69.64737049429873,0.23230990262509335,0.26930459399042506,0.2717677475098724,20.73,1026.646
1791113978.384391,69.64737049429873,0.2365514513447437,0.262127020606659,0.27192309485413263,20.76,1026.663
1791114009.7309008,69.64737049429873,0.22932357307507198,0.26323900187891613,0.26395413786516847,20.74,1026.66
1791114041.0774226,69.64737049429873,0.23794142793506515,0.2684363038155025,0.27006728231235805,20.74,1026.67
1791114072.422942,69.64737049429873,0.23623234810326005,0.26050245244393927,0.2663731842701483,20.73,1026.647
1791114103.7573047,69.64737049429873,0.2360608749499307,0.2620510367346269,0.26954678504695917,20.73,1026.632
1791114135.0960262,69.64737049429873,0.23113125206184731,0.26216892363671257,0.2680381574453436,20.7,1026.622
1791114166.4444416,69.64737049429873,0.23033184340562599,0.26066293519530603,0.2698244053548233,20.72,1026.62
1791114197.7760468,69.64737049429873,0.2297437744158512,0.2617311762480086,0.2678443206951982,20.72,1026.6
1791114229.125353,69.64737049429873,0.23033184340562599,0.2585130814718231,0.2647481859712283,20.72,1026.602
1791114260.4589927,69.64737049429873,0.23196532139455528,0.26216124339975183,0.26490697378730194,20.74,1026.595
1791114291.802303,69.64737049429873,0.22910854790992144,0.26072482946955916,0.2649079438836065,20.74,1026.581
1791114323.1389675,69.64737049429873,0.23158236233069587,0.2620510367346269,0.26450959294288023,20.77,1026.588
1791114354.4784894,69.64737049429873,0.23300567776317962,0.2630794626909945,0.26939029880539694,20.77,1026.578
1791114385.8258312,69.64737049429873,0.2342220262356557,0.25927483365598525,0.26613878870475643,20.79,1026.576
1791114417.1603107,69.64737049429873,0.23040232163811272,0.2671683372150325,0.2702581216789373,20.77,1026.577
1791114448.5077755,69.64737049429873,0.2303691784686472,0.2607060972482929,0.27185685673890936,20.76,1026.576
1791114479.8523543,69.64737049429873,0.23075004408215496,0.2616980112798495,0.26458928932538484,20.79,1026.571
1791114511.2008116,69.64737049429873,0.23407849443394807,0.2614107394107607,0.26585670590080557,20.79,1026.576
1791114542.5343678,69.64737049429873,0.23140874759104652,0.26470821109495296,0.269476235265224,20.79,1026.575
1791114573.8657427,69.64737049429873,0.23407849443394807,0.2612930346524661,0.2678810631997742,20.8,1026.567
1791114605.222344,69.64737049429873,0.23189469696799742,0.26110076921536307,0.2662969503776234,20.79,1026.563
1791114636.5678384,69.64737049429873,0.23043555434732915,0.260415566708963,0.26355764963069034,20.8,1026.562
1791114667.907317,69.64737049429873,0.22945884920017098,0.2639924661005766,0.27123338577324224,20.77,1026.56
1791114699.2547293,69.64737049429873,0.23217244216679297,0.26057637777064385,0.26427096301106373,20.79,1026.547
1791114730.5915022,69.64737049429873,0.23203448611038155,0.25883598125116597,0.2639138243311114,20.79,1026.539
1791114761.9456863,69.64737049429873,0.23383891335956627,0.2672885802909083,0.2682793180102147,20.8,1026.547
1791114793.2763577,69.64737049429873,0.2313737203665525,0.26045904869827324,0.2664929616604534,20.82,1026.553
1791114824.623867,69.64737049429873,0.22991213427411045,0.264191944877817,0.2655825476113452,20.8,1026.552
1791114855.9792988,69.64737049429873,0.23116545401206093,0.2610897246637052,0.26848469746738324,20.8,1026.542
1791114887.31767,69.64737049429873,0.23099154498345775,0.26121817581103435,0.26594194447398656,20.79,1026.557
1791114918.606475,69.64737049429873,0.23168624312024574,0.2617311762480086,0.2662153413525893,20.79,1026.56
1791114949.9538078,69.64737049429873,0.23704291209836653,0.2614957961188985,0.26490697378730194,20.77,1026.553
1791114981.2852726,69.64737049429873,0.23067994194597685,0.27115810262423157,0.2721111782845992,20.77,1026.552
1791115012.6277776,69.64737049429873,0.2319285078173477,0.26193325580296073,0.2721111782845992,20.77,1026.55
1791115043.968238,69.64737049429873,0.23206804348529766,0.26760344289191,0.27315584904919327,20.77,1026.553
1791115075.2945938,69.64737049429873,0.2353335070442356,0.2616888599574663,0.2726006084334649,20.76,1026.555
1791115106.4753594,69.64737049429873,0.2314433242142059,0.26061969543942876,0.2715788614208451,20.76,1026.545
1791115137.82873,69.64737049429873,0.2350951908808168,0.26379499251504474,0.2667328398866183,20.72,1026.563
1791115169.1761537,69.64737049429873,0.23109559981984687,0.2617311762480086,0.2756246863552576,20.77,1026.557
1791115200.5175836,69.64737049429873,0.2331785247167543,0.26200904645015366,0.2666128468174414,20.76,1026.54
1791115231.8642554,69.64737049429873,0.2366163653475218,0.2663351016186459,0.269945789202988,20.77,1026.535
1791115263.1896756,69.64737049429873,0.23650996841112423,0.26152855026184857,0.27173450352522793,20.76,1026.535
1791115294.539225,69.64737049429873,0.2400417317986824,0.2623632879265127,0.26542399269694794,20.76,1026.527
1791115325.8975396,69.64737049429873,0.23588924744852557,0.2627244140343037,0.2729366316789254,20.74,1026.525
1791115357.2380939,69.64737049429873,0.2347111669270201,0.26268301124278753,0.2658992292801834,20.76,1026.524
1791115388.5868297,69.64737049429873,0.23276432310008066,0.26296100656085186,0.27006728231235805,20.74,1026.523
1791115419.9122233,69.64737049429873,0.23015755902926485,0.2594800408153396,0.2757487911918095,20.74,1026.51
1791115451.2616725,69.64737049429873,0.2312009173928384,0.261303425538235,0.27235567347956874,20.74,1026.503
1791115482.6033664,69.64737049429873,0.2370230898621769,0.26458928932538484,0.2691836615975704,20.73,1026.491
1791115513.9436915,69.64737049429873,0.2359547277953959,0.2627244140343037,0.27013670657837335,20.7,1026.48
1791115545.2901957,69.64737049429873,0.23033184340562599,0.2649463756246681,0.26522412082346364,20.72,1026.473
1791115576.6327548,69.64737049429873,0.23290090440889014,0.2712125068941441,0.2718900055945569,20.7,1026.474
1791115607.9840264,69.64737049429873,0.230053973203481,0.262328657042491,0.2713345151969658,20.7,1026.469
1791115639.3396387,69.64737049429873,0.23265951689184353,0.2616464673492337,0.26899154443123086,20.72,1026.461
1791115670.6841135,69.64737049429873,0.23687141784321641,0.2608975656415737,0.26764995980271905,20.7,1026.445
1791115702.0175498,69.64737049429873,0.22922036259704606,0.26057637777064385,0.2666128468174414,20.73,1026.443
1791115733.3711352,69.64737049429873,0.2347111669270201,0.26220321003476216,0.2647481859712283,20.72,1026.428
1791115764.712557,69.64737049429873,0.23036501078105323,0.2715788614208451,0.2699976076321609,20.72,1026.433
1791115796.046204,69.64737049429873,0.2343274888002293,0.26152855026184857,0.27117876312093797,20.72,1026.427
1791115827.3895407,69.64737049429873,0.23744960094390846,0.2591583005109685,0.2682064515791618,20.72,1026.407
1791115858.732006,69.64737049429873,0.22956946071452022,0.2615710299705304,0.26264769328683885,20.73,1026.414
1791115890.0767157,69.64737049429873,0.2348834794363579,0.2612930346524661,0.2639138243311114,20.76,1026.403
1791115921.42199,69.64737049429873,0.23158236233069587,0.2609720584854058,0.2655825476113452,20.76,1026.381
1791115952.7585638,69.64737049429873,0.23451064580819575,0.26439022413209845,0.26466884672364177,20.76,1026.383
1791115984.108985,69.64737049429873,0.22973734611065813,0.26113261886405503,0.2632757337659251,20.77,1026.382
1791116015.4385605,69.64737049429873,0.23099154498345775,0.2602982572239382,0.26518496910536626,20.79,1026.382
1791116046.7830725,69.64737049429873,0.23203448611038155,0.26136809600646943,0.26978941211021307,20.77,1026.372
1791116078.1335902,69.64737049429873,0.2310256196451674,0.26427096301106373,0.2645494599215508,20.77,1026.363
1791116109.4861338,69.64737049429873,0.2300158430211453,0.26363570378440576,0.2695624043103194,20.79,1026.361
1791116140.8145738,69.64737049429873,0.23255480502278583,0.26482723981326844,0.2634762714793982,20.79,1026.357
1791116172.165019,69.64737049429873,0.23099154498345775,0.2591137264499615,0.26704820227618176,20.82,1026.371
1791116203.5055254,69.64737049429873,0.2312009173928384,0.25876450120974687,0.26355764963069034,20.8,1026.363
1791116234.8539362,69.64737049429873,0.228603045433851,0.2638757245073553,0.2715235608916205,20.76,1026.361
1791116266.175555,69.64737049429873,0.230053973203481,0.26859314850374205,0.2712125068941441,20.77,1026.358
1791116297.5279694,69.64737049429873,0.22936318976890782,0.2715788614208451,0.27296883801116656,20.74,1026.346
1791116328.8585749,69.64737049429873,0.2322412341786442,0.2598739846603446,0.27074487546665216,20.74,1026.344
1791116360.2021992,69.64737049429873,0.23467214895595293,0.2643509831511734,0.2677606619161444,20.73,1026.33
1791116391.560585,69.64737049429873,0.23408770441557403,0.26196698050417194,0.26613878870475643,20.74,1026.32
1791116422.895981,69.64737049429873,0.2360608749499307,0.26085449831734947,0.2690769035582664,20.74,1026.317
1791116454.2475755,69.64737049429873,0.23192996145996375,0.26184902528859466,0.26824291760407354,20.76,1026.293
1791116485.5901322,69.64737049429873,0.22960156839313628,0.2649463756246681,0.2653434888758934,20.74,1026.271
1791116516.9335134,69.64737049429873,0.2291172449800419,0.26184902528859466,0.2678443206951982,20.76,1026.277
1791116548.2829475,69.64737049429873,0.22995048057642856,0.26367626766302354,0.26490697378730194,20.74,1026.274
1791116579.6067123,69.64737049429873,0.23088758380991592,0.2595082146308488,0.26367626766302354,20.76,1026.268
1791116610.9528885,69.64737049429873,0.230053973203481,0.26407298783310906,0.27018888483052356,20.76,1026.253
1791116642.2835925,69.64737049429873,0.23179042317743348,0.26216892363671257,0.27451320554667774,20.76,1026.246
1791116673.6300235,69.64737049429873,0.23418370288303875,0.26050245244393927,0.2627244140343037,20.76,1026.243
1791116704.9516768,69.64737049429873,0.23033184340562599,0.26002013667723256,0.2649463756246681,20.79,1026.216
1791116736.2719615,69.64737049429873,0.23002126994505043,0.26958196485307445,0.26859314850374205,20.77,1026.202
1791116767.6315994,69.64737049429873,0.23199906461849584,0.26252322159758323,0.2705356172081365,20.79,1026.193
1791116798.9650414,69.64737049429873,0.22980851900461047,0.26812219089734324,0.2692336717059231,20.77,1026.183
1791116830.3144932,69.64737049429873,0.23071354966539345,0.26808563253169587,0.2703105969053409,20.76,1026.188
1791116861.6600456,69.64737049429873,0.2289737813399463,0.12095417410844088,0.26792820569094045,20.76,1026.156
1791116892.9934585,69.64737049429873,0.11200954885193866,0.12340735689257484,0.12351858970404067,20.77,1026.144
1791116924.3399093,69.64737049429873,0.11241369079584491,0.12129754064749802,0.12485355097829554,20.77,1026.137
1791116955.666643,69.64737049429873,0.11107553549193225,0.12179422496453357,0.12329632423893655,20.74,1026.137
1791116987.0170739,69.64737049429873,0.11130320956438827,0.1221304015710905,0.12446329638838868,20.76,1026.135
1791117018.3995962,69.64737049429873,0.11074796894865996,0.12162985304616324,0.12435136403400378,20.76,1026.12
1791117049.7479148,69.64737049429873,0.11125318344778412,0.12168459436693889,0.12290799567415138,20.74,1026.128
1791117081.0785527,69.64737049429873,0.1104703486407958,0.1221304015710905,0.12446329638838868,20.73,1026.112
1791117112.4021518,69.64737049429873,0.11112552668542966,0.123741068791473,0.12301857904014099,20.74,1026.105
1791117143.7074804,69.64737049429873,0.11052004509434114,0.12390755598409872,0.1229067071513561,20.77,1026.1
1791117175.0439787,69.64737049429873,0.11042069686018648,0.12185278126322635,0.12390755598409872,20.8,1026.097
1791117206.3812935,69.64737049429873,0.11042069686018648,0.12340752023682737,0.12573946557332458,20.76,1026.1
1791117237.7128386,69.64737049429873,0.11087601969317643,0.12218824916195722,0.12501558140442703,20.79,1026.107
1791117269.0675054,69.64737049429873,0.11059877338511269,0.12224311832378965,0.12523658968016255,20.76,1026.111
1791117300.4099255,69.64737049429873,0.11052004509434114,0.12179422496453357,0.12340752023682737,20.79,1026.117
1791117331.7434545,69.64737049429873,0.11021245688548752,0.12251603557310849,0.12379683559226205,20.79,1026.102
1791117363.0900216,69.64737049429873,0.11104757091378024,0.12173938498418906,0.12563617354352327,20.8,1026.112
1791117394.4364228,69.64737049429873,0.11039128254960268,0.12134731059605709,0.12285136625644624,20.74,1026.096
1791117425.7761128,69.64737049429873,0.11054066842216138,0.12162568193882134,0.12246079596711405,20.76,1026.099
1791117457.1233392,69.64737049429873,0.11289436746995336,0.12151610441782794,0.12463157325692623,20.74,1026.102
1791117488.4658875,69.64737049429873,0.11145355821581006,0.12173938498418906,0.12574455680981178,20.74,1026.096
1791117519.7923424,69.64737049429873,0.1101627870694141,0.12089958948728674,0.12429730988488426,20.76,1026.098
1791117551.1417778,69.64737049429873,0.110769199571016,0.12424134284676773,0.12485355097829554,20.74,1026.089
1791117582.4723907,69.64737049429873,0.1119087710883189,0.12285136625644624,0.12479733348289633,20.73,1026.09
1791117613.8079333,69.64737049429873,0.11061957226161719,0.12112885396264893,0.12285136625644624,20.76,1026.078
1791117645.1394382,69.64737049429873,0.1113532806907278,0.12168459436693889,0.1235740694377321,20.74,1026.073
1791117676.4749298,69.64737049429873,0.1106981923893857,0.12152051802815528,0.12246308864254989,20.74,1026.062
1791117707.8143787,69.64737049429873,0.11195913729186459,0.12296326249468296,0.12379612341827546,20.73,1026.061
1791117739.163791,69.64737049429873,0.11185845018011659,0.12379612341827546,0.12379612341827546,20.73,1026.047
1791117770.5093758,69.64737049429873,0.11102558925652412,0.12335181557980876,0.12385181463652765,20.72,1026.038
1791117801.8498826,69.64737049429873,0.11029191607899472,0.12168459436693889,0.12340735689257484,20.72,1026.043
1791117833.1844327,69.64737049429873,0.11094752364301394,0.12262858660465047,0.12501903679267864,20.73,1026.036
1791117864.531884,69.64737049429873,0.10960629529297132,0.12051887225098101,0.12251820497337382,20.74,1026.031
1791117895.876338,69.64737049429873,0.11117556289774577,0.12290799567415138,0.12396334752870343,20.74,1026.039
1791117927.2178688,69.64737049429873,0.11019272833293164,0.12140672416479391,0.12573946557332458,20.74,1026.034
1791117958.5624099,69.64737049429873,0.1096868094979545,0.1204105359113584,0.12251820497337382,20.74,1026.037
1791117989.9087522,69.64737049429873,0.10996455469675004,0.12074230003176971,0.12235300461575294,20.77,1026.021
1791118021.2394137,69.64737049429873,0.11107553549193225,0.12085098376050395,0.12268564218681882,20.76,1026.03
1791118052.5858305,69.64737049429873,0.10996455469675004,0.12062740371193187,0.12229537562031766,20.77,1026.02
1791118083.9282248,69.64737049429873,0.1105697862811397,0.12079661744977657,0.12196246456908387,20.77,1026.026
1791118115.2629313,69.64737049429873,0.11009371882965496,0.12152051802815528,0.12335181557980876,20.77,1026.005
1791118146.6172802,69.64737049429873,0.11032152707704895,0.12107976170079167,0.12241042676855789,20.76,1026.01
1791118177.9558709,69.64737049429873,0.1117579440055515,0.12157516095536218,0.12495946781487115,20.76,1026.008
1791118209.3043394,69.64737049429873,0.1105697862811397,0.12107436264857212,0.1235740694377321,20.74,1025.993
1791118240.6578658,69.64737049429873,0.11034157694355289,0.12184911437471234,0.12629470618905292,20.79,1025.972
1791118272.0064611,69.64737049429873,0.11061957226161719,0.12162985304616324,0.1229067071513561,20.82,1025.982
1791118303.3578615,69.64737049429873,0.11009371882965496,0.12135210784736769,0.12251820497337382,20.82,1025.962
1791118334.6932583,69.64737049429873,0.11052004509434114,0.12112885396264893,0.12274083384134545,20.83,1025.97
1791118366.0447507,69.64737049429873,0.11256553948806726,0.12107436264857212,0.12274083384134545,20.82,1025.962
1791118397.3951936,69.64737049429873,0.11011316200289703,0.12074230003176971,0.12390755598409872,20.83,1025.965
1791118428.7236843,69.64737049429873,0.11102558925652412,0.12246537102724862,0.12313014937417795,20.83,1025.944
1791118460.065299,69.64737049429873,0.11138049641559303,0.12091118247298253,0.12662219900661947,20.8,1025.93
1791118491.4106245,69.64737049429873,0.1110037258914085,0.12196926419536,0.12390659617217208,20.82,1025.916
1791118522.7011807,69.64737049429873,0.11049953279873673,0.12157943416601223,0.1239056406606668,20.82,1025.911
1791118554.0548337,69.64737049429873,0.1104499792622385,0.12157943416601223,0.12301961475783141,20.83,1025.891
1791118585.3971775,69.64737049429873,0.11092583141760323,0.12263050014495216,0.12385098035370556,20.84,1025.886
1791118616.7476954,69.64737049429873,0.11042069686018648,0.1217980135573545,0.1249066046497321,20.86,1025.872
1791118648.086195,69.64737049429873,0.11019272833293164,0.12162985304616324,0.12351850311041129,20.87,1025.86
1791118679.43569,69.64737049429873,0.11084765648328468,0.1235740694377321,0.12590931475515352,20.84,1025.852
1791118710.7650485,69.64737049429873,0.11107553549193225,0.12185278126322635,0.1235740694377321,20.84,1025.861
1791118742.1115415,69.64737049429873,0.11052004509434114,0.12101992033963385,0.12324088280254714,20.86,1025.851
1791118773.435173,69.64737049429873,0.1105697862811397,0.12268564218681882,0.12301857904014099,20.87,1025.85
1791118804.7716842,69.64737049429873,0.11019272833293164,0.12124302249895606,0.12379612341827546,20.87,1025.844
1791118836.1311095,69.64737049429873,0.1104703486407958,0.12324088280254714,0.12346298673254982,20.86,1025.848
1791118867.4685912,69.64737049429873,0.11042069686018648,0.12202066592358024,0.1241295598353232,20.86,1025.846
1791118898.8231566,69.64737049429873,0.1106981923893857,0.12152051802815528,0.12485046437854594,20.86,1025.84
1791118930.1525242,69.64737049429873,0.11082625268501024,0.12141601377670093,0.12351850311041129,20.84,1025.844
1791118961.4970145,69.64737049429873,0.11040047015040377,0.12158368824775447,0.12362901545133725,20.83,1025.844
1791118992.8366408,69.64737049429873,0.11080496386294028,0.12164225453736051,0.12291055542337592,20.86,1025.84
1791119024.1761575,69.64737049429873,0.11047913064108973,0.12174718761078596,0.1233526756463503,20.84,1025.84
1791119055.5255697,69.64737049429873,0.11105352786710049,0.12191112729666584,0.12290927841856372,20.84,1025.84
1791119086.8659673,69.64737049429873,0.11087601969317643,0.12229803678622966,0.12390659617217208,20.82,1025.827
1791119118.2166076,69.64737049429873,0.11052004509434114,0.12185278126322635,0.12368489109947679,20.86,1025.817
1791119149.5503252,69.64737049429873,0.11125318344778412,0.12263050014495216,0.12274083384134545,20.84,1025.81
1791119180.8885417,69.64737049429873,0.11120320228025264,0.12152051802815528,0.12784545403921818,20.86,1025.803
1791119212.2421532,69.64737049429873,0.1106981923893857,0.12202066592358024,0.12296326249468296,20.83,1025.804
1791119243.5965874,69.64737049429873,0.11064846055495381,0.12246308864254989,0.12290799567415138,20.83,1025.804
1791119274.9409337,69.64737049429873,0.11286742745614921,0.12229803678622966,0.12301857904014099,20.86,1025.793
1791119306.2915666,69.64737049429873,0.11052004509434114,0.12290799567415138,0.12340752023682737,20.86,1025.778
1791119337.6300902,69.64737049429873,0.11064846055495381,0.12230068602348752,0.12374048226174905,20.87,1025.779
1791119368.9813743,69.64737049429873,0.11032152707704895,0.12141137939959844,0.12423793046794303,20.87,1025.774
1791119400.3080027,69.64737049429873,0.11082625268501024,0.12241042676855789,0.12257540764887909,20.87,1025.782
1791119431.6528337,69.64737049429873,0.11067721935675455,0.12252251461401908,0.12296442183692168,20.83,1025.782
1791119462.9949281,69.64737049429873,0.11054913081971886,0.12191112729666584,0.12362901545133725,20.84,1025.781
1791119494.3244877,69.64737049429873,0.11092583141760323,0.12246308864254989,0.12329673662312278,20.84,1025.765
1791119525.6729674,69.64737049429873,0.11042069686018648,0.12135210784736769,0.12296326249468296,20.82,1025.773
1791119557.0154934,69.64737049429873,0.11029191607899472,0.12162985304616324,0.12307394537766378,20.84,1025.775
1791119588.3640037,69.64737049429873,0.11029191607899472,0.1221304015710905,0.12340735689257484,20.79,1025.774
1791119619.6874146,69.64737049429873,0.1109756879185849,0.12129754064749802,0.12385181463652765,20.82,1025.77
1791119651.037065,69.64737049429873,0.1096868094979545,0.12174329506093082,0.12301857904014099,20.8,1025.763
1791119682.378391,69.64737049429873,0.11120320228025264,0.1214659241982814,0.12318549120335061,20.8,1025.763
1791119713.7268991,69.64737049429873,0.11054913081971886,0.12174329506093082,0.12290799567415138,20.8,1025.762
1791119745.0685127,69.64737049429873,0.11009371882965496,0.12124302249895606,0.12379612341827546,20.77,1025.752
1791119776.4168983,69.64737049429873,0.1107268525768235,0.1223580476552743,0.12307485724798087,20.74,1025.736
1791119807.760485,69.64737049429873,0.11057808628535078,0.12142062743596693,0.12296557598939731,20.76,1025.73
1791119839.1099901,69.64737049429873,0.11052858631461171,0.12290927841856372,0.1234078447336767,20.74,1025.739
1791119870.4644463,69.64737049429873,0.11299251060637372,0.12107976170079167,0.1239056406606668,20.77,1025.733
1791119901.8098383,69.64737049429873,0.11059877338511269,0.12196587201572592,0.1251804021103768,20.79,1025.728
1791119933.154391,69.64737049429873,0.11054913081971886,0.12174329506093082,0.12529282771249078,20.8,1025.718
1791119964.507802,69.64737049429873,0.11029191607899472,0.12146138966612477,0.12423963282477565,20.8,1025.712
1791119995.845467,69.64737049429873,0.11107553549193225,0.12218534344375434,0.12285136625644624,20.8,1025.704
1791120027.17683,69.64737049429873,0.1113532806907278,0.12157516095536218,0.12462898434186795,20.82,1025.703
1791120058.5082793,69.64737049429873,0.11120320228025264,0.12224311832378965,0.12263050014495216,20.84,1025.692
1791120089.8488266,69.64737049429873,0.11027200895442746,0.12362934986410834,0.12418384248023583,20.86,1025.672
1791120121.1711895,69.64737049429873,0.1106981923893857,0.12101992033963385,0.126124566636682,20.9,1025.668
1791120152.5157716,69.64737049429873,0.11059877338511269,0.12191112729666584,0.12351850311041129,20.9,1025.672
1791120183.850347,69.64737049429873,0.11027200895442746,0.12157943416601223,0.12418384248023583,20.87,1025.666
1791120215.2008007,69.64737049429873,0.11042069686018648,0.12290927841856372,0.12301961475783141,20.89,1025.665
1791120246.5313284,69.64737049429873,0.11160752293546426,0.12119368919808438,0.12484739162065876,20.87,1025.675
1791120277.8639007,69.64737049429873,0.11077653033291861,0.12202393681713673,0.1225774352298383,20.87,1025.672
1791120309.1503334,69.64737049429873,0.11067721935675455,0.12185643170019411,0.12368443205524145,20.9,1025.664
1791120340.4988225,69.64737049429873,0.11125318344778412,0.12163400543137445,0.1225203646318534,20.84,1025.664
1791120371.8262136,69.64737049429873,0.1104499792622385,0.12135688356608305,0.12324141937110356,20.84,1025.68
1791120403.1677992,69.64737049429873,0.11022253526455483,0.12124803853105369,0.12274249289254001,20.83,1025.666
1791120434.5131638,69.64737049429873,0.11012372094405297,0.12169263898603047,0.12318615173314872,20.83,1025.654
1791120465.8637915,69.64737049429873,0.11057808628535078,0.12113938856737139,0.12639526754463268,20.87,1025.653
1791120497.1921577,69.64737049429873,0.1104499792622385,0.12191112729666584,0.12252251461401908,20.84,1025.647
1791120528.5396528,69.64737049429873,0.11049953279873673,0.12102543909764846,0.12301961475783141,20.8,1025.635
1791120559.877217,69.64737049429873,0.11027200895442746,0.12130243663183034,0.12274249289254001,20.8,1025.621
1791120591.2246315,69.64737049429873,0.11037108969230437,0.12174329506093082,0.12357385848841418,20.82,1025.614
1791120622.5682225,69.64737049429873,0.11059877338511269,0.12191112729666584,0.1233521035560446,20.83,1025.599
1791120653.9037018,69.64737049429873,0.11077653033291861,0.12135688356608305,0.12501558140442703,20.82,1025.599
1791120685.2472858,69.64737049429873,0.11067721935675455,0.1218055398871727,0.12373989836231873,20.82,1025.582
1791120716.5737555,69.64737049429873,0.11020287675703894,0.1211988020905572,0.12268919844106875,20.83,1025.576
1791120747.9170995,69.64737049429873,0.11015358887495957,0.12108513657348119,0.12263430153932511,20.8,1025.573
1791120779.2637644,69.64737049429873,0.11085458760872263,0.12124803853105369,0.12279913982334864,20.82,1025.568
1791120810.6103182,69.64737049429873,0.11017310594765349,0.1215249118456387,0.12290927841856372,20.84,1025.559
1791120841.937811,69.64737049429873,0.11025220876628315,0.12136163789685304,0.12230068602348752,20.86,1025.546
1791120873.270271,69.64737049429873,0.11007438019418975,0.12147043840443518,0.12302064583708415,20.8,1025.536
1791120904.6148562,69.64737049429873,0.1104499792622385,0.12141601377670093,0.12340768284889067,20.79,1025.534
1791120935.94414,69.64737049429873,0.11080496386294028,0.12136163789685304,0.1221911418669686,20.8,1025.528
1791120967.2747095,69.64737049429873,0.1103510054035193,0.12074844156346656,0.123297147160456,20.82,1025.523
1791120998.6092513,69.64737049429873,0.10984697173770219,0.12163813922022489,0.12373989836231873,20.79,1025.515
1791121029.9576006,69.64737049429873,0.11025220876628315,0.12064019078538281,0.12307576503267817,20.79,1025.511
1791121061.3022494,69.64737049429873,0.10984697173770219,0.121090487428709,0.1225774352298383,20.79,1025.509
1791121092.6577275,69.64737049429873,0.11078378909311848,0.1222541286500142,0.12269096465525323,20.83,1025.51
1791121124.0142658,69.64737049429873,0.10979136932817511,0.12121400447881642,0.12417757814018494,20.8,1025.5
1791121155.342659,69.64737049429873,0.10979136932817511,0.12093405873401049,0.12236552816023867,20.77,1025.503
1791121186.685032,69.64737049429873,0.11008507284274564,0.121090487428709,0.12236304576598009,20.77,1025.489
1791121218.027706,69.64737049429873,0.1109819798661294,0.12175106275133706,0.12191813809168629,20.79,1025.479
1791121249.3751075,69.64737049429873,0.10987745854456964,0.12186006579608304,0.12313171440328677,20.77,1025.481
1791121280.720861,69.64737049429873,0.10992662287298811,0.12064654142977731,0.12318680930742673,20.79,1025.47
1791121312.0681195,69.64737049429873,0.10987745854456964,0.12103093315109732,0.12285558407289683,20.79,1025.456
1791121343.4126358,69.64737049429873,0.10965036898893732,0.12092267176016724,0.12241282089274017,20.76,1025.461
1791121374.741197,69.64737049429873,0.11010434506086433,0.12097677823502029,0.122027193081727,20.76,1025.457
1791121406.0716572,69.64737049429873,0.11042971920534951,0.12268919844106875,0.12208179377122351,20.76,1025.452
1791121437.4141386,69.64737049429873,0.11015358887495957,0.12097677823502029,0.12263430153932511,20.77,1025.452
1791121468.7625449,69.64737049429873,0.11052858631461171,0.12069429190188367,0.12241282089274017,20.76,1025.454
1791121500.1070888,69.64737049429873,0.11067721935675455,0.12130731069942591,0.12241042676855789,20.79,1025.462
1791121531.4356055,69.64737049429873,0.11057808628535078,0.12125800341331006,0.12246764319034044,20.8,1025.471
1791121562.7830474,69.64737049429873,0.10998699722945283,0.12181670393760892,0.12258146324758558,20.8,1025.458
1791121594.123484,69.64737049429873,0.11019344127269987,0.12214540525900988,0.12351807591799153,20.8,1025.448
1791121625.4670806,69.64737049429873,0.11011486729417652,0.12159213953600582,0.12302371155373445,20.79,1025.46
1791121656.8125665,69.64737049429873,0.11133506353102329,0.12225139448528555,0.1230226942043599,20.82,1025.454
1791121688.163056,69.64737049429873,0.110331028810004,0.12086861366157169,0.12583148168546132,20.84,1025.453
1791121719.5095515,69.64737049429873,0.11042971920534951,0.12103093315109732,0.12307666875915269,20.82,1025.431
1791121750.8429754,69.64737049429873,0.11015358887495957,0.12092267176016724,0.12296557598939731,20.83,1025.438
1791121782.1805646,69.64737049429873,0.11020287675703894,0.12119368919808438,0.12285558407289683,20.83,1025.427
1791121813.5149353,69.64737049429873,0.10979775498486022,0.12086276335804186,0.1225774352298383,20.8,1025.424
1791121844.8685136,69.64737049429873,0.1103510054035193,0.12263430153932511,0.12351833108605445,20.8,1025.419
1791121876.212938,69.64737049429873,0.11181037085729921,0.12064654142977731,0.12263430153932511,20.83,1025.419
1791121907.552649,69.64737049429873,0.11062763061284883,0.12108513657348119,0.12263430153932511,20.84,1025.409
1791121938.9071033,69.64737049429873,0.11090425582217837,0.12131216299712047,0.1221911418669686,20.86,1025.425
1791121970.2465363,69.64737049429873,0.11058630491341964,0.12280368564720583,0.12346310116492934,20.89,1025.432
1791122001.5770772,69.64737049429873,0.11071343170898991,0.12192508651036782,0.12368306718605063,20.87,1025.42
1791122032.9284763,69.64737049429873,0.1123621027005648,0.12165043024952615,0.12384768033625944,20.89,1025.412
1791122064.2729814,69.64737049429873,0.11081206713188799,0.12147940638296137,0.1231332654956426,20.86,1025.413
1791122095.6134818,69.64737049429873,0.11023251465521365,0.12147493242094713,0.12318746394597692,20.89,1025.408
1791122126.892982,69.64737049429873,0.11125811019651934,0.12164225453736051,0.12230332341211694,20.86,1025.4
1791122158.2335193,69.64737049429873,0.11042971920534951,0.12197264121036219,0.12252465498475744,20.86,1025.402
1791122189.5879722,69.64737049429873,0.11088279591865555,0.12114462054876932,0.12445670319514082,20.89,1025.397
1791122220.9354613,69.64737049429873,0.11005514525567824,0.12153364063226246,0.12219402164601205,20.84,1025.386
1791122252.2759213,69.64737049429873,0.11028174973205847,0.12131216299712047,0.1226361895080721,20.87,1025.383
1791122283.6084487,69.64737049429873,0.1109819798661294,0.12152928600312189,0.12329755586331513,20.87,1025.371
1791122314.946893,69.64737049429873,0.11065635883525958,0.12158792332874702,0.12291055542337592,20.86,1025.369
1791122346.2954164,69.64737049429873,0.11065635883525958,0.12147493242094713,0.1262758489663984,20.89,1025.369
1791122377.6390145,69.64737049429873,0.11042971920534951,0.1212530321190711,0.12313171440328677,20.87,1025.36
1791122408.9914808,69.64737049429873,0.11060691236432976,0.12114982919292377,0.12318680930742673,20.86,1025.345
1791122440.3329048,69.64737049429873,0.11034043759176777,0.12192508651036782,0.1230226942043599,20.83,1025.343
1791122471.6772852,69.64737049429873,0.11029139526238413,0.12159633699541722,0.12329836781457612,20.83,1025.358
1791122503.0258563,69.64737049429873,0.11121349233754316,0.12131699367044117,0.12543981484056582,20.84,1025.354
1791122534.3633208,69.64737049429873,0.11096035023857735,0.1219760031621951,0.12307756845455688,20.84,1025.36
1791122565.6948555,69.64737049429873,0.11040956759239645,0.12186728540157048,0.12390374242382822,20.84,1025.361
1791122597.0274725,69.64737049429873,0.11036034138235444,0.12203043481527347,0.12258146324758558,20.84,1025.353
1791122628.3739555,69.64737049429873,0.11028174973205847,0.1218055398871727,0.12318746394597692,20.84,1025.353
1791122659.7164304,69.64737049429873,0.11015358887495957,0.12153364063226246,0.12313171440328677,20.86,1025.354
1791122691.0479019,69.64737049429873,0.11028174973205847,0.12246990520033783,0.12324248531850633,20.87,1025.35
1791122722.3843033,69.64737049429873,0.10963229508825112,0.12087443786983333,0.12269096465525323,20.86,1025.346
1791122753.7377598,69.64737049429873,0.11031115904785498,0.1208205458874894,0.1255560903623709,20.84,1025.336
1791122785.1224701,69.64737049429873,0.10968124021730884,0.12125800341331006,0.1219760031621951,20.83,1025.334
1791122816.470883,69.64737049429873,0.11031115904785498,0.12099346760366428,0.12225139448528555,20.82,1025.322
1791122847.8144665,69.64737049429873,0.10982173600982435,0.12126787971497917,0.1242864129394428,20.82,1025.317
1791122879.1678863,69.64737049429873,0.11046760966816493,0.12209419591330836,0.12285974567433205,20.84,1025.306
1791122910.5203595,69.64737049429873,0.11041857619620664,0.12121400447881642,0.12433976695312861,20.83,1025.294
1791122941.8648381,69.64737049429873,0.11011486729417652,0.1212089595792145,0.12313403587358468,20.84,1025.292
1791122973.2112596,69.64737049429873,0.11036034138235444,0.12109581442709821,0.1224175771326998,20.84,1025.293
1791123004.5538602,69.64737049429873,0.10953453576352801,0.12076670193931187,0.12247215712514228,20.84,1025.3
1791123035.8993542,69.64737049429873,0.11021292577105396,0.12126295256273321,0.12324301472939377,20.82,1025.306
1791123067.2328496,69.64737049429873,0.11026202053026454,0.12104184780487652,0.12219688858553347,20.83,1025.311
1791123098.5595179,69.64737049429873,0.10971197392864113,0.1209879292619215,0.12214243126713514,20.83,1025.307
1791123129.8918319,69.64737049429873,0.1094369506278294,0.12148386042441853,0.12291309236760353,20.82,1025.305
1791123161.2363214,69.64737049429873,0.11011486729417652,0.12110111772784284,0.12258346380523458,20.83,1025.298
1791123192.5808609,69.64737049429873,0.11016387471179827,0.1212089595792145,0.12280368564720583,20.84,1025.291
1791123223.9202185,69.64737049429873,0.11008507284274564,0.1208205458874894,0.12258346380523458,20.82,1025.291
1791123255.2556977,69.64737049429873,0.11003601318229034,0.12187087112721356,0.12379261004978787,20.86,1025.303
1791123286.5943735,69.64737049429873,0.11024239650871212,0.12121400447881642,0.12280518746409379,20.82,1025.282
1791123317.942819,69.64737049429873,0.10987048279659038,0.12138044418853182,0.12335352425502397,20.86,1025.277
1791123349.2872238,69.64737049429873,0.11009566112196217,0.12165449088833996,0.12269621628030171,20.86,1025.273
1791123380.628808,69.64737049429873,0.11024239650871212,0.12126787971497917,0.12253101906862869,20.86,1025.275
1791123411.964183,69.64737049429873,0.11006590345997143,0.12082646146700118,0.12241993939080623,20.89,1025.259
1791123443.309709,69.64737049429873,0.11038952355501819,0.12126295256273321,0.12252890714861002,20.89,1025.256
1791123474.638316,69.64737049429873,0.10998699722945283,0.12126295256273321,0.12318811566841525,20.9,1025.261
1791123505.9786148,69.64737049429873,0.10966312408064595,0.12010935619839846,0.12236304576598009,20.89,1025.266
1791123537.3122497,69.64737049429873,0.1094369506278294,0.12088023615703512,0.12203366211482655,20.86,1025.263
1791123568.6607368,69.64737049429873,0.10984021103333487,0.1212089595792145,0.12219974277120947,20.86,1025.267
1791123600.0000968,69.64737049429873,0.10966312408064595,0.12093405873401049,0.12291309236760353,20.86,1025.258
1791123631.34763,69.64737049429873,0.10993802492584996,0.1213218028636209,0.12230856296003055,20.86,1025.252
1791123662.6871376,69.64737049429873,0.11006590345997143,0.12077273460002824,0.12241993939080623,20.82,1025.254
1791123694.0377383,69.64737049429873,0.10984021103333487,0.12126787971497917,0.12197935015141839,20.82,1025.251
1791123725.3642056,69.64737049429873,0.10996810630945951,0.12099346760366428,0.12236552816023867,20.82,1025.238
1791123756.714752,69.64737049429873,0.1094195259109543,0.12093971427956379,0.12263994027155355,20.77,1025.232
1791123788.0522366,69.64737049429873,0.10974257103975436,0.12099346760366428,0.12258545547507944,20.79,1025.225
1791123819.3997471,69.64737049429873,0.11001698315106924,0.12049820046823193,0.12209111604892378,20.8,1025.225
1791123850.7440915,69.64737049429873,0.11011486729417652,0.12088023615703512,0.12241993939080623,20.8,1025.232
1791123882.0906527,69.64737049429873,0.11011486729417652,0.12115501465563093,0.1222541286500142,20.79,1025.235
1791123913.3791165,69.64737049429873,0.1094369506278294,0.1212089595792145,0.1222541286500142,20.79,1025.236
1791123944.6816137,69.64737049429873,0.110762727461462,0.12104184780487652,0.12263806906679181,20.79,1025.244
1791123976.0301707,69.64737049429873,0.11026202053026454,0.12065915788880649,0.1229678688638291,20.79,1025.243
1791124007.3775244,69.64737049429873,0.10966312408064595,0.12088023615703512,0.12230856296003055,20.79,1025.259
1791124038.714205,69.64737049429873,0.11016387471179827,0.1209879292619215,0.1222541286500142,20.77,1025.256
1791124070.0636537,69.64737049429873,0.1094369506278294,0.1209879292619215,0.12291309236760353,20.76,1025.249
1791124101.4040003,69.64737049429873,0.11003601318229034,0.12104184780487652,0.12236304576598009,20.76,1025.243
1791124132.7575097,69.64737049429873,0.10988909621320246,0.12126787971497917,0.12208802246516838,20.77,1025.238
1791124164.1022334,69.64737049429873,0.1094681589284395,0.12121400447881642,0.12236552816023867,20.77,1025.228
1791124195.4356594,69.64737049429873,0.10956555477249322,0.12082646146700118,0.12291435238286842,20.76,1025.225
1791124226.7939944,69.64737049429873,0.11006590345997143,0.11978112216265185,0.1222541286500142,20.79,1025.218
1791124258.136602,69.64737049429873,0.11016387471179827,0.12077273460002824,0.12390279964158911,20.76,1025.217
1791124289.4661572,69.64737049429873,0.11011486729417652,0.12417757814018494,0.12335324264439748,20.77,1025.228
1791124320.803631,69.64737049429873,0.10993802492584996,0.1213757739886845,0.12307846414580166,20.8,1025.218
1791124352.153081,69.64737049429873,0.11088950585536042,0.12104726873182457,0.12307846414580166,20.82,1025.215
1791124383.5074944,69.64737049429873,0.11021292577105396,0.12148386042441853,0.12247439903205114,20.83,1025.212
1791124414.8639483,69.64737049429873,0.11021292577105396,0.12236304576598009,0.12368306718605063,20.83,1025.195
1791124446.2066078,69.64737049429873,0.11053704383107626,0.12093405873401049,0.12263806906679181,20.83,1025.19
1791124477.5492551,69.64737049429873,0.11016387471179827,0.12175876126962253,0.12280368564720583,20.83,1025.186
1791124508.8925064,69.64737049429873,0.11029139526238413,0.12214540525900988,0.12340816634084663,20.84,1025.174
1791124540.2400599,69.64737049429873,0.11071343170898991,0.12175876126962253,0.12296900765439887,20.83,1025.165
1791124571.5846622,69.64737049429873,0.11021292577105396,0.12170457165282256,0.12307846414580166,20.87,1025.15
1791124602.9168725,69.64737049429873,0.11026202053026454,0.12148386042441853,0.12395796803125465,20.86,1025.142
1791124634.2604966,69.64737049429873,0.11043865321039409,0.12088023615703512,0.12236304576598009,20.82,1025.131
1791124665.6010084,69.64737049429873,0.11048782661625799,0.12148386042441853,0.12274905529289279,20.82,1025.121
1791124696.9545553,69.64737049429873,0.10998699722945283,0.12170457165282256,0.12285836465043859,20.83,1025.124
1791124728.29701,69.64737049429873,0.10988909621320246,0.12093405873401049,0.12329836781457612,20.83,1025.116
1791124759.635679,69.64737049429873,0.11021292577105396,0.1209879292619215,0.12285836465043859,20.8,1025.102
1791124790.9730353,69.64737049429873,0.10971197392864113,0.12043788266029808,0.12181299916435666,20.8,1025.099
1791124822.3155625,69.64737049429873,0.11026202053026454,0.12038425704360246,0.12208802246516838,20.77,1025.083
1791124853.6495123,69.64737049429873,0.11011486729417652,0.1222541286500142,0.12258346380523458,20.8,1025.087
1791124884.986467,69.64737049429873,0.10976086731672569,0.12131699367044117,0.12390279964158911,20.79,1025.069
1791124916.3309944,69.64737049429873,0.10976086731672569,0.12126295256273321,0.12269272299826445,20.79,1025.067
1791124947.6812997,69.64737049429873,0.11026202053026454,0.12065286373449322,0.12186728540157048,20.79,1025.065
1791124979.018098,69.64737049429873,0.11100986616903138,0.12053872032005745,0.12280217713146645,20.76,1025.069
1791125010.355523,69.64737049429873,0.11015358887495957,0.12081460387438321,0.12246990520033783,20.77,1025.07
1791125041.6920195,69.64737049429873,0.10977926170135247,0.12125800341331006,0.12246990520033783,20.79,1025.065
1791125073.0444567,69.64737049429873,0.10985878494621558,0.12054527734788058,0.12291182672702453,20.8,1025.081
1791125104.3709064,69.64737049429873,0.10921057558559638,0.12137108296670703,0.12247215712514228,20.8,1025.077
1791125135.7162974,69.64737049429873,0.11003601318229034,0.1207129059611098,0.12225139448528555,20.77,1025.074
1791125167.0689907,69.64737049429873,0.10893542972003172,0.12093405873401049,0.12291309236760353,20.79,1025.081
1791125198.4223647,69.64737049429873,0.10966312408064595,0.12137108296670703,0.12236304576598009,20.77,1025.082
1791125229.7668386,69.64737049429873,0.11003601318229034,0.12109581442709821,0.1230226942043599,20.76,1025.066
1791125261.1155872,69.64737049429873,0.10980980430313683,0.12076670193931187,0.12329796274396873,20.82,1025.055
1791125292.4509819,69.64737049429873,0.10976086731672569,0.12197935015141839,0.12379330646052307,20.82,1025.048
1791125323.7874591,69.64737049429873,0.10971197392864113,0.12076670193931187,0.1231332654956426,20.8,1025.046
1791125355.1288614,69.64737049429873,0.10980980430313683,0.12137108296670703,0.12164635150631584,20.8,1025.032
1791125386.4803696,69.64737049429873,0.10963229508825112,0.12086861366157169,0.12516903578834634,20.83,1025.04
1791125417.816714,69.64737049429873,0.10977926170135247,0.12108513657348119,0.12197264121036219,20.86,1025.025
1791125449.163213,69.64737049429873,0.10976703446092148,0.12051887225098101,0.12196926419536,20.82,1025.018
1791125480.499764,69.64737049429873,0.10966854019619106,0.12037041109938737,0.1219075982449588,20.82,1025.006
1791125511.8302164,69.64737049429873,0.10965036898893732,0.12108513657348119,0.122027193081727,20.8,1024.998
1791125543.168848,69.64737049429873,0.10979775498486022,0.12152928600312189,0.12196926419536,20.82,1024.982
1791125574.5102854,69.64737049429873,0.10968124021730884,0.12043109175645283,0.12263430153932511,20.84,1024.971
1791125605.8657835,69.64737049429873,0.10977926170135247,0.12086861366157169,0.12230594903142952,20.83,1024.958
1791125637.2083323,69.64737049429873,0.10973022906880536,0.12026283676573167,0.12307666875915269,20.84,1024.95
1791125668.549048,69.64737049429873,0.1096013282141797,0.12230332341211694,0.12351833108605445,20.8,1024.941
1791125699.9002337,69.64737049429873,0.10942307612129744,0.12124803853105369,0.12313171440328677,20.82,1024.934
1791125731.1836777,69.64737049429873,0.10987745854456964,0.12053213392673748,0.1218017851602237,20.8,1024.939
1791125762.5301924,69.64737049429873,0.10971776522384467,0.12041741858729868,0.12230068602348752,20.8,1024.939
1791125793.8676164,69.64737049429873,0.10952112977553068,0.12097677823502029,0.12368443205524145,20.77,1024.934
1791125825.1983144,69.64737049429873,0.10999488708913607,0.12095986332441667,0.1223580476552743,20.79,1024.931
1791125856.5388117,69.64737049429873,0.10988454118119272,0.12028084474759265,0.12224033477122885,20.79,1024.931
1791125887.8941708,69.64737049429873,0.10914818386972566,0.12079661744977657,0.12217949261493809,20.8,1024.927
1791125919.2387934,69.64737049429873,0.10934248600389848,0.12130243663183034,0.12224033477122885,20.8,1024.926
1791125950.5784187,69.64737049429873,0.10939154266200918,0.1205861381487123,0.12301961475783141,20.8,1024.929
1791125981.9086378,69.64737049429873,0.10984697173770219,0.1209711652164687,0.1220786584748087,20.79,1024.937
1791126013.2502263,69.64737049429873,0.11009371882965496,0.12080263983550028,0.12263240510397871,20.86,1024.949
1791126044.5977292,69.64737049429873,0.10971776522384467,0.12019444649510279,0.12191112729666584,20.86,1024.947
1791126075.9501486,69.64737049429873,0.10994553773037295,0.12119368919808438,0.1220786584748087,20.83,1024.946
1791126107.304711,69.64737049429873,0.11004428076898522,0.11997127423962611,0.12241042676855789,20.84,1024.945
1791126138.635321,69.64737049429873,0.10942307612129744,0.12025563260336562,0.12196587201572592,20.83,1024.932
1791126169.9645584,69.64737049429873,0.10914669857296887,0.12019444649510279,0.12357364848382786,20.83,1024.932
1791126201.291089,69.64737049429873,0.10958821027258882,0.12039667733626828,0.12224311832378965,20.82,1024.943
1791126232.6288188,69.64737049429873,0.10952549027890299,0.12078449103369816,0.12190049229869011,20.8,1024.938
1791126263.9751773,69.64737049429873,0.10985383626958439,0.12051219656776438,0.12223753866262134,20.82,1024.944
1791126295.3066638,69.64737049429873,0.10932804940474994,0.12057311355835897,0.12240560615115512,20.84,1024.94
1791126326.6570377,69.64737049429873,0.10955692090948577,0.12017963904538402,0.12168459436693889,20.83,1024.935
1791126357.9846075,69.64737049429873,0.10924674189281669,0.12028806028921134,0.12173545726191673,20.83,1024.933
1791126389.3341465,69.64737049429873,0.10993408554272328,0.12089958948728674,0.12195904175213419,20.84,1024.929
1791126420.6606395,69.64737049429873,0.1091804352704148,0.12029524335621399,0.12134731059605709,20.86,1024.914
1791126452.0041778,69.64737049429873,0.10945830547255977,0.12118855333563197,0.12196246456908387,20.83,1024.913
1791126483.3414767,69.64737049429873,0.109212541844794,0.1220786584748087,0.12235300461575294,20.84,1024.913
1791126514.6939929,69.64737049429873,0.1098962326330685,0.12080263983550028,0.12230068602348752,20.87,1024.901
1791126546.036785,69.64737049429873,0.11004428076898522,0.12046467972390554,0.12218824916195722,20.89,1024.896
1791126577.383161,69.64737049429873,0.10945830547255977,0.12079661744977657,0.12224033477122885,20.84,1024.887
1791126608.7216232,69.64737049429873,0.10993408554272328,0.1207361308218268,0.12173938498418906,20.84,1024.895
1791126640.061161,69.64737049429873,0.10959310109476385,0.12060148096959578,0.12162568193882134,20.86,1024.881
1791126671.4025667,69.64737049429873,0.10916678394253078,0.12026631535560069,0.12138789180677997,20.83,1024.875
1791126702.74497,69.64737049429873,0.10931346895629396,0.12122783821476044,0.12200408853173239,20.83,1024.866
1791126734.0947187,69.64737049429873,0.1096244783837787,0.12106349134994614,0.1217865963477505,20.84,1024.865
1791126765.4451418,69.64737049429873,0.10924674189281669,0.12067542572235458,0.12156655662891701,20.86,1024.857
1791126796.787606,69.64737049429873,0.10942668078021281,0.12068174277771104,0.12156655662891701,20.87,1024.852
1791126828.1311367,69.64737049429873,0.1089679935067304,0.11988519197979003,0.12190405328158557,20.84,1024.846
1791126859.464607,69.64737049429873,0.10926398126226969,0.1197767428589558,0.12139263189649953,20.84,1024.841
1791126890.7881064,69.64737049429873,0.10926398126226969,0.12038269305423294,0.12139735055629312,20.84,1024.842
1791126922.1295922,69.64737049429873,0.10976088370994898,0.11986884344544585,0.12110749769398516,20.82,1024.833
1791126953.481011,69.64737049429873,0.10981082264309297,0.12121244639122378,0.12132790332579688,20.82,1024.831
1791126984.8174567,69.64737049429873,0.1089185537319909,0.12032812005410369,0.12261888813145465,20.82,1024.829
1791127016.1062524,69.64737049429873,0.1095615813695977,0.12065630226528674,0.12206276869778965,20.82,1024.832
1791127047.4356773,69.64737049429873,0.10981082264309297,0.12040945023547346,0.12256513155658703,20.84,1024.837
1791127078.7639728,69.64737049429873,0.1092012495876075,0.12085817681715437,0.12233237083152601,20.83,1024.831
1791127110.1018722,69.64737049429873,0.10936618424678621,0.12076609451200646,0.12221760708222455,20.83,1024.832
1791127141.4522083,69.64737049429873,0.10966114198493015,0.12071745523870994,0.12211505672000073,20.86,1024.827
1791127172.796567,69.64737049429873,0.11007214814471872,0.12122273087601129,0.1218380138801827,20.83,1024.825
1791127204.1489623,69.64737049429873,0.1093630014984291,0.11998592124280587,0.12295857252165547,20.84,1024.831
1791127235.4876585,69.64737049429873,0.10944439287733994,0.12079056791052861,0.1218380138801827,20.86,1024.837
1791127266.822006,69.64737049429873,0.10932804940474994,0.12089958948728674,0.12179422496453357,20.84,1024.834
1791127298.1675038,69.64737049429873,0.10931346895629396,0.11960568643459213,0.12184543092318684,20.84,1024.838
1791127329.5059514,69.64737049429873,0.10885280761097903,0.12064986969513143,0.12184173079617536,20.84,1024.832
1791127360.8333921,69.64737049429873,0.10957977476851721,0.12032095945716845,0.12177502308731614,20.83,1024.83
1791127392.176966,69.64737049429873,0.10931626591106283,0.12087014402368736,0.12245152095337775,20.83,1024.835
1791127423.5265956,69.64737049429873,0.10944820050429897,0.12075990641063276,0.12199735164443122,20.82,1024.825
1791127454.8590755,69.64737049429873,0.10903446400587687,0.12024427212421886,0.12216763087275989,20.82,1024.822
1791127486.1844485,69.64737049429873,0.10923609643674848,0.12022192441458471,0.12187878382689579,20.83,1024.832
1791127517.4798918,69.64737049429873,0.10938732998640124,0.11959832397767939,0.12238083628196976,20.84,1024.832
1791127548.830545,69.64737049429873,0.10957112146381824,0.12061726217657744,0.12164326008613825,20.83,1024.831
1791127580.1758726,69.64737049429873,0.10931910661042546,0.12108574990877961,0.12221179435475968,20.83,1024.828
1791127611.514521,69.64737049429873,0.10968529586020988,0.12029928111784152,0.12221760708222455,20.84,1024.836
1791127642.867918,69.64737049429873,0.10979853050754795,0.12041646430975224,0.12204979506490841,20.84,1024.833
1791127674.2135017,69.64737049429873,0.10964811483439645,0.11996195478322774,0.12148919951402665,20.84,1024.835
1791127705.5550513,69.64737049429873,0.10981750926462126,0.1209194919984381,0.1219939600859962,20.84,1024.843
1791127736.883549,69.64737049429873,0.10918396950658467,0.12024427212421886,0.1219939600859962,20.86,1024.836
1791127768.2128172,69.64737049429873,0.10933388556711723,0.1202919887375373,0.12171151359130376,20.84,1024.831
1791127799.5596366,69.64737049429873,0.109698207580509,0.12040945023547346,0.12283983509581417,20.82,1024.83
1791127830.8949516,69.64737049429873,0.10949811071361565,0.12013440492214059,0.12176721929829085,20.83,1024.826
1791127862.2463698,69.64737049429873,0.10923389582556574,0.11996195478322774,0.12396996498073296,20.84,1024.824
1791127893.5959725,69.64737049429873,0.10936618424678621,0.12126769609856342,0.12165585882917439,20.86,1024.82
1791127924.9294057,69.64737049429873,0.10918396950658467,0.12018931341529111,0.12233759978340848,20.82,1024.81
1791127956.289949,69.64737049429873,0.10966665427217492,0.12107472581751684,0.12171151359130376,20.82,1024.814
1791127987.6396046,69.64737049429873,0.10993768941766528,0.120269909582495,0.12255248783096268,20.8,1024.811
1791128018.9858158,69.64737049429873,0.10962166393241535,0.12118102287034369,0.12198023726353001,20.8,1024.82
1791128050.33147,69.64737049429873,0.10932199208872376,0.1204855099212791,0.12192034582510776,20.83,1024.836
1791128081.6788664,69.64737049429873,0.11012966504280583,0.12077801771315215,0.12157412095312813,20.83,1024.83
1791128113.0084853,69.64737049429873,0.10985578179311051,0.12101900553062266,0.12163476379711886,20.83,1024.833
1791128144.3508744,69.64737049429873,0.10950236952839372,0.12141964108658462,0.12261096881921581,20.83,1024.834
1791128175.6833234,69.64737049429873,0.11025226384828798,0.12096911175029604,0.12482457581749631,20.84,1024.834
1791128207.0039465,69.64737049429873,0.10971689319796327,0.12047150172064255,0.12238588120021303,20.86,1024.839
1791128238.353476,69.64737049429873,0.10974834611728757,0.12018177583216103,0.12188244324739979,20.83,1024.847
1791128269.6838045,69.64737049429873,0.10956631431952848,0.12109122414719217,0.1219939600859962,20.84,1024.849
1791128301.0352995,69.64737049429873,0.10987986972143476,0.1205883421185014,0.12250281085214769,20.84,1024.843
1791128332.3748443,69.64737049429873,0.10952991823619776,0.12093695129316957,0.122223366771485,20.86,1024.843
1791128363.7242348,69.64737049429873,0.10966114198493015,0.12104699891890167,0.12200408853173239,20.86,1024.84
1791128395.0537674,69.64737049429873,0.11029245018960357,0.12041646430975224,0.1220563114353623,20.84,1024.845
1791128426.3972125,69.64737049429873,0.10986788653229947,0.12089583658593245,0.12357557307950846,20.84,1024.83
1791128457.7408545,69.64737049429873,0.109640318621585,0.12025501945812128,0.12237829633735853,20.9,1024.843
1791128489.0813062,69.64737049429873,0.10965907714491059,0.12036668193530696,0.12174337336172658,20.87,1024.827
1791128520.466545,69.64737049429873,0.10957600456087065,0.12071578675985395,0.12185647035390995,20.84,1024.814
1791128551.811253,69.64737049429873,0.1094559955709772,0.12084001880950668,0.1219167301562221,20.86,1024.811
1791128583.1358342,69.64737049429873,0.10905208066018662,0.1211250734230125,0.12192394480810365,20.84,1024.819
1791128614.4674134,69.64737049429873,0.11003897237443176,0.12044374610476112,0.12220886787223324,20.84,1024.817
1791128645.8088152,69.64737049429873,0.10938732998640124,0.12049243568516325,0.12141012803651834,20.87,1024.81
1791128677.1562495,69.64737049429873,0.10958962732077415,0.12003231487897664,0.12157852696309454,20.86,1024.807
1791128708.5028517,69.64737049429873,0.10917014910319343,0.1204855099212791,0.12180378688493754,20.83,1024.812
1791128739.8523684,69.64737049429873,0.10922071654275049,0.12065987139928416,0.1219167301562221,20.86,1024.817
1791128771.192868,69.64737049429873,0.11012966504280583,0.12024752247542386,0.12186023235088618,20.82,1024.828
1791128802.5172935,69.64737049429873,0.10957600456087065,0.12047855197301244,0.12363455253968507,20.83,1024.829
1791128833.8658292,69.64737049429873,0.10986291370329543,0.12054139627739724,0.12156969447771619,20.89,1024.823
1791128865.208367,69.64737049429873,0.10964576609562578,0.12092811934675606,0.12214324623010372,20.87,1024.827
1791128896.5499303,69.64737049429873,0.10959467067591008,0.12080919003174795,0.1220231219683589,20.87,1024.823
1791128927.9063287,69.64737049429873,0.11000477242212707,0.12052080674408544,0.12225110647006043,20.84,1024.823
1791128959.2328558,69.64737049429873,0.1100875872654979,0.12052770190457288,0.12173119966534603,20.87,1024.825
1791128990.5773273,69.64737049429873,0.10972897943152028,0.12070291704920039,0.12167854729706369,20.84,1024.832
1791129021.9188333,69.64737049429873,0.10972897943152028,0.11996047994285144,0.12133429362287285,20.83,1024.844
1791129053.2462318,69.64737049429873,0.11038543530615923,0.12042259097294111,0.12179598621451475,20.82,1024.846
1791129084.5939496,69.64737049429873,0.10923833180138416,0.12001627805688368,0.121513252870134,20.83,1024.851
1791129115.9382212,69.64737049429873,0.10954362285540331,0.12023999055645017,0.12173933433774081,20.8,1024.858
1791129147.285811,69.64737049429873,0.10962694877024519,0.12040832301526204,0.12173933433774081,20.79,1024.875
1791129178.6314073,69.64737049429873,0.10956224181291052,0.12012020887969371,0.12190578186569323,20.79,1024.88
1791129209.9756696,69.64737049429873,0.10933990623767278,0.11990473368816287,0.1211595855121217,20.82,1024.882
1791129241.3203518,69.64737049429873,0.11009865942996547,0.12053456500799624,0.12231368643135984,20.79,1024.881
1791129272.6529465,69.64737049429873,0.10949262256762313,0.12023242345642295,0.12191309768513636,20.83,1024.889
1791129303.9734385,69.64737049429873,0.11024199487908931,0.12016855965942919,0.1226540714325159,20.82,1024.888
1791129335.2728448,69.64737049429873,0.10942719650208814,0.12000009135108865,0.12224822954018928,20.8,1024.896
1791129366.6223588,69.64737049429873,0.10979933861671265,0.11954398060855707,0.12144268161296978,20.83,1024.888
1791129397.9636953,69.64737049429873,0.109070075124801,0.12064674747327718,0.12184889369310366,20.8,1024.892
1791129429.3012836,69.64737049429873,0.10940892943332098,0.12058389454129692,0.12380715401168049,20.83,1024.892
1791129460.64082,69.64737049429873,0.1098118835537717,0.11996047994285144,0.12167854729706369,20.8,1024.895
1791129491.9842043,69.64737049429873,0.10972897943152028,0.11972035808505972,0.12145215829093128,20.86,1024.9
1791129523.3267508,69.64737049429873,0.10917187172809739,0.12042259097294111,0.1217352764829465,20.83,1024.894
1791129554.6711853,69.64737049429873,0.10891773567113198,0.12041547360095482,0.12220000682756114,20.84,1024.903
1791129586.0206637,69.64737049429873,0.10944166974621089,0.1200721281026584,0.12150867652920534,20.87,1024.908
1791129617.3671782,69.64737049429873,0.10939076432493143,0.12053456500799624,0.12168273513828583,20.87,1024.908
1791129648.7017055,69.64737049429873,0.1087999466870827,0.12000820357047212,0.12185647035390995,20.83,1024.917
1791129680.0372689,69.64737049429873,0.10917187172809739,0.1200561949445894,0.1228866584245961,20.83,1024.918
1791129711.3696363,69.64737049429873,0.10924060274929832,0.12062683095173864,0.1215562908229058,20.83,1024.923
1791129742.7101812,69.64737049429873,0.10968371835296091,0.12108639260263084,0.12178414812426584,20.82,1024.908
1791129774.038816,69.64737049429873,0.10963231781273003,0.12126750286288634,0.12189839741439687,20.83,1024.908
1791129805.3831847,69.64737049429873,0.10985062510057302,0.11972910201007417,0.12276886758915583,20.82,1024.917
1791129836.7347796,69.64737049429873,0.11011877752698719,0.12000820357047212,0.12139569260571342,20.83,1024.927
1791129868.0661705,69.64737049429873,0.10937603604978048,0.11994404016876045,0.12156077955753533,20.84,1024.916
1791129899.4055634,69.64737049429873,0.10961344146554437,0.1206335008307953,0.12173119966534603,20.86,1024.919
1791129930.7392142,69.64737049429873,0.10981871949556016,0.12085952244266164,0.12161317517594399,20.84,1024.93
1791129962.0837038,69.64737049429873,0.10985062510057302,0.12057712745584111,0.12138105442079655,20.84,1024.926
1791129993.4241765,69.64737049429873,0.10961344146554437,0.12029604905588452,0.12201971771772224,20.83,1024.91
1791130024.7615798,69.64737049429873,0.10974809999923402,0.11994404016876045,0.1219662586451864,20.86,1024.907
1791130056.1182408,69.64737049429873,0.10883296993764922,0.12121080671700118,0.12144268161296978,20.86,1024.902
1791130087.460638,69.64737049429873,0.11003621413480236,0.12012020887969371,0.12328901858302262,20.89,1024.908
1791130118.7961726,69.64737049429873,0.10993361158103819,0.12045748276273215,0.12594702172548838,20.87,1024.905
1791130150.1387835,69.64737049429873,0.10987015919477833,0.12103532896933807,0.12172710375170505,20.9,1024.902
1791130181.4780219,69.64737049429873,0.10976732794052262,0.12045748276273215,0.12190209827924695,20.89,1024.906
1791130212.8225882,69.64737049429873,0.1097159844621076,0.12080293767453473,0.12195917116705837,20.89,1024.902
1791130244.1691418,69.64737049429873,0.10968371835296091,0.12068338621209397,0.12149481883113404,20.87,1024.883
1791130275.51972,69.64737049429873,0.11005625104382556,0.12051387930140382,0.12242017587406234,20.87,1024.883
1791130306.8601127,69.64737049429873,0.10929177165541605,0.12085952244266164,0.12190209827924695,20.83,1024.88
1791130338.1906703,69.64737049429873,0.11010777786869105,0.12051387930140382,0.12230549129106734,20.86,1024.877
1791130369.5211265,69.64737049429873,0.10978666416238424,0.12068338621209397,0.12253728791332019,20.86,1024.884
1791130400.8574839,69.64737049429873,0.10992164710586183,0.12022482092827291,0.12236280671052946,20.86,1024.884
1791130432.210008,69.64737049429873,0.1097159844621076,0.12069643715083037,0.1228263462864511,20.89,1024.882
1791130463.554743,69.64737049429873,0.10966468899288342,0.12098455128639869,0.12150407884242781,20.9,1024.883
1791130494.8990188,69.64737049429873,0.10979933861671265,0.12092215377389824,0.12184889369310366,20.89,1024.882
1791130526.243646,69.64737049429873,0.10908738310667752,0.12017628997298173,0.12236541848941296,20.87,1024.885
1791130557.5921967,69.64737049429873,0.10987015919477833,0.1207335530471505,0.12230823577009849,20.9,1024.883
1791130588.9365194,69.64737049429873,0.10988980339697572,0.12050691934928486,0.12212754028722837,20.87,1024.89
1791130620.2590318,69.64737049429873,0.10978666416238424,0.12091013856269664,0.12224533910932281,20.87,1024.891
1791130651.592557,69.64737049429873,0.10930978575667462,0.12096695985217293,0.12201286126705192,20.86,1024.884
1791130682.941112,69.64737049429873,0.10999313660238859,0.12067681474340905,0.12218496067482103,20.89,1024.893
1791130714.2815728,69.64737049429873,0.10963231781273003,0.12062012974254609,0.1217801650231483,20.84,1024.894
1791130745.6160893,69.64737049429873,0.10949692753571125,0.12016079308570446,0.12172298860753829,20.86,1024.899
1791130776.9525466,69.64737049429873,0.10915596567065243,0.12079665597595786,0.12166586585597682,20.86,1024.897
1791130808.3050737,69.64737049429873,0.1097351671135499,0.12033750165860682,0.12201286126705192,20.84,1024.895
1791130839.64379,69.64737049429873,0.1099731832966223,0.12062683095173864,0.1220162975213862,20.84,1024.901
1791130870.9880497,69.64737049429873,0.1099731832966223,0.12050691934928486,0.1220162975213862,20.9,1024.904
1791130902.3324528,69.64737049429873,0.10920719090903826,0.1204503938071532,0.12224533910932281,20.91,1024.901
1791130933.6849291,69.64737049429873,0.10966468899288342,0.12050691934928486,0.12352012388305668,20.91,1024.905
1791130965.0266156,69.64737049429873,0.10975445804458904,0.12049992665834752,0.1217801650231483,20.93,1024.911
1791130996.3581257,69.64737049429873,0.10980610958206133,0.12043611567050798,0.12288107307417098,20.89,1024.92
1791131027.686594,69.64737049429873,0.10972210007575602,0.12101804674666974,0.12165731190745768,20.9,1024.926
1791131059.0290248,69.64737049429873,0.10972210007575602,0.12031525495147294,0.12194841463506016,20.9,1024.935
1791131090.3724732,69.64737049429873,0.10927642666468268,0.12037938384179815,0.12165731190745768,20.87,1024.945
1791131121.6532953,69.64737049429873,0.10980610958206133,0.12026608037574905,0.12171885409709458,20.86,1024.935
1791131152.9835649,69.64737049429873,0.1096703907615153,0.11974132234215971,0.12177616316833581,20.87,1024.934
1791131184.3199983,69.64737049429873,0.10965130061038215,0.1204432715216164,0.12148547162173921,20.86,1024.937
1791131215.6574967,69.64737049429873,0.10972210007575602,0.12043611567050798,0.12171885409709458,20.86,1024.938
1791131247.004014,69.64737049429873,0.10922500009352312,0.12079034472898964,0.12218190889899329,20.89,1024.93
1791131278.336396,69.64737049429873,0.10956711821127928,0.12049992665834752,0.12177616316833581,20.87,1024.945
1791131309.6809182,69.64737049429873,0.109548336907965,0.1202095085877054,0.12166159894091602,20.86,1024.941
1791131341.0236127,69.64737049429873,0.10980610958206133,0.12062012974254609,0.12224243508220024,20.87,1024.941
1791131372.3750174,69.64737049429873,0.10943099734815354,0.12078400372465024,0.12207017384329884,20.87,1024.949
1791131403.734386,69.64737049429873,0.10996135629959618,0.12131411609821871,0.12194841463506016,20.9,1024.946
1791131435.0569992,69.64737049429873,0.10968371835296091,0.12016079308570446,0.12207017384329884,20.89,1024.956
1791131466.4093986,69.64737049429873,0.10946403997394692,0.12177616316833581,0.12282481236266879,20.86,1024.954
1791131497.7598324,69.64737049429873,0.11030430553096097,0.12067021231960459,0.12235754626152896,20.87,1024.95
1791131529.106771,69.64737049429873,0.10953428763206649,0.12025849985057135,0.12247287443707416,20.86,1024.964
1791131560.4369493,69.64737049429873,0.10987752100264611,0.12042892601598812,0.12165731190745768,20.86,1024.953
1791131591.7772808,69.64737049429873,0.10934612030668865,0.12031525495147294,0.12223658585364205,20.84,1024.946
1791131623.1318517,69.64737049429873,0.10968958917938659,0.12042892601598812,0.12124660886840345,20.86,1024.95
1791131654.455495,69.64737049429873,0.1092429101369474,0.12020179826944528,0.12188718992510647,20.83,1024.948
1791131685.8058689,69.64737049429873,0.10913989462055106,0.12067021231960459,0.12200594012989616,20.84,1024.953
1791131717.146433,69.64737049429873,0.10937942522343441,0.12043611567050798,0.12189094336091241,20.84,1024.951
1791131748.4957874,69.64737049429873,0.10937942522343441,0.1199672598040172,0.12194841463506016,20.83,1024.953
1791131779.8354058,69.64737049429873,0.10972210007575602,0.12027362530997004,0.12113221999023374,20.86,1024.941
1791131811.1638105,69.64737049429873,0.10976732794052262,0.12103532896933807,0.12172298860753829,20.83,1024.934
1791131842.5143852,69.64737049429873,0.1095809654250972,0.11981499138110978,0.12190209827924695,20.86,1024.929
1791131873.8619194,69.64737049429873,0.10941257355132038,0.12061339698194948,0.12207347741739766,20.87,1024.933
1791131905.2104037,69.64737049429873,0.10953428763206649,0.12042892601598812,0.1215426977530239,20.84,1024.92
1791131936.5671008,69.64737049429873,0.10953428763206649,0.12031525495147294,0.12188718992510647,20.86,1024.914
1791131967.9044032,69.64737049429873,0.10948261812806843,0.12101223157963546,0.12182963901536538,20.9,1024.918
1791131999.2508624,69.64737049429873,0.10905446752486497,0.11990226089098988,0.12188718992510647,20.91,1024.917
1791132030.6003144,69.64737049429873,0.10871146070872227,0.12118938743683022,0.12165300461297901,20.87,1024.917
1791132061.9498043,69.64737049429873,0.10953428763206649,0.12101223157963546,0.12177214242706841,20.89,1024.916
1791132093.3114028,69.64737049429873,0.10958600592916515,0.12089190259958535,0.12188718992510647,20.91,1024.911
1791132124.6568816,69.64737049429873,0.10984533173592544,0.12031525495147294,0.12299455307715815,20.91,1024.917
1791132155.990265,69.64737049429873,0.10958600592916515,0.11978903350099868,0.1220635199221875,20.9,1024.921
1791132187.317731,69.64737049429873,0.10987752100264611,0.12019405151132138,0.12171470008334201,20.91,1024.927
1791132218.6634116,69.64737049429873,0.10984533173592544,0.12042170231796463,0.12235223604249312,20.93,1024.914
1791132250.015758,69.64737049429873,0.1091575970928193,0.12054281207119627,0.12182573340238191,20.89,1024.925
1791132281.3612437,69.64737049429873,0.10886566850363015,0.12025088348200712,0.12223658585364205,20.87,1024.924
1791132312.7006936,69.64737049429873,0.1095531268172314,0.12065691372760567,0.12352050279681932,20.89,1024.919
1791132344.0383067,69.64737049429873,0.10896871697984327,0.12019405151132138,0.12153352848368784,20.86,1024.92
1791132375.3747628,69.64737049429873,0.10900297578220322,0.11990226089098988,0.12165300461297901,20.89,1024.922
1791132406.7211907,69.64737049429873,0.1091575970928193,0.11995895489281796,0.12200245501714203,20.9,1024.927
1791132438.063868,69.64737049429873,0.10960500096860709,0.1203647088089116,0.12176810266533002,20.87,1024.928
1791132469.4124544,69.64737049429873,0.10934612030668865,0.12019405151132138,0.1212413235649938,20.89,1024.925
1791132500.7548373,69.64737049429873,0.1095013017449048,0.12030776922242224,0.12147603597674846,20.91,1024.924
1791132532.1013284,69.64737049429873,0.10872797112946998,0.12030776922242224,0.12153352848368784,20.89,1024.924
1791132563.4357963,69.64737049429873,0.10944952568200846,0.12002387745635384,0.12182573340238191,20.89,1024.918
1791132594.7770994,69.64737049429873,0.10913989462055106,0.11991909051706329,0.12264627491242568,20.86,1024.918
1791132626.12267,69.64737049429873,0.10883201050025217,0.12037938384179815,0.12137118087027389,20.89,1024.929
1791132657.4633136,69.64737049429873,0.10953428763206649,0.12019405151132138,0.12148547162173921,20.86,1024.929
1791132688.7997222,69.64737049429873,0.1089515326418283,0.12031525495147294,0.12136121399264747,20.84,1024.927
1791132720.1452613,69.64737049429873,0.10944952568200846,0.12030776922242224,0.12153812394188443,20.86,1024.922
1791132751.4856987,69.64737049429873,0.10944952568200846,0.12007250389021755,0.12118396928816691,20.86,1024.929
1791132782.8332386,69.64737049429873,0.10968958917938659,0.12025088348200712,0.12182573340238191,20.87,1024.933
1791132814.177713,69.64737049429873,0.10960500096860709,0.12007250389021755,0.12206016935391156,20.89,1024.926
1791132845.521128,69.64737049429873,0.10931265768889471,0.12047874982621576,0.12176810266533002,20.87,1024.922
1791132876.865647,69.64737049429873,0.10926092189853732,0.12065691372760567,0.12252612222897337,20.89,1024.934
1791132908.1583323,69.64737049429873,0.11037750181064945,0.1203647088089116,0.12328675799585222,20.9,1024.935
1791132939.5095854,69.64737049429873,0.1101375366546195,0.12018626805439325,0.12246810527595121,20.9,1024.938
1791132970.8362324,69.64737049429873,0.10981298976160309,0.12012140727915156,0.1213561951416833,20.9,1024.939
1791133002.1866744,69.64737049429873,0.10981298976160309,0.12019405151132138,0.12158659255372518,20.9,1024.947
1791133033.525092,69.64737049429873,0.10913989462055106,0.12037938384179815,0.12217884270693015,20.91,1024.95
1791133064.851696,69.64737049429873,0.10961873016295992,0.12037206364796059,0.12166159894091602,20.91,1024.957
1791133096.1993003,69.64737049429873,0.10891716836774169,0.12030776922242224,0.12188718992510647,20.89,1024.954
1791133127.550917,69.64737049429873,0.10886566850363015,0.12217576199623884,0.12200245501714203,20.91,1024.957
1791133158.8961318,69.64737049429873,0.10872797112946998,0.12025088348200712,0.12217576199623884,20.91,1024.972
1791133190.2295637,69.64737049429873,0.10910600793872355,0.12054973989712547,0.12141859783876373,20.89,1024.964
1791133221.5703256,69.64737049429873,0.10927642666468268,0.12026608037574905,0.12293765240754478,20.9,1024.977
1791133252.9115593,69.64737049429873,0.1089857351180861,0.12020179826944528,0.12119478007514264,20.9,1024.979
1791133284.258207,69.64737049429873,0.10879749414727265,0.11973249996123475,0.12125186927521747,20.9,1024.979
1791133315.599649,69.64737049429873,0.10881421731839204,0.11961047027065835,0.12118938743683022,20.89,1024.977
1791133346.9280968,69.64737049429873,0.10934612030668865,0.12054973989712547,0.1215955371432828,20.89,1024.98
1791133378.2636845,69.64737049429873,0.10934612030668865,0.1199672598040172,0.12177214242706841,20.9,1024.989
1791133409.604212,69.64737049429873,0.1096703907615153,0.12027362530997004,0.12177214242706841,20.89,1024.991
1791133440.9386687,69.64737049429873,0.10964576609562578,0.12075913895128897,0.12207347741739766,20.89,1024.998
1791133472.2731428,69.64737049429873,0.1102728686768286,0.12196272318239793,0.12201971771772224,20.89,1025.001
1791133503.6247895,69.64737049429873,0.10970285507685448,0.12026608037574905,0.12288527187485095,20.87,1025.006
1791133534.9701037,69.64737049429873,0.10927642666468268,0.12031525495147294,0.12200940884136367,20.89,1025.019
1791133566.3155727,69.64737049429873,0.10972210007575602,0.12032270543535288,0.12171470008334201,20.87,1025.025
1791133597.6432116,69.64737049429873,0.11009666432633045,0.12055663512001816,0.12171885409709458,20.87,1025.027
1791133628.9925506,69.64737049429873,0.10970285507685448,0.12067021231960459,0.12253285315284237,20.86,1025.033
1791133660.3361406,69.64737049429873,0.10888320383266267,0.12090408852854605,0.12119478007514264,20.87,1025.023
1791133691.6745746,69.64737049429873,0.10941257355132038,0.12067021231960459,0.12166159894091602,20.89,1025.029
1791133723.0241861,69.64737049429873,0.10866015514670921,0.11931867965032683,0.12183352623083035,20.87,1025.038
1791133754.3706045,69.64737049429873,0.10934612030668865,0.11990226089098988,0.12165300461297901,20.87,1025.04
1791133785.718181,69.64737049429873,0.10974145427119761,0.12188341871652648,0.12246810527595121,20.89,1025.047
1791133817.064761,69.64737049429873,0.10984533173592544,0.12012935903825228,0.12363747839480067,20.89,1025.046
1791133848.4071562,69.64737049429873,0.10936444249696024,0.1205998359110038,0.12194115868532834,20.89,1025.047
1791133879.75154,69.64737049429873,0.10878086528409056,0.12050691934928486,0.12130388436145913,20.89,1025.043
1791133911.0982647,69.64737049429873,0.10910478846563812,0.119823563062789,0.12218799813584562,20.9,1025.051
1791133942.42356,69.64737049429873,0.10985062510057302,0.11992744609593887,0.12282787304538544,20.89,1025.044
1791133973.771026,69.64737049429873,0.10946403997394692,0.12079034472898964,0.12288247924559288,20.89,1025.048
1791134005.1147046,69.64737049429873,0.10890013803496017,0.11995895489281796,0.12288107307417098,20.9,1025.05
1791134036.4600792,69.64737049429873,0.10902031440918236,0.12024323101523374,0.12147603597674846,20.89,1025.055
1791134067.7855666,69.64737049429873,0.10926092189853732,0.11919588913413537,0.12164867691350582,20.89,1025.054
1791134099.1352203,69.64737049429873,0.10920923505632324,0.1203647088089116,0.12129873215710174,20.9,1025.055
1791134130.481477,69.64737049429873,0.1095531268172314,0.12024323101523374,0.12176810266533002,20.89,1025.059
1791134161.8241086,69.64737049429873,0.10941627639243054,0.11983701575853992,0.12270050337067087,20.86,1025.057
1791134193.1674986,69.64737049429873,0.10984533173592544,0.1203647088089116,0.12223364045715085,20.89,1025.064
1791134224.5141401,69.64737049429873,0.10965692426878276,0.12018626805439325,0.12188341871652648,20.86,1025.058
1791134255.8564553,69.64737049429873,0.10952009172503335,0.12035731907811309,0.12194115868532834,20.89,1025.063
1791134287.2281833,69.64737049429873,0.10902031440918236,0.12037206364796059,0.12147128459776935,20.86,1025.063
1791134318.577596,69.64737049429873,0.10948261812806843,0.11984562045234078,0.12118938743683022,20.86,1025.061
1791134349.9259605,69.64737049429873,0.10902031440918236,0.12059300714757654,0.12194479523331053,20.87,1025.059
1791134381.271551,69.64737049429873,0.10986511035713617,0.12076480004783538,0.1218218092609617,20.89,1025.063
1791134412.6014106,69.64737049429873,0.11045118446696561,0.120707481388981,0.12193750486898375,20.9,1025.07
1791134443.9345157,69.64737049429873,0.10922719368846363,0.12065021711468281,0.12211470729753143,20.91,1025.074
1791134475.2749517,69.64737049429873,0.10888264114500591,0.1213561951416833,0.12293508034809067,20.89,1025.077
1791134506.6196542,69.64737049429873,0.10960500096860709,0.12012935903825228,0.12223364045715085,20.87,1025.082
1791134537.9598854,69.64737049429873,0.10907196072513774,0.12035731907811309,0.12188341871652648,20.9,1025.089
1791134569.3085244,69.64737049429873,0.10957207330222143,0.12030024799751228,0.12152891122439198,20.91,1025.096
1791134600.6541977,69.64737049429873,0.10952009172503335,0.12035731907811309,0.12152891122439198,20.89,1025.104
1791134632.0055544,69.64737049429873,0.10948261812806843,0.12107510645225272,0.12194115868532834,20.89,1025.11
1791134663.347872,69.64737049429873,0.10951555483779224,0.12097285115575536,0.12229718017645028,20.89,1025.123
1791134694.6925564,69.64737049429873,0.10949692753571125,0.1201451501324271,0.12218799813584562,20.89,1025.128
1791134725.9669163,69.64737049429873,0.10953428763206649,0.12037206364796059,0.12194841463506016,20.9,1025.13
1791134757.3133812,69.64737049429873,0.10934612030668865,0.12025088348200712,0.1220635199221875,20.94,1025.133
1791134788.662085,69.64737049429873,0.1095531268172314,0.12012935903825228,0.12200245501714203,20.93,1025.137
1791134820.0085576,69.64737049429873,0.10917540029507018,0.11965799022481194,0.12392982167451304,20.93,1025.145
1791134851.3520093,69.64737049429873,0.10946815944513444,0.12112109220086642,0.12199895338649913,20.91,1025.139
1791134882.7004333,69.64737049429873,0.10989734424831946,0.12047874982621576,0.12252612222897337,20.93,1025.141
1791134914.0300217,69.64737049429873,0.10917540029507018,0.11959209522668704,0.12194115868532834,20.94,1025.145
1791134945.3524084,69.64737049429873,0.10903775183635182,0.12105797625312248,0.12158659255372518,20.93,1025.14
1791134976.6892626,69.64737049429873,0.10933092804163892,0.12076480004783538,0.12223068107427085,20.91,1025.133
1791135008.0245047,69.64737049429873,0.10991728045221309,0.12094311515125253,0.12170211963238224,20.9,1025.131
1791135039.3539484,69.64737049429873,0.10976091859519871,0.12012935903825228,0.12211470729753143,20.9,1025.135
1791135070.707479,69.64737049429873,0.1092944908556842,0.11974132234215971,0.12188341871652648,20.89,1025.138
1791135102.0529306,69.64737049429873,0.10996135629959618,0.12060663244659203,0.12195201701155813,20.89,1025.135
1791135133.396587,69.64737049429873,0.10960500096860709,0.12089190259958535,0.12217884270693015,20.9,1025.135
1791135164.737843,69.64737049429873,0.1100854351220679,0.12030776922242224,0.12217576199623884,20.89,1025.141
1791135196.0825143,69.64737049429873,0.11101415141070169,0.12089190259958535,0.12264430273107467,20.9,1025.141
1791135227.4240186,69.64737049429873,0.10974145427119761,0.12024323101523374,0.12211793832107597,20.93,1025.147
1791135258.773355,69.64737049429873,0.10952009172503335,0.11971472969738375,0.12141371259607733,20.93,1025.16
1791135290.1128683,69.64737049429873,0.10976091859519871,0.12000748884744802,0.12199895338649913,20.91,1025.162
1791135321.4625168,69.64737049429873,0.1091575970928193,0.12025088348200712,0.12147128459776935,20.91,1025.157
1791135352.8119678,69.64737049429873,0.10900297578220322,0.12002387745635384,0.12147603597674846,20.9,1025.167
1791135384.137498,69.64737049429873,0.11016903607612706,0.12031525495147294,0.12177214242706841,20.89,1025.164
1791135415.4839776,69.64737049429873,0.10884879189294858,0.1204432715216164,0.12217884270693015,20.89,1025.167
1791135446.8225005,69.64737049429873,0.10949692753571125,0.12010445632477118,0.12149015620299775,20.87,1025.167
1791135478.177841,69.64737049429873,0.10934298851959821,0.12021718272261188,0.12149481883113404,20.86,1025.169
1791135509.5243843,69.64737049429873,0.10893444534925403,0.11991069554184279,0.12143311594802464,20.86,1025.169
1791135540.8860073,69.64737049429873,0.10937942522343441,0.12008054857447963,0.12113221999023374,20.86,1025.166
1791135572.242466,69.64737049429873,0.109929425870336,0.12019405151132138,0.1215955371432828,20.86,1025.165
1791135603.5870748,69.64737049429873,0.10984533173592544,0.12071404559767701,0.1215955371432828,20.89,1025.162
1791135634.9294527,69.64737049429873,0.10931265768889471,0.12047874982621576,0.12164867691350582,20.89,1025.163
1791135666.2749193,69.64737049429873,0.10877947895331522,0.12071404559767701,0.12164867691350582,20.91,1025.161
1791135697.6213732,69.64737049429873,0.10944952568200846,0.12007250389021755,0.12188341871652648,20.89,1025.166
1791135728.9708164,69.64737049429873,0.10931265768889471,0.11954467247882754,0.12153352848368784,20.9,1025.172
1791135760.2964356,69.64737049429873,0.10902031440918236,0.11989378628257075,0.12270234815846409,20.9,1025.163
1791135791.6249187,69.64737049429873,0.10936444249696024,0.1200157025338407,0.12170633299128822,20.9,1025.17
1791135822.9674263,69.64737049429873,0.10995334193598635,0.12057712745584111,0.1215955371432828,20.9,1025.168
1791135854.298975,69.64737049429873,0.11121194345703742,0.12016079308570446,0.12184507878292528,20.91,1025.177
1791135885.6315773,69.64737049429873,0.10941257355132038,0.12037206364796059,0.12149015620299775,20.89,1025.181
1791135916.9728708,69.64737049429873,0.10960500096860709,0.12059300714757654,0.12427912019596271,20.87,1025.186
1791135948.3254318,69.64737049429873,0.10917540029507018,0.12094311515125253,0.12147128459776935,20.89,1025.183
1791135979.6657765,69.64737049429873,0.11034643689532725,0.12258419417692093,0.12322783949815494,20.9,1025.187
1791136011.0115702,69.64737049429873,0.10941627639243054,0.12048584213165292,0.1218218092609617,20.89,1025.192
1791136042.352789,69.64737049429873,0.10963777308851232,0.12206016935391156,0.12241014323977004,20.9,1025.186
1791136073.6974134,69.64737049429873,0.11111933312789532,0.12077123159803828,0.12246810527595121,20.93,1025.193
1791136105.040955,69.64737049429873,0.10970889678764144,0.1203647088089116,0.12258419417692093,20.9,1025.197
1791136136.389257,69.64737049429873,0.10960500096860709,0.12065691372760567,0.1215910754368141,20.9,1025.191
1791136167.7367578,69.64737049429873,0.10984533173592544,0.12030024799751228,0.12176810266533002,20.9,1025.187
1791136199.0794024,69.64737049429873,0.10976091859519871,0.12024323101523374,0.1217640437478336,20.9,1025.19
1791136230.4127944,69.64737049429873,0.10984533173592544,0.12077763275198443,0.12170633299128822,20.91,1025.195
1791136261.7462628,69.64737049429873,0.10943099734815354,0.12015298999608229,0.12247049548875381,20.9,1025.192
1791136293.0949385,69.64737049429873,0.10941257355132038,0.12033012092239555,0.12212754028722837,20.87,1025.193
1791136324.4423985,69.64737049429873,0.10963231781273003,0.12027362530997004,0.12178414812426584,20.87,1025.191
1791136355.7887838,69.64737049429873,0.10936115550161829,0.12084718986428726,0.12154725006970066,20.87,1025.184
1791136387.1352394,69.64737049429873,0.10948261812806843,0.12037206364796059,0.12264823780812556,20.89,1025.189
1791136418.480814,69.64737049429873,0.1095013017449048,0.1212413235649938,0.12153812394188443,20.89,1025.188
1791136449.8243215,69.64737049429873,0.10960500096860709,0.12053585141044464,0.12322843610823778,20.87,1025.183
1791136481.1718254,69.64737049429873,0.10941627639243054,0.12030024799751228,0.12141371259607733,20.89,1025.184
1791136512.4643188,69.64737049429873,0.10981298976160309,0.1218796296086399,0.12170633299128822,20.87,1025.189
1791136543.8058343,69.64737049429873,0.10933092804163892,0.12047162384254831,0.12164432866369666,20.89,1025.194
1791136575.1531785,69.64737049429873,0.10927903624730671,0.1195353331693221,0.1218796296086399,20.91,1025.195
1791136606.4987671,69.64737049429873,0.10922719368846363,0.12024323101523374,0.12170633299128822,20.9,1025.206
1791136637.850295,69.64737049429873,0.10986511035713617,0.11988527143197412,0.12170633299128822,20.91,1025.21
1791136669.1777136,69.64737049429873,0.10986511035713617,0.12158659255372518,0.12164432866369666,20.91,1025.218
1791136700.5222497,69.64737049429873,0.10933092804163892,0.12012935903825228,0.12193750486898375,20.89,1025.225
1791136731.8597708,69.64737049429873,0.10981298976160309,0.120707481388981,0.12182573340238191,20.91,1025.234
1791136763.2033222,69.64737049429873,0.11005367774526298,0.120707481388981,0.1218796296086399,20.9,1025.243
1791136794.5550244,69.64737049429873,0.10938286914163288,0.12029269102367146,0.1231102096901321,20.91,1025.246
1791136825.8852012,69.64737049429873,0.10922719368846363,0.11982837022423683,0.12193750486898375,20.91,1025.256
1791136857.228751,69.64737049429873,0.10962410424692601,0.12012140727915156,0.12152891122439198,20.89,1025.255
1791136888.5623648,69.64737049429873,0.10912365599721964,0.12030024799751228,0.12164432866369666,20.89,1025.263
1791136919.9046333,69.64737049429873,0.10981298976160309,0.11971472969738375,0.12234956204796214,20.89,1025.269
1791136951.2450979,69.64737049429873,0.10912365599721964,0.12006442104154337,0.12170633299128822,20.87,1025.269
1791136982.5918212,69.64737049429873,0.10858988199494164,0.12000748884744802,0.1217640437478336,20.86,1025.277
1791137013.939249,69.64737049429873,0.10922719368846363,0.11995061062002285,0.12147128459776935,20.83,1025.271
1791137045.2848434,69.64737049429873,0.10952009172503335,0.12041444433406628,0.12252612222897337,20.89,1025.269
1791137076.6163318,69.64737049429873,0.10933092804163892,0.12041444433406628,0.12129355549881045,20.86,1025.27
1791137107.9586291,69.64737049429873,0.10877947895331522,0.12088576629764082,0.12158659255372518,20.84,1025.275
1791137139.302263,69.64737049429873,0.10941627639243054,0.12024323101523374,0.12205680289789789,20.84,1025.277
1791137170.6309304,69.64737049429873,0.11039878583474252,0.11995061062002285,0.12229157378171002,20.89,1025.283
1791137201.977102,69.64737049429873,0.10898599919239198,0.12035731907811309,0.12199895338649913,20.87,1025.281
1791137233.3126543,69.64737049429873,0.10946815944513444,0.11989378628257075,0.1218796296086399,20.89,1025.285
1791137264.6691203,69.64737049429873,0.10941627639243054,0.12053585141044464,0.1213561951416833,20.87,1025.284
1791137296.0147586,69.64737049429873,0.10883103560200874,0.12006442104154337,0.12170633299128822,20.86,1025.281
1791137327.3441885,69.64737049429873,0.10965692426878276,0.12012935903825228,0.1218796296086399,20.87,1025.286
1791137358.6686172,69.64737049429873,0.1095531268172314,0.1197802989715235,0.12281860400079588,20.86,1025.294
1791137389.9971051,69.64737049429873,0.10931265768889471,0.12042170231796463,0.12211793832107597,20.86,1025.304
1791137421.346757,69.64737049429873,0.10896871697984327,0.11995895489281796,0.12246810527595121,20.86,1025.31
1791137452.6891615,69.64737049429873,0.10926092189853732,0.12019405151132138,0.12176810266533002,20.84,1025.311
1791137484.0357618,69.64737049429873,0.1095013017449048,0.12071404559767701,0.12206016935391156,20.87,1025.318
1791137515.3671312,69.64737049429873,0.10920923505632324,0.1197802989715235,0.12129873215710174,20.87,1025.32
1791137546.7055824,69.64737049429873,0.10960500096860709,0.12117852544770508,0.12182573340238191,20.83,1025.327
1791137578.063198,69.64737049429873,0.10927903624730671,0.11988527143197412,0.12328629944381031,20.86,1025.343
1791137609.4186027,69.64737049429873,0.10946815944513444,0.12000748884744802,0.12140880414450725,20.84,1025.342
1791137640.7611215,69.64737049429873,0.10941627639243054,0.12000748884744802,0.1217640437478336,20.86,1025.353
1791137672.0977113,69.64737049429873,0.10970889678764144,0.12030024799751228,0.12152891122439198,20.84,1025.362
1791137703.4570591,69.64737049429873,0.10902031440918236,0.11948809405282942,0.12211470729753143,20.86,1025.371
1791137734.81067,69.64737049429873,0.10931265768889471,0.11983701575853992,0.12188341871652648,20.86,1025.378
1791137766.1591735,69.64737049429873,0.10872797112946998,0.12018626805439325,0.12129873215710174,20.83,1025.381
1791137797.5036814,69.64737049429873,0.10936444249696024,0.1203647088089116,0.12188341871652648,20.82,1025.382
1791137828.8262477,69.64737049429873,0.10902031440918236,0.1203647088089116,0.12182573340238191,20.83,1025.387
1791137860.176527,69.64737049429873,0.1095013017449048,0.12025088348200712,0.12153352848368784,20.83,1025.392
1791137891.5222208,69.64737049429873,0.10958600592916515,0.12024323101523374,0.12165300461297901,20.84,1025.392
1791137922.8686094,69.64737049429873,0.10981298976160309,0.12053585141044464,0.1218218092609617,20.84,1025.392
1791137954.2160418,69.64737049429873,0.10953428763206649,0.12071404559767701,0.12211793832107597,20.84,1025.401
1791137985.5737054,69.64737049429873,0.11021045665750018,0.12076480004783538,0.12252612222897337,20.87,1025.397
1791138016.9150605,69.64737049429873,0.10957207330222143,0.12100051844389573,0.12275874077338408,20.9,1025.403
1791138048.2586854,69.64737049429873,0.10986511035713617,0.12035731907811309,0.12240760533410114,20.9,1025.401
1791138079.6062493,69.64737049429873,0.10888264114500591,0.12082847180565554,0.1218218092609617,20.91,1025.404
1791138110.9586418,69.64737049429873,0.11042974157331356,0.12170633299128822,0.12223364045715085,20.93,1025.409
1791138142.3160236,69.64737049429873,0.11042974157331356,0.12106371336986078,0.12270234815846409,20.93,1025.423
1791138173.662598,69.64737049429873,0.10976091859519871,0.1212413235649938,0.12223364045715085,20.95,1025.431
1791138204.9931045,69.64737049429873,0.11048203080774419,0.12042892601598812,0.12235223604249312,20.94,1025.431
1791138236.3426268,69.64737049429873,0.11022107865215966,0.12030776922242224,0.12247049548875381,20.95,1025.441
1791138267.695989,69.64737049429873,0.10960500096860709,0.12059300714757654,0.12241014323977004,20.93,1025.445
1791138299.0416524,69.64737049429873,0.10941627639243054,0.11965799022481194,0.12234956204796214,20.93,1025.451
1791138330.337103,69.64737049429873,0.10994940604060527,0.12124660886840345,0.12164867691350582,20.91,1025.458
1791138361.665526,69.64737049429873,0.10987752100264611,0.12094911864629973,0.12217884270693015,20.9,1025.464
1791138393.0152304,69.64737049429873,0.10941627639243054,0.12112109220086642,0.12217576199623884,20.9,1025.478
1791138424.359628,69.64737049429873,0.10994940604060527,0.12006442104154337,0.12194115868532834,20.9,1025.484
1791138455.7030425,69.64737049429873,0.10883103560200874,0.12141371259607733,0.12170633299128822,20.91,1025.488
1791138487.0435941,69.64737049429873,0.10912365599721964,0.12270234815846409,0.12322783949815494,20.89,1025.491
1791138518.3790436,69.64737049429873,0.10941627639243054,0.11983701575853992,0.12357896291454627,20.9,1025.488
1791138549.7196314,69.64737049429873,0.10907196072513774,0.11995895489281796,0.12188341871652648,20.93,1025.498
1791138581.066026,69.64737049429873,0.1091575970928193,0.12020179826944528,0.12200245501714203,20.9,1025.501
1791138612.4105828,69.64737049429873,0.10977385817462258,0.1201451501324271,0.12194841463506016,20.89,1025.502
1791138643.7419233,69.64737049429873,0.1092429101369474,0.11991069554184279,0.12171470008334201,20.87,1025.508
1791138675.0766304,69.64737049429873,0.10958600592916515,0.12047874982621576,0.12427723645588,20.86,1025.514
1791138706.4341056,69.64737049429873,0.11000151718285232,0.12076480004783538,0.12252612222897337,20.9,1025.52
1791138737.7735622,69.64737049429873,0.10996950011738285,0.12035731907811309,0.12217266666355464,20.89,1025.523
1791138769.1141233,69.64737049429873,0.10938286914163288,0.12024323101523374,0.12158659255372518,20.87,1025.528
1791138800.469421,69.64737049429873,0.10922719368846363,0.12047874982621576,0.1217640437478336,20.89,1025.523
1791138831.8209746,69.64737049429873,0.10891716836774169,0.12042892601598812,0.12211793832107597,20.87,1025.526
1791138863.1595445,69.64737049429873,0.10972210007575602,0.11991909051706329,0.1215955371432828,20.89,1025.524
1791138894.503059,69.64737049429873,0.10859278576202054,0.12004011210224498,0.12108076279963177,20.89,1025.526
1791138925.8345582,69.64737049429873,0.10927642666468268,0.12037938384179815,0.12125710496093679,20.86,1025.516
1791138957.173896,69.64737049429873,0.1092944908556842,0.12031525495147294,0.12159997782283151,20.84,1025.514
1791138988.518472,69.64737049429873,0.10953428763206649,0.11978903350099868,0.12148076493194931,20.86,1025.508
1791139019.8679092,69.64737049429873,0.1085224266980605,0.12013727323416444,0.12153812394188443,20.86,1025.505
1791139051.1954248,69.64737049429873,0.10905446752486497,0.12013727323416444,0.12165300461297901,20.87,1025.503
1791139082.5419545,69.64737049429873,0.10913989462055106,0.12025088348200712,0.12276214827057748,20.86,1025.497
1791139113.8734329,69.64737049429873,0.10886566850363015,0.12030776922242224,0.12165300461297901,20.87,1025.493
1791139145.1998951,69.64737049429873,0.10970889678764144,0.12106371336986078,0.12188341871652648,20.87,1025.493
1791139176.543448,69.64737049429873,0.10960500096860709,0.1215910754368141,0.12194115868532834,20.89,1025.488
1791139207.8838823,69.64737049429873,0.10987752100264611,0.11945063079556313,0.12211793832107597,20.89,1025.483
1791139239.2305543,69.64737049429873,0.10912229202578627,0.12027362530997004,0.12137118087027389,20.89,1025.481
1791139270.5770926,69.64737049429873,0.10965130061038215,0.12026608037574905,0.1217801650231483,20.84,1025.476
1791139301.90532,69.64737049429873,0.11004487611523116,0.12015298999608229,0.12288107307417098,20.86,1025.479
1791139333.2509296,69.64737049429873,0.10941257355132038,0.12022482092827291,0.12224822954018928,20.84,1025.481
1791139364.596498,69.64737049429873,0.10992164710586183,0.12033012092239555,0.1230577906924588,20.84,1025.478
1791139395.9418857,69.64737049429873,0.10936115550161829,0.12016079308570446,0.12201286126705192,20.86,1025.471
1791139427.2874439,69.64737049429873,0.10952966112242925,0.12022482092827291,0.12328857070504654,20.84,1025.473
1791139458.6350377,69.64737049429873,0.10968371835296091,0.1197588430723432,0.12167011279392746,20.86,1025.476
1791139489.966502,69.64737049429873,0.10934298851959821,0.11987119236425571,0.12178414812426584,20.86,1025.471
1791139521.311813,69.64737049429873,0.10907101039285441,0.1199672598040172,0.12143790998202392,20.87,1025.461
1791139552.6564293,69.64737049429873,0.10944952568200846,0.11989378628257075,0.12148076493194931,20.87,1025.46
1791139583.9778628,69.64737049429873,0.11000151718285232,0.12082847180565554,0.12112109220086642,20.84,1025.457
1791139615.3253682,69.64737049429873,0.10934612030668865,0.11985418459434621,0.12164867691350582,20.83,1025.465
1791139646.671906,69.64737049429873,0.10927642666468268,0.1202095085877054,0.1213662091798552,20.83,1025.457
1791139678.0254576,69.64737049429873,0.11081188104543761,0.12021718272261188,0.12160439762375283,20.87,1025.458
1791139709.3588848,69.64737049429873,0.11039683624182198,0.12045748276273215,0.12172298860753829,20.83,1025.46
1791139740.712387,69.64737049429873,0.10942719650208814,0.12040832301526204,0.12184507878292528,20.87,1025.466
1791139772.0528262,69.64737049429873,0.1101700933721555,0.12030345410369321,0.12161753321690798,20.9,1025.462
1791139803.4012907,69.64737049429873,0.10944166974621089,0.11989640694391315,0.12179598621451475,20.89,1025.463
1791139834.7427704,69.64737049429873,0.10985062510057302,0.12011235102280846,0.1211595855121217,20.89,1025.456
1791139866.081347,69.64737049429873,0.10937603604978048,0.12012020887969371,0.12242265470296422,20.87,1025.461
1791139897.4369073,69.64737049429873,0.10918948173391668,0.12020179826944528,0.12214013429042823,20.86,1025.459
1791139928.786301,69.64737049429873,0.10905446752486497,0.12037206364796059,0.12148076493194931,20.89,1025.465
1791139960.1247585,69.64737049429873,0.11003338286038676,0.1205998359110038,0.12165300461297901,20.89,1025.467
1791139991.4553745,69.64737049429873,0.1095013017449048,0.1217105264279529,0.12206016935391156,20.89,1025.481
1791140022.7989,69.64737049429873,0.10943099734815354,0.12120014738284719,0.1222943836063312,20.91,1025.483
1791140054.175402,69.64737049429873,0.10907101039285441,0.11986270847054818,0.1217801650231483,20.87,1025.492
1791140085.5148993,69.64737049429873,0.109548336907965,0.11969387999094273,0.1217801650231483,20.9,1025.486
1791140116.8132012,69.64737049429873,0.10949692753571125,0.12057032867298051,0.12189839741439687,20.9,1025.497
1791140148.1498156,69.64737049429873,0.10992164710586183,0.12023999055645017,0.12149481883113404,20.89,1025.504
1791140179.4953475,69.64737049429873,0.10972897943152028,0.11984058670446368,0.12190944829445673,20.89,1025.511
1791140210.8348885,69.64737049429873,0.11020103383538998,0.12047855197301244,0.12386479497990167,20.89,1025.502
1791140242.1782894,69.64737049429873,0.11014982284572022,0.12065332466901371,0.12168273513828583,20.93,1025.516
1791140273.5107713,69.64737049429873,0.10937270032563463,0.11979339646789346,0.12243002210629748,20.97,1025.527
1791140304.855371,69.64737049429873,0.1102829847700677,0.12029604905588452,0.12145686364693511,20.93,1025.533
1791140336.1998718,69.64737049429873,0.10941257355132038,0.12043611567050798,0.12288527187485095,20.94,1025.531
1791140367.53133,69.64737049429873,0.10876281474304131,0.11991909051706329,0.1213662091798552,20.94,1025.538
1791140398.8737981,69.64737049429873,0.10965130061038215,0.11971157329871242,0.12160439762375283,20.91,1025.538
1791140430.222287,69.64737049429873,0.10912094968548511,0.11919023611528058,0.12138595660707294,20.89,1025.541
1791140461.5669913,69.64737049429873,0.1087987301635746,0.12028860940346488,0.12230823577009849,20.87,1025.534
1791140492.9082844,69.64737049429873,0.10883296993764922,0.12012020887969371,0.12138595660707294,20.84,1025.532
1791140524.2397578,69.64737049429873,0.10937603604978048,0.11994404016876045,0.121272665421967,20.86,1025.54
1791140555.5843565,69.64737049429873,0.10927385852524804,0.12041547360095482,0.1226540714325159,20.9,1025.538
1791140586.9207687,69.64737049429873,0.11132570041764395,0.1209458502706975,0.12231368643135984,20.9,1025.548
1791140618.261256,69.64737049429873,0.10955744224728971,0.1207717539682677,0.12214634374864423,20.97,1025.545
1791140649.591772,69.64737049429873,0.1093547365935961,0.12070936684913487,0.12186023235088618,20.97,1025.539
1791140680.9212136,69.64737049429873,0.10918761532074352,0.12042259097294111,0.1220865383375475,21.0,1025.546
1791140712.2637327,69.64737049429873,0.1090528637051004,0.12040113898282793,0.12162618854271158,20.97,1025.555
1791140743.6034098,69.64737049429873,0.10922500009352312,0.12021718272261188,0.12126750286288634,20.93,1025.547
1791140774.9556248,69.64737049429873,0.10925846424845136,0.12062683095173864,0.12137612922930384,20.93,1025.544
1791140806.3002756,69.64737049429873,0.10918948173391668,0.11983209474412539,0.1220162975213862,20.91,1025.551
1791140837.6398668,69.64737049429873,0.10944166974621089,0.12058389454129692,0.12184889369310366,20.93,1025.55
1791140868.987251,69.64737049429873,0.10930695932778739,0.12002431507297776,0.12167854729706369,20.91,1025.548
1791140900.324758,69.64737049429873,0.10980515472373993,0.12039532529220152,0.12214634374864423,20.89,1025.558
1791140931.6761405,69.64737049429873,0.10963495615096006,0.12011905008034585,0.12323538136445178,20.91,1025.549
1791140963.0028558,69.64737049429873,0.10903510100320044,0.120048203889586,0.12159162360985008,20.9,1025.554
1791140994.3521554,69.64737049429873,0.10957112146381824,0.12004027773269872,0.12175537875056033,20.86,1025.559
1791141025.696768,69.64737049429873,0.10938732998640124,0.12038106979825841,0.12180766018332992,20.87,1025.554
1791141057.0262635,69.64737049429873,0.10943783426927332,0.12022192441458471,0.12186397695457836,20.91,1025.546
1791141088.3756053,69.64737049429873,0.10977357149389413,0.11980193478504414,0.12232443703755179,20.91,1025.541
1791141119.7301185,69.64737049429873,0.10903640536079191,0.1206335008307953,0.1216869035545011,20.9,1025.54
1791141151.0806723,69.64737049429873,0.10891745428236527,0.12028113490329935,0.12184507878292528,20.91,1025.53
1791141182.424064,69.64737049429873,0.10905365922646643,0.12047156161549703,0.12230549129106734,20.93,1025.537
1791141213.7666848,69.64737049429873,0.10962694877024519,0.11997676756035523,0.12208329589982414,20.91,1025.529
1791141245.1113045,69.64737049429873,0.10873327734632268,0.11974646841119288,0.12169105268054907,20.94,1025.531
1791141276.4446785,69.64737049429873,0.1094559955709772,0.1203181613467604,0.12146154721789548,20.93,1025.528
1791141307.7711272,69.64737049429873,0.10940534265249324,0.12044374610476112,0.12169105268054907,20.93,1025.522
1791141339.11172,69.64737049429873,0.11027257471370999,0.12015127700567543,0.122665496611262,20.98,1025.525
1791141370.456189,69.64737049429873,0.10930417732929032,0.11992948335919644,0.12134918176912995,20.94,1025.533
1791141401.8066788,69.64737049429873,0.10908528048589933,0.11988246028826804,0.12124219496480072,20.94,1025.528
1791141433.1480758,69.64737049429873,0.1083825090062613,0.11958937119641803,0.1212473421138766,20.94,1025.531
1791141464.4725237,69.64737049429873,0.11032337045298929,0.11974646841119288,0.12084001880950668,20.93,1025.537
1791141495.827213,69.64737049429873,0.10857974069028271,0.11959979267541122,0.12111414991594917,20.91,1025.543
1791141527.1727414,69.64737049429873,0.10871338411605376,0.11942305524633619,0.12149945966010411,20.9,1025.552
1791141558.5161703,69.64737049429873,0.10908738310667752,0.12047156161549703,0.1215562908229058,20.87,1025.553
1791141589.8607025,69.64737049429873,0.1088164122313124,0.11991302182730192,0.1210467162870809,20.87,1025.565
1791141621.1920311,69.64737049429873,0.10933687229630099,0.12022192441458471,0.1216869035545011,20.86,1025.577
1791141652.5376315,69.64737049429873,0.10950236952839372,0.12056170128106003,0.1214148955167326,20.86,1025.58
1791141683.8801105,69.64737049429873,0.11001929603602856,0.12028466284294739,0.1220961759526775,20.9,1025.578
1791141715.2176266,69.64737049429873,0.1086851331053871,0.11996195478322774,0.12187510760388914,20.89,1025.589
1791141746.5571914,69.64737049429873,0.10946615781193612,0.1201968166257819,0.12126264247258724,20.91,1025.589
1791141777.8986158,69.64737049429873,0.10964811483439645,0.12064340775119592,0.122223366771485,20.93,1025.588
1791141809.244084,69.64737049429873,0.10923389582556574,0.12029928111784152,0.12261692186446763,20.94,1025.591
1791141840.5856512,69.64737049429873,0.1089348804065751,0.1201665965988567,0.1221056811770469,20.93,1025.592
1791141871.91997,69.64737049429873,0.10973568181840247,0.12101900553062266,0.12107472581751684,20.9,1025.611
1791141903.2557874,69.64737049429873,0.10940534265249324,0.12090179132007316,0.12226808975240516,20.89,1025.613
1791141934.5470316,69.64737049429873,0.10878357253761829,0.11985745256657979,0.12181151562338524,20.9,1025.62
1791141965.8935533,69.64737049429873,0.10923833180138416,0.12070291704920039,0.12140052673522514,20.87,1025.628
1791141997.2340043,69.64737049429873,0.10997677102589119,0.12017420363965482,0.1242661179314374,20.89,1025.634
1791142028.5635533,69.64737049429873,0.11017112343210055,0.12022940787056771,0.1227819358292025,20.91,1025.625
1791142059.9071343,69.64737049429873,0.10925132118500418,0.12057508277734584,0.12193109317632424,20.91,1025.633
1791142091.2605598,69.64737049429873,0.10963495615096006,0.12034717102820072,0.1240290817970309,20.91,1025.627
1791142122.5991857,69.64737049429873,0.10901821481641558,0.11990712510993966,0.12125246564027944,20.91,1025.631
1791142153.9465935,69.64737049429873,0.10967962412133059,0.12059492650242419,0.1213783467509513,20.91,1025.63
1791142185.2739909,69.64737049429873,0.10898471978312357,0.12047836151820733,0.12138313014081531,20.9,1025.64
1791142216.616669,69.64737049429873,0.10986080703928622,0.12054003332850831,0.12154911266033161,20.93,1025.637
1791142247.9620023,69.64737049429873,0.11032243702858768,0.12054670946839552,0.12222622695312232,20.94,1025.661
1791142279.309454,69.64737049429873,0.10914969212209075,0.12060148096959578,0.12121760032105239,20.93,1025.661
1791142310.639017,69.64737049429873,0.10900104771194252,0.1203137662513246,0.12200408853173239,20.93,1025.674
1791142341.987494,69.64737049429873,0.10966665427217492,0.12085817681715437,0.1213783467509513,20.89,1025.68
1791142373.3170109,69.64737049429873,0.10968529586020988,0.12017420363965482,0.12465271232008024,20.9,1025.684
1791142404.6655266,69.64737049429873,0.10928386782483603,0.1208150000705955,0.1220465144599685,20.9,1025.699
1791142436.0151806,69.64737049429873,0.10933094495660262,0.12021912235661988,0.12211194578386801,20.91,1025.712
1791142467.3625662,69.64737049429873,0.11023229246928845,0.12055997119976776,0.12184173079617536,20.89,1025.712
1791142498.6929321,69.64737049429873,0.11013271056385422,0.12044420307018584,0.12167647700846823,20.89,1025.715
1791142530.0385857,69.64737049429873,0.11018247901627468,0.12066908008177037,0.12223190843589979,20.95,1025.719
1791142561.383939,69.64737049429873,0.10951186882398234,0.12038970101527532,0.12245617946437905,20.95,1025.713
1791142592.731373,69.64737049429873,0.10921453835547386,0.12033524826336747,0.12379826961256069,20.98,1025.717
1791142624.06402,69.64737049429873,0.10957496197531458,0.12229001717880832,0.12307210926934381,20.95,1025.729
1791142655.4033906,69.64737049429873,0.10954348680746759,0.12021912235661988,0.12374224981321577,21.01,1025.723
1791142686.741956,69.64737049429873,0.10977329648846393,0.12139735055629312,0.12156222525097746,21.01,1025.717
1791142718.092433,69.64737049429873,0.10970517769069994,0.11988519197979003,0.12201076447660249,21.01,1025.714
1791142749.429959,69.64737049429873,0.10972961706606718,0.12007176469858534,0.12262279391230854,21.0,1025.708
1791142780.7693245,69.64737049429873,0.10948421388096874,0.12000889469772875,0.12204979506490841,20.97,1025.711
1791142812.1120143,69.64737049429873,0.10941614819289734,0.1206985236973639,0.12131311449531754,20.95,1025.704
1791142843.4574988,69.64737049429873,0.10914969212209075,0.12066270566149238,0.12205306068924714,20.95,1025.694
1791142874.8029442,69.64737049429873,0.10949391742196889,0.12000171829541754,0.12211815354055089,20.94,1025.679
1791142906.1486328,69.64737049429873,0.11013271056385422,0.1204510594518377,0.12162149198244211,20.91,1025.68
1791142937.493914,69.64737049429873,0.10939491311276309,0.1206145009655733,0.12245849293118607,20.94,1025.675
1791142968.8194196,69.64737049429873,0.10911578666058798,0.12072993374610753,0.12195560346064337,20.94,1025.668
1791143000.1688802,69.64737049429873,0.10898447571707179,0.1201103219487803,0.12245849293118607,20.9,1025.675
1791143031.5144427,69.64737049429873,0.10921453835547386,0.12049875449508977,0.12139735055629312,20.9,1025.667
1791143062.8598585,69.64737049429873,0.10946220137111431,0.12077838663355966,0.12139263189649953,20.91,1025.677
1791143094.1854503,69.64737049429873,0.10985383626958439,0.1203423443042001,0.12201076447660249,20.91,1025.666
1791143125.5129426,69.64737049429873,0.10960629529297132,0.12040362223100541,0.12229270244500337,20.93,1025.67
1791143156.856366,69.64737049429873,0.10963748771720333,0.12129262259826958,0.12184911437471234,20.95,1025.663
1791143188.2070825,69.64737049429873,0.11041158485812404,0.12037565323740392,0.12284994762809001,20.94,1025.66
1791143219.5484443,69.64737049429873,0.10977965560604108,0.12026631535560069,0.12217061654648254,20.94,1025.662
1791143250.8948905,69.64737049429873,0.10946220137111431,0.12043731557834175,0.12206276869778965,20.94,1025.651
1791143282.2452965,69.64737049429873,0.10926398126226969,0.11960568643459213,0.12150274348327074,20.95,1025.665
1791143313.5849948,69.64737049429873,0.10893515928897883,0.1200095633787242,0.12318349168022569,20.9,1025.648
1791143344.9163866,69.64737049429873,0.1097546858255538,0.11956043217800942,0.12168054484164706,20.93,1025.647
1791143376.2559543,69.64737049429873,0.10993408554272328,0.12034940839386757,0.12134249166619414,20.9,1025.64
1791143407.603516,69.64737049429873,0.1089516003532314,0.12046467972390554,0.1220723455112392,20.9,1025.652
1791143438.9357734,69.64737049429873,0.10981634796700553,0.11958679864354366,0.12101992033963385,20.87,1025.643
1791143470.2783926,69.64737049429873,0.109212541844794,0.1202483961049175,0.12107976170079167,20.9,1025.646
1791143501.6138968,69.64737049429873,0.109212541844794,0.1203023941673435,0.12141137939959844,20.86,1025.649
1791143532.9642816,69.64737049429873,0.10963748771720333,0.12346294824476736,0.12262858660465047,20.9,1025.646
1791143564.3117375,69.64737049429873,0.10893515928897883,0.11976834871541468,0.12485355097829554,20.91,1025.659
1791143595.6612828,69.64737049429873,0.1093454780675307,0.12012550168429978,0.12133278818035663,20.89,1025.661
1791143627.0018907,69.64737049429873,0.10944064335855329,0.1205255179702089,0.12151610441782794,20.89,1025.663
1791143658.3353648,69.64737049429873,0.10888639962797052,0.12091118247298253,0.12163400543137445,20.89,1025.658
1791143689.6658084,69.64737049429873,0.1091804352704148,0.12046467972390554,0.12235300461575294,20.87,1025.67
1791143720.9463675,69.64737049429873,0.10952112977553068,0.12030951293938277,0.12129754064749802,20.89,1025.661
1791143752.2858765,69.64737049429873,0.1103510054035193,0.1205861381487123,0.12113938856737139,20.89,1025.67
1791143783.635516,69.64737049429873,0.10901672411864984,0.11930992532895865,0.12147043840443518,20.86,1025.669
1791143814.9777389,69.64737049429873,0.10883754759364539,0.11997127423962611,0.12157943416601223,20.84,1025.679
1791143846.3211896,69.64737049429873,0.10981634796700553,0.1202483961049175,0.12085688678347097,20.86,1025.673
1791143877.6717358,69.64737049429873,0.10924450456620113,0.12014054527271366,0.12385098035370556,20.83,1025.682
1791143909.0083108,69.64737049429873,0.10891907834511966,0.11990943910817721,0.1215249118456387,20.82,1025.669
1791143940.346751,69.64737049429873,0.10878747743503474,0.12056655719969848,0.12140672416479391,20.82,1025.675
1791143971.6863234,69.64737049429873,0.10914818386972566,0.12017963904538402,0.12129262259826958,20.79,1025.669
1791144003.0277798,69.64737049429873,0.10942668078021281,0.12040362223100541,0.12134731059605709,20.79,1025.659
1791144034.374306,69.64737049429873,0.11183434583516352,0.12057964047540723,0.12135210784736769,20.77,1025.656
1791144065.7208414,69.64737049429873,0.10911454512782728,0.12059260677437407,0.12135688356608305,20.77,1025.661
1791144097.0722685,69.64737049429873,0.1098283381736667,0.12020180050611162,0.12280066187195506,20.77,1025.673
1791144128.4127517,69.64737049429873,0.10909786122083572,0.11981815043860748,0.12191464054359674,20.77,1025.67
1791144159.7601643,69.64737049429873,0.10904906755339981,0.12064654142977731,0.1218055398871727,20.77,1025.674
1791144191.1059587,69.64737049429873,0.10992662287298811,0.12053213392673748,0.12208179377122351,20.79,1025.678
1791144222.4462817,69.64737049429873,0.11020287675703894,0.12103093315109732,0.12241282089274017,20.83,1025.679
1791144253.780807,69.64737049429873,0.10914669857296887,0.12053213392673748,0.123297147160456,20.84,1025.706
1791144285.1211932,69.64737049429873,0.10909786122083572,0.12097677823502029,0.12186006579608304,20.82,1025.718
1791144316.4567742,69.64737049429873,0.11002508363860708,0.12097677823502029,0.12346306319147753,20.82,1025.731
1791144347.7912092,69.64737049429873,0.11025220876628315,0.12037041109938737,0.12186006579608304,20.77,1025.739
1791144379.1277468,69.64737049429873,0.10977926170135247,0.12086276335804186,0.12230332341211694,20.79,1025.735
1791144410.465215,69.64737049429873,0.10984697173770219,0.12042427046691868,0.12202393681713673,20.79,1025.746
1791144441.8127096,69.64737049429873,0.10965036898893732,0.12059260677437407,0.12208179377122351,20.82,1025.747
1791144473.1582723,69.64737049429873,0.1096013282141797,0.12031659988717644,0.12197264121036219,20.83,1025.746
1791144504.5097392,69.64737049429873,0.11015358887495957,0.12086861366157169,0.12169663432316455,20.86,1025.748
1791144535.8501542,69.64737049429873,0.11025220876628315,0.12456807872768076,0.12451236605523648,20.89,1025.757
1791144567.1937351,69.64737049429873,0.11010434506086433,0.12064654142977731,0.12396010539445661,20.89,1025.756
1791144598.5431905,69.64737049429873,0.11075538452514053,0.12147493242094713,0.12396010539445661,20.9,1025.749
1791144629.8845363,69.64737049429873,0.11010434506086433,0.12169663432316455,0.12313171440328677,20.9,1025.755
1791144661.2311337,69.64737049429873,0.10955233128646909,0.11992542295778305,0.12285558407289683,20.95,1025.755
1791144692.573767,69.64737049429873,0.11020287675703894,0.12037041109938737,0.1218055398871727,20.91,1025.764
1791144723.928093,69.64737049429873,0.10937411510488651,0.12014801658286788,0.12263430153932511,20.94,1025.781
1791144755.2536223,69.64737049429873,0.10955233128646909,0.12136637098303475,0.12230332341211694,20.95,1025.776
1791144786.5802572,69.64737049429873,0.11088279591865555,0.12158792332874702,0.12296672498687979,20.95,1025.782
1791144817.90673,69.64737049429873,0.10973022906880536,0.12081460387438321,0.12208491507016728,20.97,1025.792
1791144849.2551963,69.64737049429873,0.11005514525567824,0.12048488200224083,0.12302167230898937,20.95,1025.809
1791144880.5768278,69.64737049429873,0.1088543285604516,0.12081460387438321,0.12131216299712047,20.93,1025.802
1791144911.9250453,69.64737049429873,0.11000598940043192,0.12037041109938737,0.12219402164601205,20.89,1025.815
1791144943.2785807,69.64737049429873,0.10917870840555226,0.12043109175645283,0.12175106275133706,20.89,1025.808
1791144974.6222978,69.64737049429873,0.10898399868431037,0.12065286373449322,0.12203043481527347,20.89,1025.803
1791145005.9687102,69.64737049429873,0.10973022906880536,0.12031659988717644,0.12208491507016728,20.9,1025.816
1791145037.309017,69.64737049429873,0.10987745854456964,0.12064654142977731,0.12175106275133706,20.91,1025.803
1791145068.6527467,69.64737049429873,0.10955233128646909,0.12064654142977731,0.12224864809755981,20.95,1025.803
1791145099.9800606,69.64737049429873,0.10942307612129744,0.1211988020905572,0.12263430153932511,20.97,1025.804
1791145131.3254886,69.64737049429873,0.10965036898893732,0.12136163789685304,0.122027193081727,20.95,1025.809
1791145162.6760519,69.64737049429873,0.10911454512782728,0.12030951293938277,0.12196926419536,20.93,1025.797
1791145194.0246413,69.64737049429873,0.11007438019418975,0.12008669237268124,0.12362901545133725,20.91,1025.793
1791145225.3609529,69.64737049429873,0.10940560299835643,0.12037734951833717,0.12119368919808438,20.93,1025.802
1791145256.6955156,69.64737049429873,0.10990780930440719,0.12027000880827177,0.12147940638296137,20.9,1025.808
1791145288.0360293,69.64737049429873,0.10948572145116102,0.12021641020818256,0.12164635150631584,20.89,1025.806
1791145319.382675,69.64737049429873,0.10938822323544194,0.12027000880827177,0.12175876126962253,20.89,1025.819
1791145350.7251031,69.64737049429873,0.1091619273270177,0.12065286373449322,0.12192162004592465,20.89,1025.816
1791145382.0686533,69.64737049429873,0.10955233128646909,0.12059260677437407,0.12158792332874702,20.91,1025.826
1791145413.4182498,69.64737049429873,0.10992662287298811,0.12042427046691868,0.122027193081727,20.9,1025.83
1791145444.7505338,69.64737049429873,0.10924450456620113,0.1205255179702089,0.12274414451371231,20.87,1025.823
1791145476.0950963,69.64737049429873,0.10903321921419037,0.12174329506093082,0.12218824916195722,20.89,1025.826
1791145507.3847017,69.64737049429873,0.11009371882965496,0.12108513657348119,0.12301961475783141,20.9,1025.814
1791145538.7141054,69.64737049429873,0.11057808628535078,0.12119368919808438,0.12268919844106875,20.9,1025.815
1791145570.0565486,69.64737049429873,0.10966854019619106,0.12014054527271366,0.1223555317893937,20.86,1025.812
1791145601.3898745,69.64737049429873,0.10961935931848348,0.1215249118456387,0.1218017851602237,20.86,1025.804
1791145632.7395983,69.64737049429873,0.10984697173770219,0.12229803678622966,0.1220786584748087,20.87,1025.798
1791145664.073017,69.64737049429873,0.10990780930440719,0.12043788266029808,0.12373989836231873,20.89,1025.795
1791145695.429485,69.64737049429873,0.10988909621320246,0.12093405873401049,0.12236304576598009,20.91,1025.779
1791145726.7739038,69.64737049429873,0.10938822323544194,0.12065915788880649,0.1222541286500142,20.89,1025.772
1791145758.1173205,69.64737049429873,0.10929089851165155,0.12065915788880649,0.12203366211482655,20.86,1025.769
1791145789.4989111,69.64737049429873,0.10958339362312514,0.12020912167061427,0.12263806906679181,20.9,1025.766
1791145820.8395185,69.64737049429873,0.11038035194806196,0.121090487428709,0.12131216299712047,20.89,1025.753
1791145852.1810133,69.64737049429873,0.10977926170135247,0.12065286373449322,0.12384932297196669,20.89,1025.752
1791145883.5196187,69.64737049429873,0.11018332352056323,0.12147940638296137,0.12175492059911742,20.89,1025.757
1791145914.8708951,69.64737049429873,0.10872431062487621,0.1204781780544402,0.12230594903142952,20.89,1025.747
1791145946.214512,69.64737049429873,0.10997583121795458,0.12064654142977731,0.12213644334441161,20.9,1025.743
1791145977.559242,69.64737049429873,0.11020287675703894,0.1205861381487123,0.1225794537425069,20.9,1025.747
1791146008.908366,69.64737049429873,0.10994553773037295,0.12074844156346656,0.12252251461401908,20.91,1025.754
1791146040.241002,69.64737049429873,0.10999488708913607,0.12129754064749802,0.12246537102724862,20.94,1025.755
1791146071.5935998,69.64737049429873,0.10960629529297132,0.12062096689574342,0.12335181557980876,20.9,1025.757
1791146102.940951,69.64737049429873,0.10970517769069994,0.11967708253947167,0.12206916765278604,20.93,1025.762
1791146134.2914908,69.64737049429873,0.11004428076898522,0.1209169399917336,0.12162568193882134,20.9,1025.763
1791146165.632901,69.64737049429873,0.10984021103333487,0.12269447352260254,0.12274905529289279,20.94,1025.77
1791146196.9733338,69.64737049429873,0.1095168351963788,0.12027714894531787,0.12329836781457612,20.94,1025.767
1791146228.3229575,69.64737049429873,0.11026202053026454,0.12175492059911742,0.12219974277120947,20.93,1025.777
1791146259.6536596,69.64737049429873,0.11075538452514053,0.1218055398871727,0.1223605522891197,20.94,1025.795
1791146291.0000377,69.64737049429873,0.10929347332500063,0.1209711652164687,0.12263430153932511,20.94,1025.8
1791146322.3423684,69.64737049429873,0.10934248600389848,0.1209169399917336,0.12213342923437599,20.94,1025.815
1791146353.6870856,69.64737049429873,0.10994553773037295,0.1202483961049175,0.12202393681713673,20.95,1025.824
1791146385.0354578,69.64737049429873,0.10916352149326189,0.1203023941673435,0.12157943416601223,20.93,1025.828
1791146416.3738952,69.64737049429873,0.10963748771720333,0.12047144402928468,0.12202066592358024,20.9,1025.841
1791146447.7233791,69.64737049429873,0.10934248600389848,0.12035644074768369,0.12124803853105369,20.87,1025.841
1791146479.0498798,69.64737049429873,0.10981634796700553,0.12035644074768369,0.12168862570766219,20.89,1025.838
1791146510.3834207,69.64737049429873,0.109082247101475,0.11979341775773898,0.12118855333563197,20.89,1025.857
1791146541.731811,69.64737049429873,0.10942307612129744,0.12081460387438321,0.12185278126322635,20.89,1025.862
1791146573.0703785,69.64737049429873,0.10993802492584996,0.12049155607374722,0.12164635150631584,20.86,1025.856
1791146604.410877,69.64737049429873,0.11011486729417652,0.120048263900562,0.12175876126962253,20.84,1025.856
1791146635.7443094,69.64737049429873,0.10880575243978298,0.12048488200224083,0.12137108296670703,20.83,1025.85
1791146667.0728934,69.64737049429873,0.11038035194806196,0.11998695321140591,0.12164225453736051,20.83,1025.854
1791146698.419427,69.64737049429873,0.10965036898893732,0.12191464054359674,0.12114462054876932,20.8,1025.832
1791146729.763771,69.64737049429873,0.10971776522384467,0.12013304038215919,0.12246764319034044,20.83,1025.828
1791146761.0984788,69.64737049429873,0.109082247101475,0.11990943910817721,0.1217980135573545,20.8,1025.828
1791146792.436932,69.64737049429873,0.1097855863074243,0.12129754064749802,0.1219075982449588,20.84,1025.817
1791146823.7824984,69.64737049429873,0.10973617567470476,0.12074230003176971,0.12268564218681882,20.84,1025.813
1791146855.1268775,69.64737049429873,0.11092583141760323,0.12235300461575294,0.12407374372613961,20.87,1025.798
1791146886.4762855,69.64737049429873,0.11112552668542966,0.12179422496453357,0.12485046437854594,20.89,1025.796
1791146917.8067808,69.64737049429873,0.10993408554272328,0.12084505411018563,0.12490981914514762,20.87,1025.799
1791146949.1503894,69.64737049429873,0.10950759098935998,0.12079056791052861,0.12195904175213419,20.89,1025.781
1791146980.4988146,69.64737049429873,0.10947606323401048,0.12129262259826958,0.12440939536646373,20.86,1025.822
1791147011.8413315,69.64737049429873,0.10994553773037295,0.12174718761078596,0.1227960751755188,20.87,1025.805
1791147043.1827502,69.64737049429873,0.10921057558559638,0.12005590066124767,0.1223580476552743,20.86,1025.819
1791147074.512212,69.64737049429873,0.10921057558559638,0.12049155607374722,0.12236304576598009,20.87,1025.822
1791147105.8628597,69.64737049429873,0.10987745854456964,0.1225203646318534,0.12192162004592465,20.87,1025.83
1791147137.2093492,69.64737049429873,0.11009371882965496,0.1219075982449588,0.12340752023682737,20.9,1025.817
1791147168.5538921,69.64737049429873,0.10973617567470476,0.12017963904538402,0.12157516095536218,20.9,1025.836
1791147199.8802054,69.64737049429873,0.1099836746011871,0.12100880804037735,0.12246079596711405,20.91,1025.84
1791147231.2196658,69.64737049429873,0.11104757091378024,0.12062740371193187,0.12240317951172648,20.93,1025.842
1791147262.5694344,69.64737049429873,0.11158082987225244,0.12046467972390554,0.12179422496453357,20.95,1025.855
1791147293.9088445,69.64737049429873,0.11034157694355289,0.12022649040120219,0.12362968578195374,20.93,1025.854
1791147325.2121768,69.64737049429873,0.11028215098395745,0.12050549071745016,0.12167647700846823,20.94,1025.859
1791147356.5548623,69.64737049429873,0.10944439287733994,0.12072370861538374,0.12217949261493809,20.91,1025.871
1791147387.8862152,69.64737049429873,0.11089081275444408,0.12077838663355966,0.12161728304896936,20.9,1025.873
1791147419.231778,69.64737049429873,0.10949391742196889,0.12080263983550028,0.12340686241689322,20.93,1025.882
1791147450.553404,69.64737049429873,0.10966854019619106,0.12025563260336562,0.12185643170019411,20.94,1025.902
1791147481.8966846,69.64737049429873,0.1095702225313514,0.11975626252072369,0.12152928600312189,20.95,1025.908
1791147513.2501776,69.64737049429873,0.11037108969230437,0.1212379838711223,0.12202393681713673,20.93,1025.912
1791147544.593796,69.64737049429873,0.10924674189281669,0.12028806028921134,0.12162568193882134,20.93,1025.915
1791147575.9302375,69.64737049429873,0.10942668078021281,0.1204510594518377,0.12162568193882134,20.91,1025.926
1791147607.2708397,69.64737049429873,0.10939491311276309,0.12088789139279268,0.12240317951172648,20.91,1025.922
1791147638.5984688,69.64737049429873,0.11030223919289266,0.1220074340701707,0.12150274348327074,20.9,1025.935
1791147669.941619,69.64737049429873,0.10951186882398234,0.12049198769387386,0.1246394104838646,20.94,1025.929
1791147701.28913,69.64737049429873,0.11017212729498709,0.1195880667861265,0.12222907414516444,20.9,1025.934
1791147732.6288059,69.64737049429873,0.1086872050155121,0.120032606000225,0.12099195008272329,20.91,1025.93
1791147763.9782124,69.64737049429873,0.10911704742523823,0.11940663336970599,0.12166416241158431,20.94,1025.934
1791147795.3096342,69.64737049429873,0.10840630060861689,0.12060148096959578,0.1213783467509513,20.9,1025.929
1791147826.6562638,69.64737049429873,0.10797801291036621,0.1199474900849542,0.12149824934893523,20.9,1025.925
1791147857.9966674,69.64737049429873,0.10939491311276309,0.12318615173314872,0.12423793046794303,20.89,1025.923
1791147889.3362079,69.64737049429873,0.109082247101475,0.12013304038215919,0.12540113824982876,20.9,1025.936
1791147920.6846502,69.64737049429873,0.10847822815579193,0.11968563665459436,0.12174329506093082,20.87,1025.908
1791147952.018281,69.64737049429873,0.10970517769069994,0.11976834871541468,0.12135210784736769,20.87,1025.912
1791147983.3417542,69.64737049429873,0.10913269328032354,0.12055335535709927,0.12122273087601129,20.87,1025.916
1791148014.6902544,69.64737049429873,0.10951186882398234,0.12014962010476522,0.12307118497530005,20.87,1025.909
1791148046.0207422,69.64737049429873,0.10924901382930254,0.11957919672795421,0.12239583337932007,20.83,1025.916
1791148077.3672028,69.64737049429873,0.10954806646347938,0.1201968166257819,0.12154911266033161,20.83,1025.914
1791148108.6888108,69.64737049429873,0.1087366779562102,0.1199233812913208,0.12171554973924524,20.84,1025.919
1791148140.0391567,69.64737049429873,0.1102221850097848,0.12043039676408457,0.12211505672000073,20.84,1025.917
1791148171.3815687,69.64737049429873,0.10943034114997359,0.11981435518163824,0.121553503401362,20.89,1025.914
1791148202.7301376,69.64737049429873,0.10948010705062962,0.12099195008272329,0.1223401964325837,20.86,1025.921
1791148234.069724,69.64737049429873,0.11009172704998818,0.12138313014081531,0.12239583337932007,20.86,1025.918
1791148265.4181545,69.64737049429873,0.10976088370994898,0.12256720540885971,0.12239336234563622,20.87,1025.916
1791148296.7646527,69.64737049429873,0.1095615813695977,0.12167647700846823,0.12318281912682745,20.9,1025.902
1791148328.1082227,69.64737049429873,0.10983504145619141,0.12055997119976776,0.12184543092318684,20.89,1025.9
1791148359.4546998,69.64737049429873,0.10955692090948577,0.12056655719969848,0.12223753866262134,20.9,1025.905
1791148390.8021927,69.64737049429873,0.11000289828175161,0.12060800572344818,0.12368581540271999,20.93,1025.904
1791148422.147536,69.64737049429873,0.10971099017785642,0.12121760032105239,0.12340686241689322,20.94,1025.901
1791148453.4801633,69.64737049429873,0.10976088370994898,0.12110209787004632,0.12374344157199785,20.97,1025.899
1791148484.827651,69.64737049429873,0.10939833577328441,0.1211572470046234,0.12278829149466033,21.0,1025.891
1791148516.1841862,69.64737049429873,0.10962967670953991,0.12295619546917262,0.12295619546917262,20.97,1025.901
1791148547.5225475,69.64737049429873,0.11175046985301908,0.1220563114353623,0.12548894452508644,20.97,1025.889
1791148578.86409,69.64737049429873,0.10996091246937675,0.1205333267304176,0.12486919491582406,20.97,1025.894
1791148610.2105608,69.64737049429873,0.10954806646347938,0.12014202985149061,0.12188608598033447,20.94,1025.89
1791148641.5462182,69.64737049429873,0.11011141314383519,0.12047836151820733,0.12244917576518533,20.97,1025.889
1791148672.8836427,69.64737049429873,0.10967962412133059,0.1203137662513246,0.12188608598033447,20.98,1025.893
1791148704.2280316,69.64737049429873,0.10954806646347938,0.12099195008272329,0.12177502308731614,20.98,1025.891
1791148735.567798,69.64737049429873,0.11032243702858768,0.11987703625760537,0.12239583337932007,20.97,1025.887
1791148766.9061263,69.64737049429873,0.10954348680746759,0.12055335535709927,0.12144766273148169,20.97,1025.891
1791148798.2516391,69.64737049429873,0.1095615813695977,0.12054003332850831,0.12206276869778965,20.91,1025.898
1791148829.6002061,69.64737049429873,0.11019199721173908,0.12059492650242419,0.12166416241158431,20.94,1025.896
1791148860.9295628,69.64737049429873,0.10926639312330148,0.12092533833880616,0.12228188800902179,20.93,1025.902
1791148892.2701032,69.64737049429873,0.11016167162662073,0.12098058308497557,0.12509717260147682,20.94,1025.917
1791148923.601656,69.64737049429873,0.11003053442263902,0.12239088002303389,0.12261692186446763,20.94,1025.917
1791148954.9289865,69.64737049429873,0.11026232635573233,0.12092533833880616,0.12261692186446763,20.91,1025.918
1791148986.2736125,69.64737049429873,0.10987986972143476,0.12132299619548362,0.12261692186446763,20.93,1025.92
1791149017.6220765,69.64737049429873,0.10996091246937675,0.12036858134708525,0.12216763087275989,20.93,1025.92
1791149048.9635057,69.64737049429873,0.1093485164584403,0.12036858134708525,0.12200072775792219,20.93,1025.915
1791149080.3150632,69.64737049429873,0.10949811071361565,0.12075990641063276,0.12188608598033447,20.91,1025.904
1791149111.5995696,69.64737049429873,0.11001103362783538,0.12008729299903907,0.12408186171624541,20.94,1025.895
1791149142.9399896,69.64737049429873,0.11152344917139086,0.1222873197395152,0.12503654966081235,20.91,1025.897
1791149174.2895563,69.64737049429873,0.1109693334466637,0.12044420307018584,0.12284709107820421,20.89,1025.884
1791149205.6391017,69.64737049429873,0.11005267555495897,0.12099759489907813,0.12256720540885971,20.89,1025.886
1791149236.982562,69.64737049429873,0.11025223595770155,0.12110749769398516,0.122902806519568,20.87,1025.881
1791149268.333927,69.64737049429873,0.11098493612236222,0.1208760867535238,0.12374344157199785,20.89,1025.879
1791149299.682547,69.64737049429873,0.11221121925374616,0.1231821435162322,0.12402409059988069,20.87,1025.871
1791149331.0090384,69.64737049429873,0.1116755333730362,0.12043039676408457,0.12621191121814224,20.89,1025.864
1791149362.341449,69.64737049429873,0.10911704742523823,0.12025165339023969,0.12127272674204263,20.84,1025.868
1791149393.6869183,69.64737049429873,0.109698207580509,0.12013440492214059,0.12177113010163688,20.84,1025.865
1791149425.0244863,69.64737049429873,0.11026232635573233,0.12013440492214059,0.12177113010163688,20.84,1025.865
1791149456.3699446,69.64737049429873,0.10936618424678621,0.12120726892641641,0.12205306068924714,20.87,1025.878
1791149487.7154465,69.64737049429873,0.10982973980365729,0.12013440492214059,0.12205306068924714,20.89,1025.871
1791149519.0599961,69.64737049429873,0.10964811483439645,0.12013440492214059,0.1228427573599891,20.89,1025.871
1791149550.3954477,69.64737049429873,0.10918396950658467,0.12041646430975224,0.12126264247258724,20.9,1025.873
1791149581.7270746,69.64737049429873,0.11100707734217861,0.12138313014081531,0.12335035603619834,20.89,1025.888
1791149613.0914927,69.64737049429873,0.11111423531727055,0.12100321416058164,0.12436126999455557,20.87,1025.89
1791149644.4379523,69.64737049429873,0.10961133906939743,0.11969693651620131,0.12212123634137327,20.87,1025.892
1791149675.7853594,69.64737049429873,0.10977965560604108,0.1205883421185014,0.12138313014081531,20.84,1025.895
1791149707.1339548,69.64737049429873,0.10941614819289734,0.12052658946520996,0.12487236656534956,20.87,1025.892
1791149738.4854572,69.64737049429873,0.10931626591106283,0.11996195478322774,0.12227640658068865,20.87,1025.9
1791149769.8419883,69.64737049429873,0.10861959289588177,0.12030654021331542,0.12109122414719217,20.84,1025.894
1791149801.1873996,69.64737049429873,0.10898471978312357,0.1210414513030582,0.122223366771485,20.83,1025.9
1791149832.5278928,69.64737049429873,0.10921656582119023,0.12098627953679522,0.1216600200911292,20.82,1025.896
1791149863.8613484,69.64737049429873,0.10954806646347938,0.12115194592887332,0.12441999001216332,20.86,1025.887
1791149895.206988,69.64737049429873,0.10944820050429897,0.12007954657597543,0.12256095545480314,20.84,1025.89
1791149926.5385194,69.64737049429873,0.11044347353180668,0.12002473830812947,0.1215447018601989,20.89,1025.891
1791149957.8959813,69.64737049429873,0.10918396950658467,0.12007954657597543,0.12126264247258724,20.86,1025.892
1791149989.2453096,69.64737049429873,0.10898471978312357,0.1210966734107734,0.12177113010163688,20.84,1025.894
1791150020.5831082,69.64737049429873,0.10987986972143476,0.1205333267304176,0.12447675349290822,20.87,1025.893
1791150051.9164789,69.64737049429873,0.10981082264309297,0.12077225452270145,0.122223366771485,20.87,1025.895
1791150083.2599058,69.64737049429873,0.10982973980365729,0.12008729299903907,0.12245385549566701,20.89,1025.887
1791150114.603507,69.64737049429873,0.10972961706606718,0.12025165339023969,0.12126769609856342,20.89,1025.886
1791150145.9308486,69.64737049429873,0.10982973980365729,0.12093115804317761,0.12188608598033447,20.89,1025.877
1791150177.25935,69.64737049429873,0.11016167162662073,0.12075369002599401,0.12211194578386801,20.87,1025.877
1791150208.608963,69.64737049429873,0.1099300454220067,0.12030654021331542,0.12182676124781056,20.87,1025.886
1791150239.9393537,69.64737049429873,0.11115928764404479,0.12103587833134545,0.1213783467509513,20.86,1025.878
1791150271.2718725,69.64737049429873,0.10998026696812066,0.1215447018601989,0.12193817617016549,20.86,1025.875
1791150302.62453,69.64737049429873,0.109698207580509,0.12025165339023969,0.12239088002303389,20.86,1025.874
1791150333.9778795,69.64737049429873,0.10944820050429897,0.1210414513030582,0.122223366771485,20.84,1025.866
1791150365.3264053,69.64737049429873,0.11039308648401308,0.12025165339023969,0.12363173347237452,20.86,1025.869
1791150396.6817622,69.64737049429873,0.11034274539089192,0.12120726892641641,0.12199735164443122,20.84,1025.86
1791150428.0214157,69.64737049429873,0.1099300454220067,0.12160454108790904,0.1228427573599891,20.86,1025.869
1791150459.37189,69.64737049429873,0.11024220081742292,0.1201968166257819,0.12267477890740441,20.89,1025.877
1791150490.7082431,69.64737049429873,0.10982973980365729,0.1205333267304176,0.1219416934313071,20.84,1025.873
1791150522.0429666,69.64737049429873,0.11001103362783538,0.12148919951402665,0.12391340681255242,20.84,1025.872
1791150553.3842962,69.64737049429873,0.10987986972143476,0.12126769609856342,0.123688163075547,20.86,1025.885
1791150584.7267532,69.64737049429873,0.1100612004984665,0.12093115804317761,0.12408186171624541,20.86,1025.885
1791150616.0803719,69.64737049429873,0.11019199721173908,0.12042344641325882,0.12177502308731614,20.86,1025.888
1791150647.4277315,69.64737049429873,0.11047315746283869,0.12070486297502701,0.122223366771485,20.87,1025.885
1791150678.755285,69.64737049429873,0.11004166036926832,0.12239583337932007,0.12492282331319429,20.9,1025.88
1791150710.0968473,69.64737049429873,0.1103726314568834,0.1216088077326921,0.12413694739474905,20.89,1025.877
1791150741.4413123,69.64737049429873,0.11014183931005521,0.12014202985149061,0.12396884951561936,20.87,1025.869
1791150772.7848575,69.64737049429873,0.10962967670953991,0.12110209787004632,0.12171956750682258,20.87,1025.864
1791150804.1312566,69.64737049429873,0.11063242746545511,0.12060800572344818,0.12222622695312232,20.87,1025.867
1791150835.4818332,69.64737049429873,0.10961133906939743,0.12138313014081531,0.122902806519568,20.9,1025.862
1791150866.8203442,69.64737049429873,0.10986080703928622,0.1211572470046234,0.1232942341740634,20.9,1025.866
1791150898.1718822,69.64737049429873,0.10967962412133059,0.12064986969513143,0.12250725922389133,20.9,1025.87
1791150929.4532845,69.64737049429873,0.10982973980365729,0.1208760867535238,0.12183052922209982,20.87,1025.872
1791150960.807777,69.64737049429873,0.10957977476851721,0.12076609451200646,0.12188971213958731,20.86,1025.871
1791150992.1513095,69.64737049429873,0.11034274539089192,0.12070486297502701,0.12194519468235332,20.86,1025.877
1791151023.499826,69.64737049429873,0.11029245018960357,0.12290017647950084,0.12351902859270902,20.91,1025.886
1791151054.8482258,69.64737049429873,0.11052348916546911,0.12149824934893523,0.12458790656777788,20.9,1025.882
1791151086.1966424,69.64737049429873,0.1101221150272529,0.12065630226528674,0.12368721760629632,20.87,1025.889
1791151117.5332778,69.64737049429873,0.11121534467756905,0.12138313014081531,0.12408049333523623,20.87,1025.893
1791151148.883817,69.64737049429873,0.1100612004984665,0.1219416934313071,0.12323761203094082,20.87,1025.892
1791151180.2201564,69.64737049429873,0.1100612004984665,0.12093695129316957,0.1252646246894396,20.91,1025.891
1791151211.566861,69.64737049429873,0.10962967670953991,0.12160454108790904,0.12368721760629632,20.9,1025.897
1791151242.8461506,69.64737049429873,0.112262366121981,0.12132299619548362,0.12261888813145465,20.89,1025.893
1791151274.2006183,69.64737049429873,0.11072527543699265,0.12036147716358567,0.12256095545480314,20.91,1025.892
1791151305.5422664,69.64737049429873,0.11011141314383519,0.12126769609856342,0.12312455926517507,20.89,1025.887
1791151336.8846264,69.64737049429873,0.11175046985301908,0.12054003332850831,0.12351902859270902,20.9,1025.889
1791151368.2312603,69.64737049429873,0.11039308648401308,0.1210966734107734,0.12222622695312232,20.89,1025.889
1791151399.5777678,69.64737049429873,0.11057386675137178,0.12099195008272329,0.1227867134518408,20.87,1025.889
1791151430.9180875,69.64737049429873,0.10989173318219225,0.12077225452270145,0.12262084546046655,20.87,1025.887
1791151462.2656665,69.64737049429873,0.10994166349735747,0.12121760032105239,0.12172356701930506,20.93,1025.888
1791151493.6024485,69.64737049429873,0.10981082264309297,0.12110749769398516,0.12262084546046655,20.91,1025.883
1791151524.9587262,69.64737049429873,0.11030223919289266,0.12049198769387386,0.12284565306901436,20.93,1025.889
1791151556.3351097,69.64737049429873,0.11002222658563321,0.12116777706213719,0.12245385549566701,20.91,1025.872
1791151587.6647296,69.64737049429873,0.1098418481984253,0.12138789180677997,0.1222873197395152,20.89,1025.877
1791151619.0031965,69.64737049429873,0.11017212729498709,0.12126769609856342,0.12284565306901436,20.9,1025.878
1791151650.3386033,69.64737049429873,0.10954806646347938,0.1216600200911292,0.1228427573599891,20.91,1025.877
1791151681.6762655,69.64737049429873,0.11110850451856731,0.12143374783405929,0.12363173347237452,20.9,1025.873
1791151713.0246572,69.64737049429873,0.10987986972143476,0.12030654021331542,0.12340636117036104,20.91,1025.866
1791151744.3710752,69.64737049429873,0.11067475982419099,0.12070486297502701,0.12199735164443122,20.91,1025.86
1791151775.7044647,69.64737049429873,0.11093444027067384,0.12082710358119034,0.12228188800902179,20.91,1025.85
1791151807.0471554,69.64737049429873,0.1098418481984253,0.12065630226528674,0.12329465598214978,20.93,1025.843
1791151838.3916519,69.64737049429873,0.10989173318219225,0.11993949021815,0.12262084546046655,20.93,1025.847
1791151869.7370594,69.64737049429873,0.1093630014984291,0.12049875449508977,0.12189691518743925,20.91,1025.841
1791151901.0666025,69.64737049429873,0.10969246461901254,0.12004823438475917,0.12206597541424555,20.87,1025.838
1791151932.4120345,69.64737049429873,0.10908324265196236,0.12066908008177037,0.12223190843589979,20.86,1025.836
1791151963.7575173,69.64737049429873,0.10888588747292828,0.12006372171265678,0.12206597541424555,20.83,1025.84
1791151995.0841436,69.64737049429873,0.10980423866498927,0.1194434653910673,0.12223753866262134,20.84,1025.83
1791152026.417487,69.64737049429873,0.1093630014984291,0.12083311420356602,0.12162149198244211,20.86,1025.831
1791152057.7510939,69.64737049429873,0.10961133906939743,0.12049198769387386,0.1222873197395152,20.86,1025.836
1791152089.1043906,69.64737049429873,0.11004166036926832,0.12064986969513143,0.1216088077326921,20.84,1025.839
1791152120.4520884,69.64737049429873,0.11108606586156146,0.11986061328972242,0.12290017647950084,20.86,1025.848
1791152151.7996585,69.64737049429873,0.10939833577328441,0.12008729299903907,0.12126769609856342,20.83,1025.842
1791152183.1381123,69.64737049429873,0.10996091246937675,0.12132790332579688,0.12273242536027297,20.86,1025.838
1791152214.4676268,69.64737049429873,0.10957977476851721,0.12037565323740392,0.12273242536027297,20.83,1025.846
1791152245.814109,69.64737049429873,0.10961133906939743,0.12155787421981451,0.12346279254411503,20.82,1025.858
1791152277.159631,69.64737049429873,0.10951186882398234,0.1227914261288333,0.12351885184239184,20.84,1025.851
1791152308.501986,69.64737049429873,0.10913269328032354,0.12066270566149238,0.12452640509427124,20.86,1025.837
1791152339.8476107,69.64737049429873,0.11043199751017355,0.12032812005410369,0.12206276869778965,20.87,1025.841
1791152371.195032,69.64737049429873,0.11005267555495897,0.12055997119976776,0.122902806519568,20.86,1025.85
1791152402.524547,69.64737049429873,0.10939491311276309,0.12062096689574342,0.12217949261493809,20.87,1025.852
1791152433.8650348,69.64737049429873,0.11008298705107557,0.12118339434806046,0.12362968578195374,20.82,1025.844
1791152465.1974387,69.64737049429873,0.10950759098935998,0.1205255179702089,0.12340735689257484,20.83,1025.845
1791152496.542013,69.64737049429873,0.10985383626958439,0.12077225452270145,0.12196587201572592,20.8,1025.85
1791152527.8675504,69.64737049429873,0.10981082264309297,0.12082710358119034,0.12177889837681805,20.82,1025.849
1791152559.2139432,69.64737049429873,0.11017212729498709,0.12021172086504625,0.12166828591957479,20.83,1025.846
1791152590.5636275,69.64737049429873,0.10946220137111431,0.12077838663355966,0.12211815354055089,20.82,1025.862
1791152621.9099817,69.64737049429873,0.11144957088743417,0.12022649040120219,0.12223190843589979,20.83,1025.855
1791152653.2404177,69.64737049429873,0.10957496197531458,0.1199474900849542,0.12162149198244211,20.82,1025.849
1791152684.5822108,69.64737049429873,0.11028215098395745,0.12016469752498794,0.12156655662891701,20.77,1025.858
1791152715.8684149,69.64737049429873,0.10967403956493821,0.12100880804037735,0.12206597541424555,20.79,1025.856
1791152747.2159631,69.64737049429873,0.11026217151167424,0.12079056791052861,0.12273749324743406,20.82,1025.856
1791152778.5686116,69.64737049429873,0.10955692090948577,0.12085098376050395,0.12301857904014099,20.8,1025.859
1791152809.9139163,69.64737049429873,0.11011316200289703,0.12072993374610753,0.12246308864254989,20.86,1025.856
1791152841.2594235,69.64737049429873,0.10939491311276309,0.12117821207883007,0.12262666442495862,20.83,1025.85
1791152872.605084,69.64737049429873,0.10985383626958439,0.12095417410844088,0.12279453248359562,20.84,1025.85
1791152903.949321,69.64737049429873,0.10970517769069994,0.12246079596711405,0.1226838520393765,20.89,1025.857
1791152935.2910101,69.64737049429873,0.11086917619172709,0.12054670946839552,0.12435332736870483,20.87,1025.859
1791152966.6205533,69.64737049429873,0.11060321368790704,0.12093695129316957,0.12222907414516444,20.84,1025.85
1791152997.9669354,69.64737049429873,0.11177715349135948,0.12093115804317761,0.125146686711412,20.87,1025.859
1791153029.295426,69.64737049429873,0.11014183931005521,0.12060148096959578,0.12262084546046655,20.87,1025.868
1791153060.6251507,69.64737049429873,0.10989173318219225,0.12295738669795879,0.1241918329347282,20.87,1025.866
1791153091.9763105,69.64737049429873,0.11035228780508691,0.12088789139279268,0.12402409059988069,20.84,1025.876
1791153123.3189833,69.64737049429873,0.11025223595770155,0.12060800572344818,0.12419022036116707,20.83,1025.871
1791153154.6574037,69.64737049429873,0.11000289828175161,0.12229001717880832,0.12256926988101416,20.86,1025.869
1791153185.9988832,69.64737049429873,0.1101024978978634,0.12217654732590916,0.12407642527734541,20.87,1025.865
1791153217.3372548,69.64737049429873,0.11028215098395745,0.12079056791052861,0.12273581160284895,20.87,1025.878
1791153248.6848354,69.64737049429873,0.1089679935067304,0.1210143767100482,0.12251603557310849,20.89,1025.867
1791153280.0244718,69.64737049429873,0.10904980351652854,0.12018705941604138,0.1226838520393765,20.84,1025.858
1791153311.3549068,69.64737049429873,0.10981634796700553,0.12074230003176971,0.12168459436693889,20.8,1025.848
1791153342.6874661,69.64737049429873,0.10940906429915893,0.12046467972390554,0.12274083384134545,20.82,1025.845
1791153374.0269797,69.64737049429873,0.10960629529297132,0.12105801877202957,0.12191112729666584,20.82,1025.836
1791153405.3734167,69.64737049429873,0.10914969212209075,0.12054003332850831,0.12385434015672853,20.84,1025.836
1791153436.714948,69.64737049429873,0.1099108369606395,0.12054003332850831,0.12177502308731614,20.83,1025.831
1791153468.0654275,69.64737049429873,0.10939833577328441,0.11986884344544585,0.12222622695312232,20.82,1025.823
1791153499.3948004,69.64737049429873,0.10905055084380778,0.12005599556116164,0.121553503401362,20.77,1025.804
1791153530.7372386,69.64737049429873,0.10919744064246714,0.12062740371193187,0.12162149198244211,20.77,1025.812
1791153562.064812,69.64737049429873,0.10935986740933916,0.12062740371193187,0.12157516095536218,20.76,1025.809
1791153593.4083345,69.64737049429873,0.10955692090948577,0.120017373154069,0.12179422496453357,20.73,1025.8
1791153624.7527466,69.64737049429873,0.10932804940474994,0.12079056791052861,0.12224033477122885,20.72,1025.799
1791153656.1024222,69.64737049429873,0.10980423866498927,0.12022649040120219,0.12195904175213419,20.76,1025.803
1791153687.446796,69.64737049429873,0.10965571419995904,0.12284994762809001,0.12307302939408277,20.79,1025.79
1791153718.7764235,69.64737049429873,0.1097546858255538,0.12045788493360542,0.12368581540271999,20.79,1025.794
1791153750.1169271,69.64737049429873,0.10942668078021281,0.12140204793115991,0.12212736026293373,20.77,1025.795
1791153781.4463727,69.64737049429873,0.1093454780675307,0.12038269305423294,0.12218242462434982,20.77,1025.79
1791153812.792841,69.64737049429873,0.1101221150272529,0.12065630226528674,0.1222873197395152,20.8,1025.787
1791153844.1333604,69.64737049429873,0.1099108369606395,0.12065630226528674,0.12267661003863944,20.79,1025.784
1791153875.4747472,69.64737049429873,0.10923172916361416,0.1217827560905302,0.1222846100441597,20.79,1025.779
1791153906.8253045,69.64737049429873,0.10974221397837376,0.12133765091049946,0.12234278130504911,20.82,1025.782
1791153938.176695,69.64737049429873,0.10967403956493821,0.12106349134994614,0.12245617946437905,20.79,1025.757
1791153969.5195785,69.64737049429873,0.10949391742196889,0.12089375366777914,0.12240317951172648,20.82,1025.756
1791154000.8447955,69.64737049429873,0.10980423866498927,0.12123292249452718,0.1227929828171687,20.84,1025.76
1791154032.1922147,69.64737049429873,0.11106967182581379,0.12062096689574342,0.12206916765278604,20.87,1025.759
1791154063.5358016,69.64737049429873,0.10957496197531458,0.12039667733626828,0.12307302939408277,20.86,1025.763
1791154094.882203,69.64737049429873,0.10932804940474994,0.12091118247298253,0.12223753866262134,20.83,1025.759
1791154126.2307634,69.64737049429873,0.1095389771043561,0.12068803144055762,0.12235300461575294,20.84,1025.756
1791154157.5773346,69.64737049429873,0.10952112977553068,0.1205861381487123,0.1217980135573545,20.8,1025.74
1791154188.922701,69.64737049429873,0.10939154266200918,0.1208390976519429,0.12130243663183034,20.8,1025.746
1791154220.2682078,69.64737049429873,0.10974221397837376,0.12083311420356602,0.12190049229869011,20.79,1025.736
1791154251.605802,69.64737049429873,0.1095615813695977,0.12110749769398516,0.12284565306901436,20.79,1025.739
1791154282.9512737,69.64737049429873,0.10913269328032354,0.11993949021815,0.12256513155658703,20.79,1025.742
1791154314.301765,69.64737049429873,0.10957496197531458,0.12079056791052861,0.12173151177439664,20.79,1025.74
1791154345.5773356,69.64737049429873,0.10970517769069994,0.12201407985346004,0.12251603557310849,20.8,1025.734
1791154376.9206433,69.64737049429873,0.10985383626958439,0.12067542572235458,0.12229270244500337,20.83,1025.727
1791154408.27628,69.64737049429873,0.11281953433253035,0.1210143767100482,0.12212736026293373,20.83,1025.722
1791154439.636721,69.64737049429873,0.10988454118119272,0.1212379838711223,0.12324034381581928,20.83,1025.709
1791154470.9803221,69.64737049429873,0.11019272833293164,0.12024112705218547,0.12240560615115512,20.84,1025.702
1791154502.322793,69.64737049429873,0.10983504145619141,0.12023382522500013,0.1219075982449588,20.86,1025.697
1791154533.6023555,69.64737049429873,0.10932804940474994,0.121118224104118,0.12218242462434982,20.89,1025.692
1791154564.947647,69.64737049429873,0.10888588747292828,0.12117300636998497,0.12201076447660249,20.87,1025.684
1791154596.2912574,69.64737049429873,0.10967403956493821,0.12072993374610753,0.12340702798763166,20.9,1025.689
1791154627.6216912,69.64737049429873,0.1093454780675307,0.1200095633787242,0.12223753866262134,20.84,1025.675
1791154658.9671333,69.64737049429873,0.1092295956712957,0.12090539902999617,0.12218242462434982,20.86,1025.673
1791154690.3067505,69.64737049429873,0.10954348680746759,0.12032812005410369,0.12185278126322635,20.83,1025.667
1791154721.6495662,69.64737049429873,0.10900104771194252,0.12121760032105239,0.12211815354055089,20.79,1025.663
1791154752.9955833,69.64737049429873,0.10986080703928622,0.12032095945716845,0.12262084546046655,20.8,1025.659
1791154784.3450437,69.64737049429873,0.10961133906939743,0.12055335535709927,0.12200408853173239,20.79,1025.644
1791154815.6916275,69.64737049429873,0.10954348680746759,0.12167647700846823,0.12195214958943303,20.82,1025.628
1791154847.04415,69.64737049429873,0.1099836746011871,0.12012550168429978,0.12262666442495862,20.82,1025.615
1791154878.383597,69.64737049429873,0.10927880036278015,0.12134731059605709,0.12235046605794483,20.79,1025.612
1791154909.7281146,69.64737049429873,0.1104410329576355,0.12063381161033311,0.12329590999540677,20.83,1025.599
1791154941.0717168,69.64737049429873,0.10991510802506747,0.12112885396264893,0.12224311832378965,20.82,1025.581
1791154972.4060915,69.64737049429873,0.11089756757968149,0.12007906988503426,0.12218534344375434,20.83,1025.563
1791155003.747555,69.64737049429873,0.10999488708913607,0.12051887225098101,0.12257540764887909,20.83,1025.544
1791155035.0922112,69.64737049429873,0.10973617567470476,0.12074230003176971,0.12301857904014099,20.86,1025.55
1791155066.4336202,69.64737049429873,0.11011316200289703,0.12134731059605709,0.12235300461575294,20.86,1025.546
1791155097.7701323,69.64737049429873,0.10947606323401048,0.1209711652164687,0.1229054128110449,20.83,1025.535
1791155129.093589,69.64737049429873,0.10942668078021281,0.12223472991281847,0.12245849293118607,20.8,1025.534
1791155160.424019,69.64737049429873,0.1098418481984253,0.12077225452270145,0.12357470801825864,20.82,1025.545
1791155191.7706323,69.64737049429873,0.1101221150272529,0.12066908008177037,0.12172356701930506,20.82,1025.543
1791155223.112008,69.64737049429873,0.10929608768104473,0.12039667733626828,0.1217865963477505,20.82,1025.533
1791155254.396479,69.64737049429873,0.10970517769069994,0.1203423443042001,0.12262666442495862,20.8,1025.522
1791155285.689104,69.64737049429873,0.10980423866498927,0.12074230003176971,0.12201407985346004,20.84,1025.515
1791155317.039586,69.64737049429873,0.1097855863074243,0.12034940839386757,0.12168459436693889,20.86,1025.525
1791155348.3810306,69.64737049429873,0.10966854019619106,0.1203023941673435,0.12201738030225336,20.83,1025.532
1791155379.720569,69.64737049429873,0.1092295956712957,0.1207361308218268,0.12229803678622966,20.82,1025.542
1791155411.0720856,69.64737049429873,0.1096868094979545,0.12079056791052861,0.12212736026293373,20.82,1025.545
1791155442.4175184,69.64737049429873,0.10942668078021281,0.12128768233464718,0.12235046605794483,20.8,1025.54
1791155473.7471282,69.64737049429873,0.10970517769069994,0.12190049229869011,0.12429915474147636,20.82,1025.55
1791155505.0965333,69.64737049429873,0.10921453835547386,0.12043731557834175,0.12212430521745665,20.79,1025.544
1791155536.4421318,69.64737049429873,0.10913269328032354,0.12111287305003278,0.12189332183801183,20.76,1025.549
1791155567.800587,69.64737049429873,0.10969246461901254,0.121553503401362,0.12340686241689322,20.77,1025.559
1791155599.1409273,69.64737049429873,0.10941257894966804,0.11983094288228525,0.12211505672000073,20.79,1025.566
1791155630.4835045,69.64737049429873,0.10931346895629396,0.12105801877202957,0.12240074188657116,20.79,1025.575
1791155661.8361359,69.64737049429873,0.10921453835547386,0.12122783821476044,0.1227914261288333,20.79,1025.571
1791155693.1775117,69.64737049429873,0.11002222658563321,0.12088789139279268,0.12150721728125548,20.77,1025.575
1791155724.514024,69.64737049429873,0.10992251919136262,0.12044420307018584,0.12206276869778965,20.76,1025.571
1791155755.8565161,69.64737049429873,0.10957496197531458,0.12139735055629312,0.12290411261373066,20.8,1025.563
1791155787.1970456,69.64737049429873,0.10990347870002667,0.1208390976519429,0.12256926988101416,20.84,1025.562
1791155818.5443988,69.64737049429873,0.10990347870002667,0.12095417410844088,0.12245849293118607,20.84,1025.567
1791155849.892004,69.64737049429873,0.1096244783837787,0.12055997119976776,0.12212430521745665,20.83,1025.568
1791155881.2364707,69.64737049429873,0.1092295956712957,0.12045788493360542,0.12385349451242601,20.86,1025.562
1791155912.5830789,69.64737049429873,0.10988454118119272,0.12039667733626828,0.12246079596711405,20.83,1025.556
1791155943.9065082,69.64737049429873,0.10913269328032354,0.12071117342340394,0.12240317951172648,20.8,1025.554
1791155975.23986,69.64737049429873,0.11040238185608049,0.12048519010511123,0.12211505672000073,20.82,1025.554
1791156006.5795455,69.64737049429873,0.10961133906939743,0.12032812005410369,0.12194519468235332,20.8,1025.544
1791156037.9260216,69.64737049429873,0.11000289828175161,0.12038970101527532,0.1220074340701707,20.82,1025.538
1791156069.271354,69.64737049429873,0.10921453835547386,0.12055997119976776,0.12190049229869011,20.79,1025.541
1791156100.621037,69.64737049429873,0.10939491311276309,0.12045788493360542,0.12195560346064337,20.8,1025.541
1791156131.9633772,69.64737049429873,0.10901721338677492,0.12039667733626828,0.12273916730987829,20.8,1025.546
1791156163.3119717,69.64737049429873,0.10980423866498927,0.12066908008177037,0.12179041926669976,20.8,1025.545
1791156194.6564448,69.64737049429873,0.10949391742196889,0.12105801877202957,0.12212123634137327,20.77,1025.551
1791156225.9989805,69.64737049429873,0.10921453835547386,0.12066908008177037,0.12184173079617536,20.76,1025.55
1791156257.3403773,69.64737049429873,0.1089021761565954,0.12089375366777914,0.12189691518743925,20.79,1025.55
1791156288.6878107,69.64737049429873,0.10903383681782407,0.12084505411018563,0.1217865963477505,20.76,1025.554
1791156319.9673553,69.64737049429873,0.10924674189281669,0.12043731557834175,0.12312857021963333,20.77,1025.547
1791156351.3199618,69.64737049429873,0.10895158950324596,0.12009500420952109,0.12166828591957479,20.76,1025.551
1791156382.6644711,69.64737049429873,0.10919933039131026,0.12054670946839552,0.12239583337932007,20.74,1025.556
1791156413.9949338,69.64737049429873,0.11027228823362208,0.1208760867535238,0.12194868003236962,20.76,1025.558
1791156445.3513997,69.64737049429873,0.10999163920573923,0.12060800572344818,0.12222622695312232,20.74,1025.551
1791156476.6957355,69.64737049429873,0.10923172916361416,0.12173151177439664,0.12223190843589979,20.77,1025.536
1791156508.039415,69.64737049429873,0.1101024978978634,0.12089375366777914,0.12262473354723563,20.79,1025.539
1791156539.368911,69.64737049429873,0.11003330841709713,0.12056655719969848,0.12335123572151895,20.77,1025.543
1791156570.6983023,69.64737049429873,0.10990347870002667,0.12039667733626828,0.12229270244500337,20.79,1025.542
1791156602.043975,69.64737049429873,0.10949391742196889,0.12038970101527532,0.12240317951172648,20.76,1025.537
1791156633.387314,69.64737049429873,0.11000289828175161,0.12156655662891701,0.12307210926934381,20.8,1025.538
1791156664.7279162,69.64737049429873,0.10959310109476385,0.12106349134994614,0.12284852258321999,20.79,1025.534
1791156696.0763829,69.64737049429873,0.11051141892146356,0.12284994762809001,0.12229001717880832,20.82,1025.534
1791156727.4168417,69.64737049429873,0.11079054537363868,0.12167647700846823,0.12485665151364894,20.83,1025.524
1791156758.7682123,69.64737049429873,0.10988454118119272,0.121118224104118,0.12301649356368204,20.86,1025.529
1791156790.116779,69.64737049429873,0.11076179573076288,0.12071745523870994,0.12223472991281847,20.86,1025.539
1791156821.4602916,69.64737049429873,0.1113442710594941,0.12194868003236962,0.1221735886668394,20.86,1025.525
1791156852.741862,69.64737049429873,0.1103726314568834,0.12093115804317761,0.1241918329347282,20.87,1025.523
1791156884.0823445,69.64737049429873,0.10976088370994898,0.12161305500918422,0.12228188800902179,20.87,1025.529
1791156915.424874,69.64737049429873,0.10951186882398234,0.12116777706213719,0.1227341223244946,20.87,1025.524
1791156946.7721827,69.64737049429873,0.1102221850097848,0.12239829320091909,0.12239829320091909,20.89,1025.525
1791156978.1228178,69.64737049429873,0.11129370374616637,0.12065630226528674,0.1249195501442328,20.91,1025.521
1791157009.451344,69.64737049429873,0.10948010705062962,0.12127272674204263,0.12183428006068135,20.91,1025.526
1791157040.7816455,69.64737049429873,0.10928131454077013,0.12048519010511123,0.12205954740470089,20.89,1025.517
1791157072.1251822,69.64737049429873,0.10981082264309297,0.12093695129316957,0.12138313014081531,20.89,1025.508
1791157103.4697292,69.64737049429873,0.1089185537319909,0.12020428569821602,0.12211505672000073,20.86,1025.505
1791157134.8072615,69.64737049429873,0.10979200848435053,0.12099759489907813,0.12239583337932007,20.86,1025.491
1791157166.155663,69.64737049429873,0.1087366779562102,0.12054003332850831,0.12363104470913855,20.86,1025.479
1791157197.5012257,69.64737049429873,0.10888536738076257,0.12043039676408457,0.12166416241158431,20.8,1025.465
1791157228.851649,69.64737049429873,0.10919933039131026,0.12020428569821602,0.121553503401362,20.82,1025.45
1791157260.1941686,69.64737049429873,0.1086872050155121,0.12110209787004632,0.12149824934893523,20.83,1025.439
1791157291.571975,69.64737049429873,0.10914969212209075,0.12043039676408457,0.12110209787004632,20.8,1025.427
1791157322.9142838,69.64737049429873,0.10928131454077013,0.12038269305423294,0.12183428006068135,20.82,1025.415
1791157354.2577882,69.64737049429873,0.10938062047250284,0.12060148096959578,0.12211815354055089,20.8,1025.404
1791157385.6083376,69.64737049429873,0.1095615813695977,0.12015717591797356,0.12368721760629632,20.8,1025.395
1791157416.9516482,69.64737049429873,0.10893515928897883,0.12105252135152902,0.12133278818035663,20.79,1025.389
1791157448.2953308,69.64737049429873,0.10952991823619776,0.12043039676408457,0.12166828591957479,20.8,1025.382
1791157479.6427987,69.64737049429873,0.1089021761565954,0.12044420307018584,0.12290149448834937,20.8,1025.376
1791157510.9851,69.64737049429873,0.10881957744764818,0.11975991643231379,0.12133765091049946,20.79,1025.363
1791157542.329764,69.64737049429873,0.10914969212209075,0.12099759489907813,0.12194868003236962,20.77,1025.359
1791157573.6743171,69.64737049429873,0.10976088370994898,0.12099195008272329,0.12206276869778965,20.76,1025.358
1791157604.9966493,69.64737049429873,0.10908324265196236,0.12066908008177037,0.12256513155658703,20.8,1025.359
1791157636.3401105,69.64737049429873,0.10954348680746759,0.12094845914826541,0.12262473354723563,20.8,1025.358
1791157667.680625,69.64737049429873,0.10938062047250284,0.12037565323740392,0.12217654732590916,20.82,1025.354
1791157699.0102098,69.64737049429873,0.10929874249774821,0.12059492650242419,0.12239583337932007,20.82,1025.351
1791157730.3517559,69.64737049429873,0.1090673562073407,0.1211625239944504,0.12211194578386801,20.8,1025.354
1791157761.7001727,69.64737049429873,0.10994166349735747,0.12082106559927731,0.1223401964325837,20.84,1025.344
1791157793.0437396,69.64737049429873,0.10994166349735747,0.12065630226528674,0.12217061654648254,20.86,1025.361
1791157824.3932452,69.64737049429873,0.10938062047250284,0.1203137662513246,0.12284565306901436,20.86,1025.359
1791157855.7386072,69.64737049429873,0.10981082264309297,0.12104699891890167,0.12256304826012138,20.86,1025.357
1791157887.0953221,69.64737049429873,0.10952991823619776,0.12020428569821602,0.12188971213958731,20.84,1025.345
1791157918.4397743,69.64737049429873,0.10919933039131026,0.12071117342340394,0.12166416241158431,20.82,1025.345
1791157949.7800794,69.64737049429873,0.10911704742523823,0.12082106559927731,0.12217061654648254,20.86,1025.344
1791157981.1277368,69.64737049429873,0.10967962412133059,0.1203137662513246,0.12222622695312232,20.86,1025.34
1791158012.4712212,69.64737049429873,0.10952991823619776,0.12048519010511123,0.12143840725572298,20.84,1025.337
1791158043.8205957,69.64737049429873,0.1093485164584403,0.12059492650242419,0.1216088077326921,20.84,1025.339
1791158075.1662745,69.64737049429873,0.10911704742523823,0.12014202985149061,0.12256304826012138,20.82,1025.338
1791158106.4618454,69.64737049429873,0.10911704742523823,0.12036858134708525,0.12098627953679522,20.83,1025.325
1791158137.7921057,69.64737049429873,0.10962967670953991,0.12054003332850831,0.12171956750682258,20.82,1025.324
1791158169.1336613,69.64737049429873,0.10924901382930254,0.1208760867535238,0.12194519468235332,20.84,1025.326
1791158200.4831827,69.64737049429873,0.10943034114997359,0.12048519010511123,0.12239336234563622,20.84,1025.317
1791158231.8067422,69.64737049429873,0.11106374954706677,0.12121760032105239,0.12217061654648254,20.87,1025.316
1791158263.1591794,69.64737049429873,0.10924901382930254,0.12082106559927731,0.12480930365600562,20.87,1025.31
1791158294.4856322,69.64737049429873,0.10944820050429897,0.12115194592887332,0.12166416241158431,20.89,1025.319
1791158325.8130407,69.64737049429873,0.11001103362783538,0.12132790332579688,0.1227867134518408,20.87,1025.329
1791158357.1566012,69.64737049429873,0.10962967670953991,0.12126769609856342,0.12278829149466033,20.86,1025.331
1791158388.4850686,69.64737049429873,0.10921656582119023,0.12008729299903907,0.12188608598033447,20.84,1025.337
1791158419.8296204,69.64737049429873,0.10938062047250284,0.12009500420952109,0.12250725922389133,20.83,1025.336
1791158451.1731472,69.64737049429873,0.10858839406632509,0.12025900105773932,0.12200408853173239,20.82,1025.343
1791158482.5046809,69.64737049429873,0.11027228823362208,0.1203137662513246,0.12132790332579688,20.82,1025.345
1791158513.8371344,69.64737049429873,0.10967962412133059,0.11986061328972242,0.12177502308731614,20.8,1025.349
1791158545.185502,69.64737049429873,0.10898471978312357,0.1208150000705955,0.12188608598033447,20.77,1025.358
1791158576.521999,69.64737049429873,0.1095980678162488,0.1205333267304176,0.1219416934313071,20.8,1025.362
1791158607.872539,69.64737049429873,0.10941614819289734,0.1206985236973639,0.12312455926517507,20.82,1025.373
1791158639.2141225,69.64737049429873,0.11105776777244765,0.1205883421185014,0.12199735164443122,20.83,1025.367
1791158670.559775,69.64737049429873,0.10908425365917596,0.12013440492214059,0.12227915354961717,20.82,1025.368
1791158701.9072075,69.64737049429873,0.10926639312330148,0.12087014402368736,0.12160025494204835,20.82,1025.372
1791158733.2495046,69.64737049429873,0.10949811071361565,0.12093115804317761,0.12199735164443122,20.82,1025.369
1791158764.5832205,69.64737049429873,0.10939833577328441,0.1205333267304176,0.12200072775792219,20.84,1025.367
1791158795.9284782,69.64737049429873,0.10996091246937675,0.11993145403621867,0.12154911266033161,20.83,1025.36
1791158827.2619777,69.64737049429873,0.10946220137111431,0.12099759489907813,0.12166828591957479,20.87,1025.357
1791158858.59978,69.64737049429873,0.11009172704998818,0.1205883421185014,0.1221735886668394,20.84,1025.363
1791158889.9399838,69.64737049429873,0.10941614819289734,0.12103587833134545,0.12182676124781056,20.84,1025.355
1791158921.2905967,69.64737049429873,0.10941614819289734,0.12267293941064555,0.12239088002303389,20.86,1025.35
1791158952.6262848,69.64737049429873,0.10931626591106283,0.1213783467509513,0.12210882063542222,20.84,1025.354
1791158983.966561,69.64737049429873,0.10921656582119023,0.12047836151820733,0.12306838679201872,20.9,1025.351
1791159015.2951148,69.64737049429873,0.10931626591106283,0.12064340775119592,0.12210882063542222,20.87,1025.349
1791159046.6295695,69.64737049429873,0.109698207580509,0.12098058308497557,0.12177113010163688,20.89,1025.353
1791159077.9779015,69.64737049429873,0.11003053442263902,0.12080890680620107,0.12261692186446763,20.87,1025.343
1791159109.3235023,69.64737049429873,0.10928386782483603,0.12047150172064255,0.12193817617016549,20.9,1025.345
1791159140.669937,69.64737049429873,0.10982973980365729,0.1205883421185014,0.12216463155275124,20.89,1025.347
1791159172.0036232,69.64737049429873,0.11031272272799046,0.12115194592887332,0.12199735164443122,20.9,1025.347
1791159203.3520076,69.64737049429873,0.10914969212209075,0.12038970101527532,0.12211194578386801,20.9,1025.351
1791159234.677547,69.64737049429873,0.10949391742196889,0.12016469752498794,0.12284852258321999,20.91,1025.346
1791159266.0079887,69.64737049429873,0.1093630014984291,0.12105801877202957,0.12217654732590916,20.87,1025.351
1791159297.3494809,69.64737049429873,0.10966114198493015,0.12082106559927731,0.12195214958943303,20.84,1025.347
1791159328.6949337,69.64737049429873,0.10967962412133059,0.12098627953679522,0.12217061654648254,20.84,1025.347
1791159360.0405698,69.64737049429873,0.11085528331313999,0.1208150000705955,0.12295619546917262,20.86,1025.344
1791159391.3869612,69.64737049429873,0.1095980678162488,0.12030654021331542,0.12199735164443122,20.86,1025.338
1791159422.736407,69.64737049429873,0.10903446400587687,0.12030654021331542,0.12199735164443122,20.84,1025.343
1791159454.0790114,69.64737049429873,0.1095980678162488,0.1215447018601989,0.1219416934313071,20.83,1025.34
1791159485.4204066,69.64737049429873,0.10926639312330148,0.12036147716358567,0.12182676124781056,20.82,1025.336
1791159516.7688673,69.64737049429873,0.10946615781193612,0.12086417410722641,0.12148919951402665,20.83,1025.346
1791159548.106698,69.64737049429873,0.10936618424678621,0.1206985236973639,0.12193817617016549,20.82,1025.336
1791159579.4609554,69.64737049429873,0.10941614819289734,0.12092533833880616,0.12210882063542222,20.83,1025.333
1791159610.8054814,69.64737049429873,0.10951621316655685,0.1198523455345289,0.12216463155275124,20.83,1025.335
1791159642.1518893,69.64737049429873,0.10948010705062962,0.12026631535560069,0.12182676124781056,20.8,1025.332
1791159673.4785714,69.64737049429873,0.10924901382930254,0.12144304550687775,0.12222907414516444,20.84,1025.326
1791159704.8139002,69.64737049429873,0.10919933039131026,0.12121760032105239,0.12290149448834937,20.86,1025.325
1791159736.1594794,69.64737049429873,0.10974221397837376,0.12127272674204263,0.12256513155658703,20.86,1025.308
1791159767.489885,69.64737049429873,0.10949811071361565,0.12075990641063276,0.12256304826012138,20.86,1025.307
1791159798.841479,69.64737049429873,0.10931626591106283,0.12103587833134545,0.1219416934313071,20.89,1025.304
1791159830.1839805,69.64737049429873,0.1099300454220067,0.12109122414719217,0.12250281085214769,20.91,1025.298
1791159861.5314038,69.64737049429873,0.10961646133373482,0.12029928111784152,0.1222204935111566,20.9,1025.295
1791159892.8779285,69.64737049429873,0.10928386782483603,0.12109122414719217,0.12204979506490841,20.9,1025.291
1791159924.1725135,69.64737049429873,0.10918396950658467,0.12013440492214059,0.12165585882917439,20.86,1025.291
1791159955.5069659,69.64737049429873,0.10974834611728757,0.12103587833134545,0.12210882063542222,20.84,1025.285
1791159986.8675244,69.64737049429873,0.10979853050754795,0.12114662060191886,0.12188244324739979,20.84,1025.28
1791160018.2128043,69.64737049429873,0.10933388556711723,0.12080890680620107,0.1222204935111566,20.87,1025.276
1791160049.5626202,69.64737049429873,0.11023206458603275,0.12142436489677146,0.12204979506490841,20.89,1025.267
1791160080.9129753,69.64737049429873,0.11026232635573233,0.12032095945716845,0.12283983509581417,20.89,1025.265
1791160112.247394,69.64737049429873,0.11015236537170364,0.12077838663355966,0.12194868003236962,20.9,1025.264
1791160143.5890226,69.64737049429873,0.10931346895629396,0.12066908008177037,0.12256720540885971,20.93,1025.266
1791160174.9292586,69.64737049429873,0.11002222658563321,0.12104699891890167,0.12212123634137327,20.91,1025.263
1791160206.2789834,69.64737049429873,0.10982973980365729,0.12132790332579688,0.12188971213958731,20.95,1025.258
1791160237.6254041,69.64737049429873,0.10924901382930254,0.12076609451200646,0.12245152095337775,20.91,1025.261
1791160268.9568634,69.64737049429873,0.11039308648401308,0.1213180666366969,0.12217061654648254,20.93,1025.256
1791160300.313291,69.64737049429873,0.10956631431952848,0.11996998005006179,0.12244681985810268,20.94,1025.246
1791160331.643874,69.64737049429873,0.10875266210069091,0.12013440492214059,0.1213783467509513,20.93,1025.241
1791160362.984328,69.64737049429873,0.11021197600961692,0.12098058308497557,0.12120726892641641,20.91,1025.238
1791160394.3277864,69.64737049429873,0.10911704742523823,0.12036858134708525,0.12205306068924714,20.91,1025.234
1791160425.6744432,69.64737049429873,0.10911704742523823,0.1205883421185014,0.12194519468235332,20.9,1025.235
1791160457.0208716,69.64737049429873,0.10903446400587687,0.12143374783405929,0.1216600200911292,20.93,1025.229
1791160488.3642325,69.64737049429873,0.10861959289588177,0.12071117342340394,0.12335006013219661,20.93,1025.232
1791160519.7208726,69.64737049429873,0.10918218876385487,0.12015717591797356,0.12262084546046655,20.89,1025.22
1791160551.071415,69.64737049429873,0.10926398126226969,0.12022649040120219,0.12167239074296628,20.91,1025.216
1791160582.4157715,69.64737049429873,0.10957496197531458,0.12054670946839552,0.12179041926669976,20.9,1025.216
1791160613.755251,69.64737049429873,0.10916678394253078,0.11963372684093104,0.12183428006068135,20.9,1025.209
1791160645.1109052,69.64737049429873,0.1093485164584403,0.12082106559927731,0.12154911266033161,20.91,1025.201
1791160676.4573088,69.64737049429873,0.10977965560604108,0.1201968166257819,0.12171956750682258,20.89,1025.195
1791160707.8047187,69.64737049429873,0.1090673562073407,0.11969693651620131,0.12154911266033161,20.9,1025.189
1791160739.1452947,69.64737049429873,0.11052348916546911,0.12002473830812947,0.12143840725572298,20.89,1025.182
1791160770.4936984,69.64737049429873,0.10936618424678621,0.12064986969513143,0.12177113010163688,20.9,1025.169
1791160801.8332856,69.64737049429873,0.10949811071361565,0.1205333267304176,0.12267477890740441,20.91,1025.166
1791160833.1588118,69.64737049429873,0.10949811071361565,0.1210966734107734,0.12199735164443122,20.87,1025.167
1791160864.5052226,69.64737049429873,0.10939833577328441,0.12015717591797356,0.12306838679201872,20.87,1025.167
1791160895.8367312,69.64737049429873,0.10955692090948577,0.12069429190188367,0.12127773455944632,20.87,1025.162
1791160927.1733162,69.64737049429873,0.10926160624170667,0.11976458611278118,0.1215249118456387,20.9,1025.154
1791160958.5157702,69.64737049429873,0.10903321921419037,0.12023382522500013,0.1218055398871727,20.87,1025.162
1791160989.8593125,69.64737049429873,0.10987273323323375,0.12032095945716845,0.12173545726191673,20.89,1025.168
1791161021.2046652,69.64737049429873,0.10971099017785642,0.12054003332850831,0.12172356701930506,20.9,1025.17
1791161052.5471914,69.64737049429873,0.11062429028331736,0.1205333267304176,0.12340652901342018,20.91,1025.168
1791161083.8867204,69.64737049429873,0.11001103362783538,0.12093115804317761,0.12211194578386801,20.94,1025.169
1791161115.2391937,69.64737049429873,0.10939833577328441,0.12093115804317761,0.12239336234563622,20.93,1025.178
1791161146.5898623,69.64737049429873,0.10870304644294568,0.12025165339023969,0.12267477890740441,20.91,1025.17
1791161177.9451573,69.64737049429873,0.10921656582119023,0.12070486297502701,0.122223366771485,20.91,1025.175
1791161209.280625,69.64737049429873,0.10941614819289734,0.12077838663355966,0.12256095545480314,20.91,1025.178
1791161240.6302874,69.64737049429873,0.11084765648328468,0.12074844156346656,0.12229001717880832,20.91,1025.175
1791161271.9757373,69.64737049429873,0.10973022906880536,0.12059904654674289,0.12252251461401908,20.94,1025.169
1791161303.3281796,69.64737049429873,0.10968124021730884,0.12036344157903203,0.12230594903142952,20.95,1025.166
1791161334.674616,69.64737049429873,0.11006358162548859,0.12005599556116164,0.12174718761078596,20.95,1025.175
1791161366.019211,69.64737049429873,0.10979200848435053,0.12038269305423294,0.12094845914826541,20.97,1025.182
1791161397.3426223,69.64737049429873,0.11063242746545511,0.12127773455944632,0.12094271826875183,20.97,1025.183
1791161428.6882448,69.64737049429873,0.11129370374616637,0.12093695129316957,0.1217827560905302,20.98,1025.18
1791161460.0317621,69.64737049429873,0.10996091246937675,0.1205883421185014,0.12374344157199785,20.98,1025.184
1791161491.3760924,69.64737049429873,0.10888536738076257,0.12036858134708525,0.12143374783405929,20.97,1025.187
1791161522.7217307,69.64737049429873,0.10957977476851721,0.12008729299903907,0.12222622695312232,20.97,1025.188
1791161554.0703175,69.64737049429873,0.10967962412133059,0.12110209787004632,0.12149373473926994,20.98,1025.192
1791161585.39968,69.64737049429873,0.10949811071361565,0.12148919951402665,0.12171956750682258,20.98,1025.19
1791161616.7483675,69.64737049429873,0.10913408880528566,0.11998592124280587,0.12233499127685737,21.01,1025.197
1791161648.0887463,69.64737049429873,0.10960629529297132,0.12141601377670093,0.12194868003236962,21.03,1025.193
1791161679.4321678,69.64737049429873,0.10877293722300987,0.11932854288064319,0.12196926419536,21.0,1025.195
1791161710.7246163,69.64737049429873,0.10929347332500063,0.12101992033963385,0.1217980135573545,20.98,1025.188
1791161742.071232,69.64737049429873,0.10914818386972566,0.1206145009655733,0.1219075982449588,21.01,1025.19
1791161773.4188066,69.64737049429873,0.10954348680746759,0.12066270566149238,0.12201076447660249,21.03,1025.188
1791161804.7650692,69.64737049429873,0.10943034114997359,0.11991527173335648,0.12262279391230854,21.03,1025.181
1791161836.1148567,69.64737049429873,0.10931626591106283,0.1198060046509929,0.12132299619548362,21.03,1025.171
1791161867.4471269,69.64737049429873,0.10946615781193612,0.12013440492214059,0.12250504011166291,21.04,1025.17
1791161898.8036973,69.64737049429873,0.10949811071361565,0.12149373473926994,0.12233759978340848,21.0,1025.172
1791161930.1463006,69.64737049429873,0.10880232307156572,0.12029928111784152,0.1220563114353623,21.01,1025.171
1791161961.4946096,69.64737049429873,0.10913408880528566,0.12076609451200646,0.12114662060191886,21.03,1025.171
1791161992.8360586,69.64737049429873,0.1093454780675307,0.12024112705218547,0.12172356701930506,21.01,1025.163
1791162024.1687207,69.64737049429873,0.1095702225313514,0.12015545453750041,0.12318549120335061,21.03,1025.155
1791162055.5151148,69.64737049429873,0.10940560299835643,0.12036344157903203,0.12153364063226246,21.01,1025.159
1791162086.8645537,69.64737049429873,0.10844443872266325,0.1206145009655733,0.12185643170019411,21.0,1025.153
1791162118.215262,69.64737049429873,0.10867144984287777,0.11986884344544585,0.12217654732590916,21.01,1025.155
1791162149.5598166,69.64737049429873,0.10903446400587687,0.11974293640294349,0.12132790332579688,21.01,1025.146
1791162180.9080462,69.64737049429873,0.10926639312330148,0.11996998005006179,0.12148919951402665,20.98,1025.148
1791162212.2555804,69.64737049429873,0.1090673562073407,0.120032606000225,0.1210966734107734,21.01,1025.144
1791162243.6022367,69.64737049429873,0.10901771022697922,0.11919887340745915,0.12228188800902179,21.03,1025.152
1791162274.9286654,69.64737049429873,0.10885280761097903,0.11948846304607016,0.12110749769398516,21.01,1025.14
1791162306.2752023,69.64737049429873,0.10908324265196236,0.11983094288228525,0.12088789139279268,21.0,1025.143
1791162337.6148286,69.64737049429873,0.10964276034489585,0.12084505411018563,0.1217865963477505,20.94,1025.144
1791162368.964098,69.64737049429873,0.10893529553673027,0.12014801658286788,0.12162568193882134,20.95,1025.147
1791162400.303662,69.64737049429873,0.10903261097694424,0.11999474026866296,0.1211988020905572,20.97,1025.138
1791162431.6552057,69.64737049429873,0.10945446873717882,0.12004059299997882,0.12131699367044117,20.97,1025.143
1791162462.9845524,69.64737049429873,0.10997583121795458,0.11975626252072369,0.12175106275133706,20.97,1025.145
1791162494.3171303,69.64737049429873,0.10911454512782728,0.12019444649510279,0.12124803853105369,20.98,1025.147
1791162525.6326013,69.64737049429873,0.10888639962797052,0.1203023941673435,0.12157943416601223,20.98,1025.142
1791162556.9730196,69.64737049429873,0.1091804352704148,0.12051219656776438,0.1214659241982814,20.95,1025.15
1791162588.3145897,69.64737049429873,0.10909897151443056,0.12067542572235458,0.12240560615115512,20.94,1025.15
1791162619.6562288,69.64737049429873,0.10916514017513411,0.12100321416058164,0.12184543092318684,20.9,1025.148
1791162651.007546,69.64737049429873,0.10903383681782407,0.11999383766416576,0.12156222525097746,20.89,1025.145
1791162682.3330169,69.64737049429873,0.10875420467935416,0.11949749015674999,0.12144766273148169,20.87,1025.143
1791162713.6627104,69.64737049429873,0.10924674189281669,0.12062096689574342,0.12134249166619414,20.9,1025.139
1791162745.0061696,69.64737049429873,0.1093454780675307,0.11989331086329806,0.12151167088061346,20.89,1025.134
1791162776.3546567,69.64737049429873,0.10985383626958439,0.1201103219487803,0.1225138563649936,20.9,1025.129
1791162807.7011106,69.64737049429873,0.10901672411864984,0.12098236619435765,0.12201076447660249,20.89,1025.132
1791162839.042674,69.64737049429873,0.10903261097694424,0.11993336133898773,0.12208491507016728,20.87,1025.133
1791162870.3741493,69.64737049429873,0.10932519788378975,0.12020180050611162,0.12164225453736051,20.89,1025.135
1791162901.716481,69.64737049429873,0.10888639962797052,0.12051887225098101,0.12103093315109732,20.89,1025.13
1791162933.064161,69.64737049429873,0.10988454118119272,0.11966848976870621,0.1219075982449588,20.9,1025.131
1791162964.3966036,69.64737049429873,0.10921453835547386,0.12027359651063252,0.12190049229869011,20.9,1025.132
1791162995.7350268,69.64737049429873,0.10903383681782407,0.12005599556116164,0.12195214958943303,20.91,1025.139
1791163027.0815868,69.64737049429873,0.10855753375623774,0.12066908008177037,0.12190049229869011,20.93,1025.134
1791163058.4600952,69.64737049429873,0.10841049673455783,0.12023382522500013,0.12128271970577954,20.94,1025.139
1791163089.8045046,69.64737049429873,0.1093454780675307,0.12066908008177037,0.12190405328158557,20.95,1025.129
1791163121.155988,69.64737049429873,0.10898447571707179,0.12060800572344818,0.12161728304896936,20.95,1025.134
1791163152.4974358,69.64737049429873,0.10913269328032354,0.12045788493360542,0.12189691518743925,21.01,1025.14
1791163183.8260846,69.64737049429873,0.10958821027258882,0.11991744896092091,0.12262858660465047,21.0,1025.138
1791163215.1695511,69.64737049429873,0.10839984392972363,0.11954202010821754,0.12130243663183034,20.98,1025.131
1791163246.5190089,69.64737049429873,0.1088703210246403,0.11969415237433471,0.12092267176016724,20.97,1025.131
1791163277.8555832,69.64737049429873,0.10913131910036339,0.11990139315716264,0.12168862570766219,20.97,1025.127
1791163309.2099483,69.64737049429873,0.1087383390925051,0.1201103219487803,0.12184911437471234,20.98,1025.118
1791163340.5567253,69.64737049429873,0.10977329648846393,0.11999383766416576,0.12156222525097746,21.0,1025.115
1791163371.8981495,69.64737049429873,0.10886904309420793,0.12043039676408457,0.1222873197395152,20.97,1025.11
1791163403.2275038,69.64737049429873,0.10948010705062962,0.12037565323740392,0.12127272674204263,20.97,1025.098
1791163434.5542376,69.64737049429873,0.10928131454077013,0.11993949021815,0.1222846100441597,21.0,1025.1
1791163465.8975146,69.64737049429873,0.10959310109476385,0.1199474900849542,0.12161728304896936,20.95,1025.094
1791163497.2429569,69.64737049429873,0.10911578666058798,0.12039667733626828,0.12223472991281847,20.97,1025.084
1791163528.5285838,69.64737049429873,0.10924674189281669,0.1199474900849542,0.1231841611971312,21.0,1025.081
1791163559.8760056,69.64737049429873,0.10929347332500063,0.11975626252072369,0.12173545726191673,20.98,1025.078
1791163591.2185607,69.64737049429873,0.10914669857296887,0.12020912167061427,0.1215249118456387,20.98,1025.075
1791163622.5632524,69.64737049429873,0.10945446873717882,0.11970262995662193,0.12213944399200012,20.98,1025.077
1791163653.9053645,69.64737049429873,0.10911454512782728,0.12118339434806046,0.12140672416479391,20.97,1025.063
1791163685.2490213,69.64737049429873,0.10955692090948577,0.11984738113759415,0.12179422496453357,21.01,1025.069
1791163716.5746596,69.64737049429873,0.10909897151443056,0.12084505411018563,0.12157086848649096,21.0,1025.061
1791163747.9230871,69.64737049429873,0.10914818386972566,0.12022649040120219,0.12168054484164706,21.01,1025.057
1791163779.2734985,69.64737049429873,0.10903383681782407,0.11972259184324242,0.12206916765278604,21.0,1025.052
1791163810.6193552,69.64737049429873,0.10914818386972566,0.12017218515756789,0.12095417410844088,21.01,1025.048
1791163841.9614782,69.64737049429873,0.10857292194163454,0.11999383766416576,0.12190049229869011,21.0,1025.047
1791163873.3070598,69.64737049429873,0.10893515928897883,0.11978509912111346,0.12139263189649953,20.94,1025.046
1791163904.647473,69.64737049429873,0.10882060017166632,0.11978509912111346,0.12089958948728674,20.94,1025.049
1791163935.991035,69.64737049429873,0.10914818386972566,0.11996338185338991,0.12084505411018563,20.93,1025.056
1791163967.3424568,69.64737049429873,0.10947208099186337,0.1196490454094545,0.12096552696975683,20.9,1025.044
1791163998.6718805,69.64737049429873,0.10919557966849151,0.12025563260336562,0.12108513657348119,20.91,1025.039
1791164030.0184436,69.64737049429873,0.10947208099186337,0.12036344157903203,0.12108513657348119,20.91,1025.044
1791164061.368959,69.64737049429873,0.10944064335855329,0.12002514785927976,0.12147043840443518,20.95,1025.043
1791164092.7224634,69.64737049429873,0.10898423537905726,0.11963181880031307,0.12118855333563197,20.93,1025.05
1791164124.0649884,69.64737049429873,0.10857582870277228,0.12012550168429978,0.12135210784736769,20.93,1025.049
1791164155.4105282,69.64737049429873,0.10882060017166632,0.12034940839386757,0.12095986332441667,20.89,1025.047
1791164186.739943,69.64737049429873,0.10854222882890209,0.11990139315716264,0.12112885396264893,20.91,1025.047
1791164218.073426,69.64737049429873,0.1089516003532314,0.11984738113759415,0.12129262259826958,20.91,1025.046
1791164249.4189065,69.64737049429873,0.10914818386972566,0.11939871119670742,0.1210143767100482,20.9,1025.046
1791164280.7646177,69.64737049429873,0.10877155762830716,0.11990139315716264,0.12112355102067278,20.91,1025.039
1791164312.0910041,69.64737049429873,0.1089516003532314,0.12128768233464718,0.12184911437471234,20.93,1025.039
1791164343.4313726,69.64737049429873,0.109212541844794,0.11947963731139413,0.12262666442495862,20.91,1025.041
1791164374.778945,69.64737049429873,0.10896787935687159,0.12003288773005322,0.1205861381487123,20.9,1025.032
1791164406.110399,69.64737049429873,0.10865804922866652,0.119246957297086,0.12086276335804186,20.89,1025.031
1791164437.443944,69.64737049429873,0.1088703210246403,0.1196490454094545,0.12130243663183034,20.9,1025.022
1791164468.7892923,69.64737049429873,0.10906561268931347,0.1205255179702089,0.12080863525010933,20.9,1025.018
1791164500.1278083,69.64737049429873,0.10870686451640782,0.119246957297086,0.1214659241982814,20.91,1025.025
1791164531.4684277,69.64737049429873,0.10898423537905726,0.11973950295192402,0.1214659241982814,20.94,1025.011
1791164562.7989755,69.64737049429873,0.10927880036278015,0.11956926059088853,0.12135210784736769,20.91,1025.013
1791164594.14852,69.64737049429873,0.10882060017166632,0.12095986332441667,0.12184911437471234,20.91,1025.003
1791164625.497889,69.64737049429873,0.1091804352704148,0.12017963904538402,0.12229537562031766,20.94,1025.005
1791164656.8413675,69.64737049429873,0.1089516003532314,0.120017373154069,0.12129262259826958,20.95,1025.006
1791164688.1858745,69.64737049429873,0.11006358162548859,0.11984738113759415,0.12135210784736769,20.97,1025.001
1791164719.5213149,69.64737049429873,0.1106981923893857,0.12040362223100541,0.12151610441782794,20.98,1024.994
1791164750.871751,69.64737049429873,0.10961935931848348,0.12014054527271366,0.12151610441782794,20.97,1024.992
1791164782.218285,69.64737049429873,0.10857582870277228,0.11978509912111346,0.12163400543137445,20.94,1024.991
1791164813.5579085,69.64737049429873,0.10885357390156783,0.11973950295192402,0.12089958948728674,20.94,1024.986
1791164844.9122553,69.64737049429873,0.10986570580178803,0.12074844156346656,0.12124803853105369,20.94,1024.982
1791164876.2418122,69.64737049429873,0.10916352149326189,0.12035644074768369,0.12185643170019411,20.93,1024.98
1791164907.5684502,69.64737049429873,0.10958821027258882,0.1204105359113584,0.12207550908655372,20.95,1024.979
1791164938.8967485,69.64737049429873,0.10935986740933916,0.12051887225098101,0.1221304015710905,20.95,1024.98
1791164970.2402713,69.64737049429873,0.10935986740933916,0.12024112705218547,0.12168459436693889,20.97,1024.988
1791165001.588914,69.64737049429873,0.10927880036278015,0.12045788493360542,0.12112885396264893,20.98,1024.984
1791165032.9322655,69.64737049429873,0.10983504145619141,0.11973106646823707,0.12184911437471234,20.98,1024.982
1791165064.2788265,69.64737049429873,0.1093773428571948,0.12023382522500013,0.12173545726191673,21.01,1024.986
1791165095.6084454,69.64737049429873,0.10854222882890209,0.12017963904538402,0.12129262259826958,20.98,1024.992
1791165126.9377735,69.64737049429873,0.10909897151443056,0.11928168379192314,0.12157086848649096,20.98,1024.987
1791165158.265294,69.64737049429873,0.10878747743503474,0.11952432815973542,0.12117821207883007,21.0,1024.993
1791165189.6019878,69.64737049429873,0.10916352149326189,0.11974790155121602,0.1214659241982814,20.97,1024.995
1791165220.9571645,69.64737049429873,0.10854222882890209,0.11949749015674999,0.12113413309153472,20.95,1024.992
1791165252.2818341,69.64737049429873,0.10827840730406263,0.12045788493360542,0.1210143767100482,20.95,1025.0
1791165283.6312923,69.64737049429873,0.10847822815579193,0.11947065524315229,0.12118339434806046,20.98,1024.995
1791165314.907747,69.64737049429873,0.1084294936537584,0.11952432815973542,0.12046467972390554,20.93,1024.993
1791165346.254496,69.64737049429873,0.10847822815579193,0.11952432815973542,0.12124302249895606,20.94,1024.994
1791165377.5997825,69.64737049429873,0.10926160624170667,0.12018705941604138,0.12141137939959844,20.97,1025.0
1791165408.9443052,69.64737049429873,0.10940906429915893,0.11951542243967468,0.12207550908655372,20.97,1024.999
1791165440.2737994,69.64737049429873,0.10950759098935998,0.11990139315716264,0.12201738030225336,21.01,1024.996
1791165471.6133761,69.64737049429873,0.1089516003532314,0.11984738113759415,0.12146138966612477,21.0,1024.993
1791165502.9648762,69.64737049429873,0.10950759098935998,0.11962314726894126,0.12151610441782794,21.01,1024.989
1791165534.3081825,69.64737049429873,0.1090006798160745,0.11906665549249848,0.12095986332441667,21.03,1024.989
1791165565.6567895,69.64737049429873,0.10877155762830716,0.12007141307580327,0.12129262259826958,21.0,1024.989
1791165597.0043685,69.64737049429873,0.1091804352704148,0.120017373154069,0.1220723455112392,21.0,1024.99
1791165628.3576279,69.64737049429873,0.10864019545938051,0.11916433893889218,0.12168459436693889,21.0,1024.991
1791165659.7011282,69.64737049429873,0.10898447571707179,0.11965118720739107,0.12078449103369816,20.98,1024.986
1791165691.0498207,69.64737049429873,0.10893515928897883,0.11916433893889218,0.12105252135152902,20.97,1024.985
1791165722.3942199,69.64737049429873,0.10955692090948577,0.12007141307580327,0.12100880804037735,20.98,1024.99
1791165753.735749,69.64737049429873,0.10872255926936888,0.12017963904538402,0.12173938498418906,20.98,1024.997
1791165785.0742857,69.64737049429873,0.1092295956712957,0.11973950295192402,0.12118339434806046,21.0,1025.0
1791165816.4148872,69.64737049429873,0.10890256506826981,0.11967708253947167,0.12068174277771104,21.01,1025.012
1791165847.757187,69.64737049429873,0.10877155762830716,0.1199554538822359,0.12117821207883007,21.0,1025.022
1791165879.1060946,69.64737049429873,0.10932804940474994,0.12051219656776438,0.12079056791052861,21.01,1025.031
1791165910.4472444,69.64737049429873,0.1093773428571948,0.1212379838711223,0.12184911437471234,21.01,1025.035
1791165941.7997568,69.64737049429873,0.10960629529297132,0.12040362223100541,0.12212736026293373,21.01,1025.034
1791165973.1412969,69.64737049429873,0.10882060017166632,0.11962314726894126,0.12134731059605709,20.98,1025.042
1791166004.4708245,69.64737049429873,0.10909897151443056,0.12045788493360542,0.12106893925329286,20.98,1025.049
1791166035.8021781,69.64737049429873,0.10893515928897883,0.11975991643231379,0.12240560615115512,21.01,1025.051
1791166067.1405988,69.64737049429873,0.10829303627229002,0.11998592124280587,0.12205954740470089,21.0,1025.056
1791166098.486243,69.64737049429873,0.10997235028835704,0.12055335535709927,0.12161305500918422,21.04,1025.055
1791166129.8376582,69.64737049429873,0.10836157286783718,0.11962314726894126,0.12245617946437905,21.05,1025.061
1791166161.18419,69.64737049429873,0.1086736050351671,0.11984738113759415,0.12179422496453357,21.08,1025.061
1791166192.5296612,69.64737049429873,0.1099836746011871,0.12017963904538402,0.12129262259826958,21.07,1025.059
1791166223.8691752,69.64737049429873,0.10882060017166632,0.12028806028921134,0.12351858970404067,21.07,1025.066
1791166255.2166061,69.64737049429873,0.1090006798160745,0.11945256955774992,0.12112355102067278,21.04,1025.057
1791166286.5572233,69.64737049429873,0.10854222882890209,0.11962314726894126,0.12079056791052861,21.01,1025.059
1791166317.9056644,69.64737049429873,0.10904980351652854,0.12168054484164706,0.12212736026293373,21.04,1025.055
1791166349.25021,69.64737049429873,0.10891881805092382,0.11983918056409572,0.12223753866262134,21.05,1025.049
1791166380.599784,69.64737049429873,0.10826385748613784,0.11989331086329806,0.12095417410844088,21.04,1025.048
1791166411.9432695,69.64737049429873,0.10939491311276309,0.12054670946839552,0.12189332183801183,21.04,1025.049
1791166443.2707102,69.64737049429873,0.10928131454077013,0.12013440492214059,0.121553503401362,21.05,1025.042
1791166474.6143558,69.64737049429873,0.10853583364445929,0.11972580065792021,0.1215402708631891,21.05,1025.03
1791166505.960692,69.64737049429873,0.10848615826726449,0.11909065354973587,0.12142436489677146,21.04,1025.02
1791166537.3021328,69.64737049429873,0.10875420467935416,0.11972259184324242,0.12071745523870994,21.03,1025.017
1791166568.650198,69.64737049429873,0.10888588747292828,0.1196598580796801,0.12167647700846823,21.03,1025.004
1791166599.9982183,69.64737049429873,0.10954348680746759,0.12117821207883007,0.12128271970577954,21.05,1024.994
1791166631.3436508,69.64737049429873,0.1096244783837787,0.1199474900849542,0.12206916765278604,21.05,1024.984
1791166662.6880758,69.64737049429873,0.10850847711878675,0.11900293540583684,0.12117300636998497,21.03,1024.975
1791166694.0187798,69.64737049429873,0.1089679935067304,0.11966848976870621,0.12095417410844088,21.03,1024.966
1791166725.3591478,69.64737049429873,0.1087383390925051,0.1197767428589558,0.12106349134994614,21.03,1024.955
1791166756.6884842,69.64737049429873,0.1096244783837787,0.1204510594518377,0.121118224104118,21.03,1024.948
1791166788.0222936,69.64737049429873,0.10952549027890299,0.11928168379192314,0.12139735055629312,21.04,1024.936
1791166819.3646188,69.64737049429873,0.10868924512064412,0.11938948945245823,0.12062096689574342,21.03,1024.928
1791166850.695196,69.64737049429873,0.10837640115598876,0.1193802259412102,0.12223472991281847,21.0,1024.913
1791166882.039671,69.64737049429873,0.10822387545404191,0.12064986969513143,0.12094271826875183,21.0,1024.917
1791166913.3641171,69.64737049429873,0.1089350209287648,0.11946113449775754,0.12110209787004632,21.01,1024.909
1791166944.7125492,69.64737049429873,0.10876873403388207,0.11912496002952808,0.12137354148818329,21.03,1024.911
1791166976.050183,69.64737049429873,0.10928131454077013,0.12005599556116164,0.12121244639122378,21.0,1024.908
1791167007.3995466,69.64737049429873,0.10926398126226969,0.1196598580796801,0.12089375366777914,21.0,1024.899
1791167038.7569888,69.64737049429873,0.1089021761565954,0.12105252135152902,0.12133765091049946,21.0,1024.889
1791167070.1125357,69.64737049429873,0.10896810942240732,0.11925305712587259,0.12138789180677997,21.01,1024.895
1791167101.4539993,69.64737049429873,0.10801315060294553,0.12105801877202957,0.1211625239944504,21.03,1024.901
1791167132.7324834,69.64737049429873,0.1089021761565954,0.11959689659723718,0.12223190843589979,21.04,1024.896
1791167164.066117,69.64737049429873,0.10862216354933596,0.11965118720739107,0.12144766273148169,21.04,1024.895
1791167195.404488,69.64737049429873,0.10898447571707179,0.1191545611247655,0.12189332183801183,21.03,1024.891
1791167226.748117,69.64737049429873,0.10913269328032354,0.12004823438475917,0.12083311420356602,21.05,1024.896
1791167258.0955937,69.64737049429873,0.10862216354933596,0.11993145403621867,0.12088789139279268,21.04,1024.894
1791167289.431076,69.64737049429873,0.10876873403388207,0.11972580065792021,0.12144304550687775,21.04,1024.894
1791167320.7746255,69.64737049429873,0.10883484387809272,0.11909495100006336,0.12068575786031265,21.05,1024.895
1791167352.1190207,69.64737049429873,0.10858267042875581,0.11942410896682995,0.12067933089942655,21.07,1024.898
1791167383.4655762,69.64737049429873,0.10806939241416254,0.1192337548131447,0.12135899295182755,21.04,1024.898
1791167414.8061247,69.64737049429873,0.10939833577328441,0.11930729012680713,0.1208150000705955,21.04,1024.9
1791167446.151478,69.64737049429873,0.10905055084380778,0.12015717591797356,0.12093695129316957,21.05,1024.905
1791167477.500931,69.64737049429873,0.10903383681782407,0.11959689659723718,0.1217275484008262,21.07,1024.899
1791167508.841461,69.64737049429873,0.10802709601055943,0.12025900105773932,0.12082710358119034,21.05,1024.898
1791167540.1751678,69.64737049429873,0.10817461341467219,0.11968830670988388,0.12143840725572298,21.05,1024.894
1791167571.5175116,69.64737049429873,0.10823846189634523,0.11996998005006179,0.12087014402368736,21.05,1024.896
1791167602.8600547,69.64737049429873,0.1087861959562411,0.11953370615375543,0.1210966734107734,21.07,1024.895
1791167634.2014835,69.64737049429873,0.10924901382930254,0.12010268044697348,0.12144304550687775,21.04,1024.894
1791167665.5430958,69.64737049429873,0.10918218876385487,0.12043039676408457,0.12144766273148169,21.03,1024.892
1791167696.8965635,69.64737049429873,0.1087510953959754,0.11974646841119288,0.12138313014081531,21.07,1024.894
1791167728.230103,69.64737049429873,0.10831260969984213,0.11968226581956935,0.1210579980152563,21.07,1024.891
1791167759.574688,69.64737049429873,0.10895155592519039,0.11929492703122399,0.12134424206224491,21.07,1024.881
1791167790.9139302,69.64737049429873,0.10896822714519563,0.11973438812845662,0.12198023726353001,21.07,1024.88
1791167822.2544935,69.64737049429873,0.10931626591106283,0.11941590424543229,0.12289752236476117,21.07,1024.88
1791167853.6040866,69.64737049429873,0.10844051405428734,0.12021172086504625,0.12132790332579688,21.05,1024.876
1791167884.9524157,69.64737049429873,0.1089021761565954,0.11947028549802581,0.12099759489907813,21.04,1024.875
1791167916.2989504,69.64737049429873,0.10890178120123323,0.11934274849923676,0.12098627953679522,21.05,1024.874
1791167947.6467178,69.64737049429873,0.1089350209287648,0.11975144574912541,0.1231807830396881,21.05,1024.878
1791167979.0009403,69.64737049429873,0.10830774503844227,0.11941590424543229,0.1208760867535238,21.04,1024.885
1791168010.3515637,69.64737049429873,0.10813969976258987,0.11974293640294349,0.12054003332850831,21.03,1024.88
1791168041.690934,69.64737049429873,0.10866926114358354,0.11956133476468672,0.12087014402368736,21.04,1024.887
1791168073.033438,69.64737049429873,0.10890178120123323,0.1196709284419734,0.12097486054933128,21.04,1024.889
1791168104.3818965,69.64737049429873,0.10833258390308663,0.11940533918695728,0.12170745893658001,21.05,1024.893
1791168135.727423,69.64737049429873,0.1087999466870827,0.11948822060757668,0.12117570075011172,21.05,1024.887
1791168167.0760376,69.64737049429873,0.10845936925603945,0.11959979267541122,0.12139083594894098,21.05,1024.888
1791168198.407684,69.64737049429873,0.10824206013769336,0.11918471887946501,0.12075913895128897,21.04,1024.893
1791168229.7359233,69.64737049429873,0.1089348804065751,0.1189959244508289,0.12072853774087548,21.05,1024.889
1791168261.0744307,69.64737049429873,0.10840203906557855,0.11945194163376416,0.12046461049795015,21.04,1024.883
1791168292.4239054,69.64737049429873,0.10891828529424626,0.12000091828203809,0.12108025052344597,21.04,1024.872
1791168323.7653935,69.64737049429873,0.10883484387809272,0.11949749931231683,0.12170338564749393,21.03,1024.873
1791168355.1168354,69.64737049429873,0.10833740459053033,0.1198989411663719,0.12080278561541836,21.03,1024.879
1791168386.457474,69.64737049429873,0.10823846189634523,0.11911500276025444,0.12046461049795015,20.98,1024.875
1791168417.7979803,69.64737049429873,0.10805521628517888,0.1198523455345289,0.12075369002599401,21.03,1024.865
1791168449.1484418,69.64737049429873,0.10913408880528566,0.11986061328972242,0.12092533833880616,21.03,1024.856
1791168480.4888713,69.64737049429873,0.1095980678162488,0.11967963744223666,0.12098627953679522,21.03,1024.863
1791168511.835376,69.64737049429873,0.10805521628517888,0.1196533901459633,0.12075369002599401,21.01,1024.865
1791168543.1688476,69.64737049429873,0.10910358827812192,0.11967343741027907,0.12158291264921857,21.01,1024.868
1791168574.5114746,69.64737049429873,0.10878086528409056,0.12013727323416444,0.12122136684389596,21.03,1024.865
1791168605.862946,69.64737049429873,0.10841994563524131,0.11967601975746309,0.12066357872144154,21.01,1024.864
1791168637.2154038,69.64737049429873,0.1084943841539762,0.1195067537341867,0.12148547162173921,21.03,1024.864
1791168668.5530403,69.64737049429873,0.10905208066018662,0.11998485496898915,0.1204296753620959,21.03,1024.871
1791168699.907483,69.64737049429873,0.10833258390308663,0.11982731407775146,0.12192394480810365,21.05,1024.877
1791168731.2508848,69.64737049429873,0.10811894502577002,0.11945194163376416,0.12147546872300055,21.04,1024.871
1791168762.5924714,69.64737049429873,0.10943405853217412,0.11943342916021946,0.12114662060191886,21.07,1024.876
1791168793.9837976,69.64737049429873,0.10851700786472203,0.11930457956030367,0.12170338564749393,21.08,1024.883
1791168825.3252647,69.64737049429873,0.10809797986276558,0.11947914560259454,0.12072853774087548,21.04,1024.884
1791168856.67386,69.64737049429873,0.10855135988405366,0.12091361883878998,0.12192752722044896,21.04,1024.882
1791168888.0305533,69.64737049429873,0.10787163535137378,0.11972580065792021,0.12085817681715437,21.08,1024.884
1791168919.308921,69.64737049429873,0.10825312848753038,0.11962493680458822,0.12176329055467387,21.08,1024.885
1791168950.648807,69.64737049429873,0.1099300454220067,0.1201035536476317,0.12092533833880616,21.07,1024.882
1791168982.0018456,69.64737049429873,0.10878222963938859,0.11961959281424032,0.12077801771315215,21.05,1024.874
1791169013.3452747,69.64737049429873,0.10847116196121763,0.11966702630362883,0.12077763275198443,21.07,1024.876
1791169044.694815,69.64737049429873,0.10850652860919177,0.1196377094692659,0.12048584213165292,21.05,1024.88
1791169076.0504167,69.64737049429873,0.10891773567113198,0.11973780535818628,0.12120548953800224,21.07,1024.884
1791169107.3949409,69.64737049429873,0.10869910805401554,0.11992948335919644,0.12134424206224491,21.08,1024.877
1791169138.7394276,69.64737049429873,0.10885123904215645,0.11948834355462382,0.12106917561571484,21.1,1024.877
1791169170.075803,69.64737049429873,0.10803399651264593,0.11886594003840086,0.12085215196476601,21.07,1024.877
1791169201.42936,69.64737049429873,0.10828270477353502,0.11924957265975494,0.12079663630581988,21.05,1024.869
1791169232.7629492,69.64737049429873,0.10797677171899837,0.11878979110267805,0.120269909582495,21.03,1024.873
1791169264.1165152,69.64737049429873,0.10881748385814204,0.11924957265975494,0.12015895446864676,21.04,1024.872
1791169295.467721,69.64737049429873,0.10828270477353502,0.11930457956030367,0.120734869220034,21.03,1024.88
1791169326.8063328,69.64737049429873,0.10796271466575325,0.11924957265975494,0.12044374610476112,21.03,1024.878
1791169358.1528132,69.64737049429873,0.10880114417531067,0.12119159369894672,0.12113049743817508,21.04,1024.887
1791169389.485341,69.64737049429873,0.10842836799117152,0.1185575010892075,0.1212473421138766,21.04,1024.89
1791169420.8297775,69.64737049429873,0.10931265768889471,0.11947862496840392,0.12057032867298051,21.01,1024.896
1791169452.1683235,69.64737049429873,0.10817950917939397,0.11943156915667759,0.12123601318782225,21.0,1024.906
1791169483.521899,69.64737049429873,0.10839992508256255,0.12065021711468281,0.12106371336986078,21.0,1024.911
1791169514.8553047,69.64737049429873,0.10879749414727265,0.1191801844860796,0.12088576629764082,20.97,1024.919
1791169546.2067792,69.64737049429873,0.10864634402157165,0.12053456500799624,0.12030345410369321,21.0,1024.923
1791169577.5495055,69.64737049429873,0.10864875879992382,0.11918471887946501,0.12110865007314103,20.97,1024.929
1791169608.8798325,69.64737049429873,0.10816237736335506,0.1186691613361726,0.12066638787527272,20.97,1024.932
1791169640.2274277,69.64737049429873,0.10844782735483888,0.11927548746816603,0.1206106503015212,20.95,1024.938
1791169671.5568435,69.64737049429873,0.10810573617644362,0.11921019904673022,0.12116498224412177,20.94,1024.94
1791169702.8972094,69.64737049429873,0.10928909541844586,0.11957134116882172,0.12064674747327718,20.94,1024.948
1791169734.2307584,69.64737049429873,0.10861432985333001,0.11990473368816287,0.12266172349917755,20.95,1024.945
1791169765.5783677,69.64737049429873,0.10857974069028271,0.11911962500025833,0.12110865007314103,20.95,1024.941
1791169796.9157102,69.64737049429873,0.10831260969984213,0.1190542896863361,0.1214053384938501,20.97,1024.944
1791169828.25432,69.64737049429873,0.10863029222288641,0.11968497088721085,0.12089583658593245,20.95,1024.933
1791169859.594803,69.64737049429873,0.10850292267800794,0.11951652093449223,0.1215426977530239,20.95,1024.937
1791169890.938262,69.64737049429873,0.10858693103249789,0.11957354484013291,0.12163556992476997,20.95,1024.935
1791169922.288836,69.64737049429873,0.10869296213747726,0.11997552563147995,0.12098869358967376,20.95,1024.937
1791169953.64868,69.64737049429873,0.10861163552731076,0.11972035808505972,0.12125710496093679,20.93,1024.937
1791169984.9906838,69.64737049429873,0.10845936925603945,0.11924598714275006,0.12144743099753412,20.91,1024.933
1791170016.3331194,69.64737049429873,0.10861163552731076,0.11914466711423492,0.12097871490286688,20.93,1024.933
1791170047.6798527,69.64737049429873,0.1087152771335963,0.11922011100047994,0.12087174002670932,20.91,1024.931
1791170079.0272777,69.64737049429873,0.10925604551961138,0.11996047994285144,0.12174337336172658,20.93,1024.938
1791170110.3586771,69.64737049429873,0.10861432985333001,0.11991302182730192,0.12139569260571342,20.95,1024.936
1791170141.6871908,69.64737049429873,0.10911962846579427,0.12008791365645748,0.12134424206224491,20.95,1024.94
1791170173.0167432,69.64737049429873,0.10895155592519039,0.12002431507297776,0.1216304861092335,20.94,1024.943
1791170204.35019,69.64737049429873,0.10940534265249324,0.1204296753620959,0.12174337336172658,20.97,1024.952
1791170235.700635,69.64737049429873,0.10999313660238859,0.12234956204796214,0.12254603401232901,20.98,1024.955
1791170267.0473988,69.64737049429873,0.10933092804163892,0.12069425905863747,0.12369656210070629,21.0,1024.961
1791170298.3906124,69.64737049429873,0.10938636914158986,0.12104060027204706,0.12210492159885895,20.98,1024.967
1791170329.740155,69.64737049429873,0.10922719368846363,0.12049992665834752,0.12157301532626567,21.01,1024.973
1791170361.084787,69.64737049429873,0.10847500064020281,0.1197588430723432,0.12265019148359994,21.03,1024.969
1791170392.4170492,69.64737049429873,0.10985062510057302,0.12018398427970509,0.12143790998202392,21.04,1024.973
1791170423.7556388,69.64737049429873,0.1088164122313124,0.11991302182730192,0.12167854729706369,21.03,1024.974
1791170455.1003287,69.64737049429873,0.10903574804173516,0.11928522977106366,0.12134424206224491,21.03,1024.978
1791170486.4427683,69.64737049429873,0.10869910805401554,0.11957134116882172,0.121001898157612,21.03,1024.974
1791170517.7962418,69.64737049429873,0.1087152771335963,0.11954398060855707,0.121001898157612,21.0,1024.974
1791170549.1437058,69.64737049429873,0.10871338411605376,0.11970274736393707,0.12075278727055223,21.0,1024.966
1791170580.4701421,69.64737049429873,0.10935792061021339,0.11903367493653733,0.12138105442079655,20.98,1024.969
1791170611.8137064,69.64737049429873,0.109070075124801,0.1200721281026584,0.12064674747327718,21.01,1024.964
1791170643.1571705,69.64737049429873,0.10896859158893771,0.12087340598643925,0.12116498224412177,21.03,1024.968
1791170674.503576,69.64737049429873,0.10830730181484186,0.12091266533487238,0.12157756265174638,21.04,1024.96
1791170705.8083494,69.64737049429873,0.10937117791727169,0.11943059763103156,0.12120907887564053,21.03,1024.967
1791170737.1336095,69.64737049429873,0.10820355432186919,0.11962141354101302,0.12120907887564053,21.01,1024.965
1791170768.4781067,69.64737049429873,0.10803357422407632,0.11981968355797762,0.12080309642747615,20.98,1024.955
1791170799.8147151,69.64737049429873,0.10819451540967019,0.11948809405282942,0.1205861459265384,20.98,1024.955
1791170831.1550958,69.64737049429873,0.10854172897471805,0.11959071345282325,0.1209550937949225,20.95,1024.958
1791170862.5077786,69.64737049429873,0.10886636494920368,0.12004817236547502,0.12103532896933807,20.97,1024.955
1791170893.8531642,69.64737049429873,0.10915596567065243,0.11986270847054818,0.12120548953800224,20.95,1024.952
1791170925.196681,69.64737049429873,0.10878086528409056,0.12008054857447963,0.12142829935282547,20.97,1024.957
1791170956.5440538,69.64737049429873,0.10896871697984327,0.11972363584525915,0.1209550937949225,20.98,1024.947
1791170987.8776023,69.64737049429873,0.10886566850363015,0.12019405151132138,0.12176810266533002,20.98,1024.953
1791171019.2152522,69.64737049429873,0.1092944908556842,0.12079034472898964,0.12200245501714203,21.0,1024.953
1791171050.567676,69.64737049429873,0.10871338411605376,0.12068338621209397,0.12160439762375283,20.97,1024.946
1791171081.9090846,69.64737049429873,0.1101375366546195,0.12062993529522661,0.12276552372588924,21.0,1024.944
1791171113.2506008,69.64737049429873,0.10914293941149736,0.11990828892045004,0.12222171800392323,21.0,1024.94
1791171144.598318,69.64737049429873,0.10891687781718525,0.1195353331693221,0.12227732250345133,20.98,1024.934
1791171175.9446712,69.64737049429873,0.10965692426878276,0.12142346003678789,0.12105797625312248,21.0,1024.931
1791171207.2910278,69.64737049429873,0.10859278576202054,0.11922608919958973,0.12118938743683022,20.98,1024.932
1791171238.6216743,69.64737049429873,0.10872976811637351,0.12004011210224498,0.12091013856269664,21.01,1024.936
1791171269.9630904,69.64737049429873,0.10883201050025217,0.11971157329871242,0.12154725006970066,21.0,1024.939
1791171301.2925878,69.64737049429873,0.10871338411605376,0.11958159164280698,0.12092215377389824,21.0,1024.936
1791171332.6382458,69.64737049429873,0.10975445804458904,0.12061339698194948,0.12120014738284719,21.01,1024.939
1791171363.967639,69.64737049429873,0.10869504357148951,0.11945063079556313,0.12171885409709458,21.01,1024.943
1791171395.313095,69.64737049429873,0.10936115550161829,0.11975010328209444,0.12113774460855636,21.0,1024.951
1791171426.6448314,69.64737049429873,0.10883201050025217,0.12009652452588132,0.12096695985217293,21.01,1024.96
1791171457.9849453,69.64737049429873,0.10896859158893771,0.11995895489281796,0.12102383457268462,21.04,1024.962
1791171489.3335276,69.64737049429873,0.10962956580213305,0.1200892192110137,0.1217640437478336,21.05,1024.959
1791171520.668128,69.64737049429873,0.10905612370414586,0.12013878182368902,0.12162672720549614,21.03,1024.965
1791171552.020743,69.64737049429873,0.10875971016337768,0.11984208339345165,0.12215696698296427,21.07,1024.968
1791171583.3649132,69.64737049429873,0.10968207284652003,0.12003994077377368,0.12073217868416378,21.05,1024.973
1791171614.7065,69.64737049429873,0.10910724716598705,0.11994222670513233,0.12151492707740602,21.07,1024.97
1791171646.0579953,69.64737049429873,0.10933092804163892,0.12042170231796463,0.1218796296086399,21.05,1024.978
1791171677.4025838,69.64737049429873,0.10891716836774169,0.11914974497099656,0.12153352848368784,21.04,1024.971
1791171708.737926,69.64737049429873,0.10943099734815354,0.12015298999608229,0.12089800994171113,21.05,1024.972
1791171740.0925798,69.64737049429873,0.10888320383266267,0.1202095085877054,0.12096695985217293,21.05,1024.968
1791171771.416942,69.64737049429873,0.10859278576202054,0.12079034472898964,0.12166159894091602,21.04,1024.97
1791171802.7645204,69.64737049429873,0.10915596567065243,0.11987119236425571,0.12334608677695745,21.05,1024.966
1791171834.107967,69.64737049429873,0.10878086528409056,0.1200320138887563,0.12102959525005066,21.03,1024.97
1791171865.4485435,69.64737049429873,0.10886636494920368,0.11974132234215971,0.12119478007514264,21.04,1024.973
1791171896.8010066,69.64737049429873,0.10874457563106474,0.11974494351304721,0.12165300461297901,21.03,1024.976
1791171928.1265695,69.64737049429873,0.10921342359745184,0.11989107468314461,0.12133587970501611,21.05,1024.978
1791171959.4698935,69.64737049429873,0.10881195071426104,0.12007289270521063,0.12126197212609273,21.04,1024.986
1791171990.8185277,69.64737049429873,0.10896897391387897,0.1202044181183252,0.12150074103235232,21.03,1024.993
1791172022.1639163,69.64737049429873,0.10874287936551895,0.11949752841103985,0.12281067612910986,21.05,1024.996
1791172053.5054893,69.64737049429873,0.10909066543665968,0.11967867875042623,0.12127260081096142,21.07,1024.996
1791172084.836917,69.64737049429873,0.10883004486616783,0.12082217316875728,0.12086092733257837,21.04,1024.993
1791172116.1845047,69.64737049429873,0.10843562784975762,0.11990226089098988,0.12076480004783538,21.07,1025.001
1791172147.5169747,69.64737049429873,0.10984533173592544,0.11965799022481194,0.12235223604249312,21.04,1025.003
1791172178.8664463,69.64737049429873,0.10845139942577765,0.11994222670513233,0.12088576629764082,21.05,1025.004
1791172210.200967,69.64737049429873,0.10903775183635182,0.11905176119299984,0.12087960082940533,21.05,1025.008
1791172241.5474238,69.64737049429873,0.10807031832521972,0.11934577508365837,0.12116755995695054,21.07,1025.012
1791172272.8960009,69.64737049429873,0.10851893922496443,0.12011341768879656,0.12140387231826806,21.05,1025.021
1791172304.2363746,69.64737049429873,0.10860328904574527,0.11883777054949522,0.12140387231826806,21.05,1025.019
1791172335.5890872,69.64737049429873,0.10797414618395636,0.11888381328432852,0.12097074331463512,21.03,1025.026
1791172366.926492,69.64737049429873,0.10877663820683063,0.1186436687367426,0.12042814707003448,21.03,1025.021
1791172398.2710218,69.64737049429873,0.10788482864116905,0.11912372669055994,0.12037016256043115,21.0,1025.031
1791172429.6195345,69.64737049429873,0.10821883888009645,0.11920168301105291,0.12055134476043117,21.0,1025.033
1791172460.9658258,69.64737049429873,0.10874287936551895,0.1192789698280419,0.12086092733257837,21.01,1025.037
1791172492.3075118,69.64737049429873,0.10857066658708825,0.11993380286497543,0.12069425905863747,20.98,1025.038
1791172523.6030283,69.64737049429873,0.10924525484849551,0.11934577508365837,0.120815844536951,21.0,1025.042
1791172554.9394062,69.64737049429873,0.10822478525445314,0.11863321734138331,0.12057925201592795,21.0,1025.039
1791172586.2819304,69.64737049429873,0.10843142935042958,0.11975384557554965,0.12039982452760115,21.0,1025.039
1791172617.6254334,69.64737049429873,0.108709506173881,0.12123067755803774,0.12093708310758587,21.0,1025.028
1791172648.965785,69.64737049429873,0.1085544949089938,0.11906228024150739,0.12170211963238224,21.01,1025.031
1791172680.3113232,69.64737049429873,0.10791629170225797,0.11904119193188935,0.12047162384254831,21.04,1025.033
1791172711.6638083,69.64737049429873,0.1074959693444016,0.118870963023829,0.12022005444094044,21.01,1025.02
1791172742.9932604,69.64737049429873,0.10815175507444288,0.11978451964630593,0.12011341768879656,21.01,1025.005
1791172774.3228004,69.64737049429873,0.10851539479717875,0.11932599281939724,0.12102887711440118,21.01,1025.004
1791172805.6683366,69.64737049429873,0.10921131234822154,0.11962141354101302,0.12139393787070772,21.03,1024.99
1791172837.0269606,69.64737049429873,0.10879496173172952,0.11889485189505904,0.12086092733257837,21.04,1024.98
1791172868.3703036,69.64737049429873,0.10931854253066638,0.11960286141252993,0.12073217868416378,21.05,1024.969
1791172899.7089443,69.64737049429873,0.10820355432186919,0.1196306231864149,0.12168074897554557,21.03,1024.967
1791172931.0623617,69.64737049429873,0.10822478525445314,0.11951652093449223,0.12139891694999151,21.03,1024.965
1791172962.4048314,69.64737049429873,0.10950574687925783,0.118870963023829,0.12039982452760115,21.03,1024.957
1791172993.7553704,69.64737049429873,0.10872614497769234,0.11999094407490533,0.1203424339433634,21.04,1024.958
1791173025.096956,69.64737049429873,0.10857066658708825,0.11933590755915212,0.12087340598643925,21.01,1024.945
1791173056.4242697,69.64737049429873,0.10851893922496443,0.1192789698280419,0.12080948569546598,21.03,1024.947
1791173087.764875,69.64737049429873,0.10834358465437827,0.11921190909103517,0.12110420132272876,21.01,1024.943
1791173119.1133325,69.64737049429873,0.10799665447369027,0.11909804329784951,0.12033493803450016,21.03,1024.942
1791173150.4647512,69.64737049429873,0.10862244328614892,0.11867836480829473,0.12110420132272876,21.04,1024.939
1791173181.8213358,69.64737049429873,0.10816688308184136,0.11924868653297688,0.12062310992893628,21.04,1024.932
1791173213.1688113,69.64737049429873,0.10881195071426104,0.11931603052469972,0.12191897240511332,21.03,1024.931
1791173244.5102818,69.64737049429873,0.10835925020331877,0.1199658291914601,0.12050054731620036,21.05,1024.928
1791173275.8487527,69.64737049429873,0.10851539479717875,0.11948796372922363,0.12144718569695007,21.04,1024.932
1791173307.201369,69.64737049429873,0.10811497714754043,0.11931603052469972,0.12049338465382235,21.03,1024.923
1791173338.5427547,69.64737049429873,0.10983989619269456,0.12050767570586038,0.12109280571195068,21.01,1024.916
1791173369.8913548,69.64737049429873,0.10869084684122907,0.12121992981667956,0.12139393787070772,21.01,1024.916
1791173401.2368042,69.64737049429873,0.10853504760544137,0.12021225498424458,0.12121992981667956,21.01,1024.917
1791173432.5694256,69.64737049429873,0.10874287936551895,0.12057232518156827,0.12115648947811643,21.03,1024.918
1791173463.913733,69.64737049429873,0.10843142935042958,0.1218099243381325,0.12210492159885895,21.0,1024.913
1791173495.2322204,69.64737049429873,0.10891687781718525,0.11969679010439402,0.12116203793505577,21.01,1024.904
1791173526.584905,69.64737049429873,0.10924525484849551,0.1195828421077215,0.1213460857726686,21.01,1024.907
1791173557.912299,69.64737049429873,0.10822478525445314,0.1197627053057785,0.120815844536951,21.01,1024.904
1791173589.258721,69.64737049429873,0.10889927627664872,0.12115091439585206,0.12075833788435289,21.01,1024.906
1791173620.5933907,69.64737049429873,0.1088642414746685,0.1199658291914601,0.12168506410770101,21.03,1024.902
1791173651.9156973,69.64737049429873,0.10865537940119392,0.11989970249296074,0.12174345699804805,21.01,1024.902
1791173683.2432885,69.64737049429873,0.10907390806205115,0.11943059763103156,0.12084832862829148,21.03,1024.904
1791173714.5918427,69.64737049429873,0.10962956580213305,0.12116203793505577,0.12121992981667956,21.05,1024.905
1791173745.9321651,69.64737049429873,0.10891687781718525,0.11970578121793757,0.12234146344203078,21.05,1024.905
1791173777.2677352,69.64737049429873,0.10936444249696024,0.11982837022423683,0.1205288576808823,21.08,1024.898
1791173808.6153173,69.64737049429873,0.11023134447324404,0.12016269486431493,0.12105797625312248,21.05,1024.893
1791173839.9557173,69.64737049429873,0.10896884440485664,0.11999094407490533,0.12104641990058794,21.05,1024.889
1791173871.2841685,69.64737049429873,0.10905528891060992,0.11993380286497543,0.12105221182851074,21.07,1024.89
1791173902.6178768,69.64737049429873,0.10900338011803884,0.1195828421077215,0.12140387231826806,21.07,1024.886
1791173933.9562256,69.64737049429873,0.10895152071767657,0.1205861459265384,0.1213460857726686,21.08,1024.886
1791173965.3018398,69.64737049429873,0.10853841520679784,0.11926892367423282,0.12087960082940533,21.08,1024.884
1791173996.6507757,69.64737049429873,0.10856754304443113,0.1191341840902634,0.12062310992893628,21.05,1024.887
1791174027.996619,69.64737049429873,0.10869084684122907,0.12027746880482452,0.12026210049255809,21.07,1024.877
1791174059.2962298,69.64737049429873,0.10879496173172952,0.11955481658917214,0.12092493255595309,21.07,1024.878
1791174090.6238217,69.64737049429873,0.10881195071426104,0.11972701117179972,0.12073876551278585,21.13,1024.868
1791174121.9461787,69.64737049429873,0.10865537940119392,0.12003170251907595,0.12180190595717687,21.11,1024.863
1791174153.291712,69.64737049429873,0.10874287936551895,0.11974494351304721,0.12156844621094834,21.08,1024.866
1791174184.622375,69.64737049429873,0.10872614497769234,0.11928896816356364,0.12068760048805424,21.11,1024.849
1791174215.9705873,69.64737049429873,0.10881309319547575,0.11986811985222391,0.12075833788435289,21.11,1024.847
1791174247.3181372,69.64737049429873,0.10857066658708825,0.11952594942715866,0.12104641990058794,21.11,1024.835
1791174278.6490955,69.64737049429873,0.10867426939276563,0.11922208640345593,0.12257992788090218,21.13,1024.835
1791174309.920117,69.64737049429873,0.10857066658708825,0.1195828421077215,0.12163556992476997,21.14,1024.822
1791174341.2727048,69.64737049429873,0.10841563222972314,0.11924229611440737,0.12052183064629249,21.13,1024.816
1791174372.6162362,69.64737049429873,0.10838430714245514,0.1195353331693221,0.12035731907811309,21.13,1024.815
1791174403.9627323,69.64737049429873,0.10826104000612685,0.11944994625232074,0.12129355549881045,21.11,1024.807
1791174435.3002157,69.64737049429873,0.10933400365659503,0.12055837179365608,0.12086718155831203,21.11,1024.795
1791174466.6436994,69.64737049429873,0.10856754304443113,0.11989970249296074,0.12138893490982586,21.11,1024.791
1791174497.9832149,69.64737049429873,0.1095629416495996,0.1191341840902634,0.12221567083535069,21.13,1024.785
1791174529.3276448,69.64737049429873,0.10875971016337768,0.11920168301105291,0.1212672992317174,21.11,1024.777
1791174560.6880405,69.64737049429873,0.10853504760544137,0.11957354484013291,0.12073876551278585,21.08,1024.787
1791174592.0146499,69.64737049429873,0.108709506173881,0.12010538999656485,0.12063672812727029,21.07,1024.79
1791174623.358194,69.64737049429873,0.10851893922496443,0.11993380286497543,0.12093102231117717,21.05,1024.788
1791174654.6796305,69.64737049429873,0.10938286914163288,0.11947862496840392,0.12140387231826806,21.08,1024.79
1791174686.0370858,69.64737049429873,0.10936444249696024,0.11978903350099868,0.12094311515125253,21.1,1024.795
1791174717.3835492,69.64737049429873,0.11120109721714337,0.11990226089098988,0.12136121399264747,21.11,1024.792
1791174748.7271862,69.64737049429873,0.10958600592916515,0.12042892601598812,0.1217105264279529,21.14,1024.794
1791174780.0716915,69.64737049429873,0.10858988199494164,0.11936536982960105,0.12141859783876373,21.15,1024.807
1791174811.4150622,69.64737049429873,0.10829712284487739,0.12007250389021755,0.12059300714757654,21.13,1024.807
1791174842.7614987,69.64737049429873,0.10850292267800794,0.12003994077377368,0.12077763275198443,21.13,1024.803
1791174874.1001787,69.64737049429873,0.10900379105083441,0.11883777054949522,0.12115648947811643,21.13,1024.796
1791174905.450679,69.64737049429873,0.10930006235193239,0.11966955789036211,0.1206162517941042,21.11,1024.8
1791174936.7750406,69.64737049429873,0.10900379105083441,0.11919140781214134,0.12239473303871319,21.15,1024.796
1791174968.1285303,69.64737049429873,0.1087075197497364,0.12003170251907595,0.12097074331463512,21.13,1024.797
1791174999.45416,69.64737049429873,0.10858693103249789,0.12003994077377368,0.12080309642747615,21.14,1024.79
1791175030.7986083,69.64737049429873,0.10891687781718525,0.11929891902139994,0.1218099243381325,21.17,1024.787
1791175062.1370943,69.64737049429873,0.10839992508256255,0.11929891902139994,0.12041444433406628,21.14,1024.787
1791175093.487527,69.64737049429873,0.10874457563106474,0.11894925905949266,0.120707481388981,21.11,1024.785
1791175124.8370159,69.64737049429873,0.10814328457004527,0.11978903350099868,0.12035731907811309,21.05,1024.79
1791175156.1795056,69.64737049429873,0.1092429101369474,0.11973249996123475,0.12124660886840345,21.08,1024.792
1791175187.510136,69.64737049429873,0.10907196072513774,0.12007250389021755,0.12153812394188443,21.08,1024.786
1791175218.8515391,69.64737049429873,0.10866015514670921,0.11945063079556313,0.12206016935391156,21.1,1024.787
1791175250.1981335,69.64737049429873,0.10859278576202054,0.11970578121793757,0.12096104079741102,21.11,1024.782
1791175281.545587,69.64737049429873,0.10884709401151044,0.11979337381102677,0.120815844536951,21.11,1024.77
1791175312.8870664,69.64737049429873,0.10860328904574527,0.11944029510921561,0.12079667651407552,21.1,1024.768
1791175344.234592,69.64737049429873,0.10846329662260952,0.11901990132682456,0.12062310992893628,21.05,1024.755
1791175375.5680804,69.64737049429873,0.10862244328614892,0.11935559572938237,0.12091881363386645,21.04,1024.743
1791175406.9105744,69.64737049429873,0.10823063607772898,0.11955396767051711,0.12100051844389573,21.01,1024.738
1791175438.253019,69.64737049429873,0.10876281474304131,0.11984562045234078,0.12101223157963546,21.0,1024.73
1791175469.5976772,69.64737049429873,0.10876281474304131,0.1189144882805558,0.12124660886840345,21.0,1024.725
1791175500.927128,69.64737049429873,0.10845541625173417,0.11933825437577904,0.12118938743683022,20.98,1024.716
1791175532.2735195,69.64737049429873,0.10883201050025217,0.11945063079556313,0.12102383457268462,21.0,1024.711
1791175563.6010516,69.64737049429873,0.10838884626991041,0.11981499138110978,0.12079034472898964,20.98,1024.701
1791175594.9386091,69.64737049429873,0.10895154437616743,0.11954398060855707,0.12097285115575536,21.01,1024.702
1791175626.2769291,69.64737049429873,0.10940892943332098,0.11983209474412539,0.12069643715083037,21.03,1024.698
1791175657.621626,69.64737049429873,0.1085224266980605,0.1195828421077215,0.12121080671700118,21.01,1024.693
1791175688.9641063,69.64737049429873,0.11046337117092375,0.1206162517941042,0.12146171392746186,21.04,1024.685
1791175720.3095477,69.64737049429873,0.10905612370414586,0.1200973239292466,0.1212672992317174,21.05,1024.687
1791175751.660023,69.64737049429873,0.10844731721998091,0.12110985842760953,0.12146171392746186,21.08,1024.673
1791175782.984428,69.64737049429873,0.108709506173881,0.12041444433406628,0.12105221182851074,21.08,1024.666
1791175814.3150823,69.64737049429873,0.1095531268172314,0.11915993924896655,0.120707481388981,21.11,1024.664
1791175845.640582,69.64737049429873,0.10959979457682516,0.12079034472898964,0.12108076279963177,21.11,1024.667
1791175876.972898,69.64737049429873,0.11023159082790988,0.11923606149378697,0.1240432920512474,21.11,1024.67
1791175908.3035357,69.64737049429873,0.1086624860030365,0.11923606149378697,0.12062683095173864,21.11,1024.667
1791175939.6380942,69.64737049429873,0.10929177165541605,0.12027362530997004,0.12149481883113404,21.08,1024.668
1791175970.9934714,69.64737049429873,0.10901977693652405,0.11968497088721085,0.12149015620299775,21.08,1024.674
1791176002.3339806,69.64737049429873,0.10820057506656283,0.11935764580888018,0.1207335530471505,21.07,1024.682
1791176033.6853988,69.64737049429873,0.10812032537459804,0.11972035808505972,0.12161317517594399,21.11,1024.686
1791176065.03023,69.64737049429873,0.10856392648131888,0.11991909051706329,0.12139083594894098,21.11,1024.696
1791176096.3705719,69.64737049429873,0.10869296213747726,0.11992533881367766,0.12072708120858887,21.13,1024.713
1791176127.66809,69.64737049429873,0.10844731721998091,0.11949752841103985,0.12027746880482452,21.1,1024.723
1791176159.013567,69.64737049429873,0.10825540321153658,0.12022005444094044,0.12055837179365608,21.07,1024.729
1791176190.3568842,69.64737049429873,0.10874457563106474,0.12141859783876373,0.12235223604249312,21.07,1024.746
1791176221.7104197,69.64737049429873,0.10896859158893771,0.11976754200148647,0.12223658585364205,21.07,1024.749
1791176253.0720532,69.64737049429873,0.10935792061021339,0.11984058670446368,0.12069643715083037,21.08,1024.757
1791176284.425328,69.64737049429873,0.10844382528341928,0.11937685651208206,0.12127780394569153,21.1,1024.772
1791176315.770916,69.64737049429873,0.10834284877464084,0.11967343741027907,0.12052770190457288,21.1,1024.776
1791176347.1166255,69.64737049429873,0.10869910805401554,0.11928522977106366,0.12110865007314103,21.07,1024.78
1791176378.4609044,69.64737049429873,0.10858267042875581,0.12021440642332605,0.12065987139928416,21.08,1024.782
1791176409.7974484,69.64737049429873,0.10910240692227163,0.12055496419600083,0.12135409867984445,21.08,1024.789
1791176441.152965,69.64737049429873,0.10858267042875581,0.12043672699715927,0.12106917561571484,21.08,1024.797
1791176472.499449,69.64737049429873,0.1084824973879579,0.11965565688109796,0.1210076269801269,21.08,1024.801
1791176503.829886,69.64737049429873,0.10860889798840605,0.11977152300497364,0.12115416356059357,21.08,1024.797
1791176535.1853156,69.64737049429873,0.10872614497769234,0.12075833788435289,0.12047162384254831,21.04,1024.801
1791176566.5328553,69.64737049429873,0.10881421731839204,0.11926231488869343,0.12152427200848957,21.05,1024.803
1791176597.8734176,69.64737049429873,0.10813499657669148,0.11935764580888018,0.12049290099704775,21.05,1024.805
1791176629.2148778,69.64737049429873,0.10878222963938859,0.1193309154033133,0.12167011279392746,21.05,1024.8
1791176660.5683792,69.64737049429873,0.10853256079401244,0.12022192441458471,0.12099614272532866,21.03,1024.818
1791176691.9149504,69.64737049429873,0.10945206760077639,0.12113589652567532,0.12221179435475968,21.07,1024.826
1791176723.257363,69.64737049429873,0.10836739128475649,0.11904026766349861,0.12113589652567532,21.1,1024.831
1791176754.5859458,69.64737049429873,0.10871897483545112,0.11984403992161564,0.12295258898017983,21.07,1024.826
1791176785.9123156,69.64737049429873,0.10858555453480674,0.11967963744223666,0.12085817681715437,21.11,1024.833
1791176817.2577293,69.64737049429873,0.10861959289588177,0.11916949513907173,0.12244681985810268,21.11,1024.846
1791176848.6045644,69.64737049429873,0.11005014246769122,0.11956133476468672,0.12046461049795015,21.14,1024.856
1791176879.951765,69.64737049429873,0.10994935942910383,0.12136871420214085,0.12272728782426318,21.13,1024.847
1791176911.2973561,69.64737049429873,0.10984876081422092,0.12283836389113116,0.12283983509581417,21.14,1024.85
1791176942.6270263,69.64737049429873,0.10990645556852971,0.11951595591363079,0.12340585301294978,21.1,1024.853
1791176973.965242,69.64737049429873,0.10857974069028271,0.12157852696309454,0.12129307697161071,21.13,1024.852
1791177005.313937,69.64737049429873,0.10843248014664922,0.11910499985525091,0.12289214057681112,21.13,1024.862
1791177036.6543715,69.64737049429873,0.10890178120123323,0.12160454108790904,0.12278353566894704,21.13,1024.866
1791177068.0047832,69.64737049429873,0.10883575907719205,0.1185188592568447,0.1210414513030582,21.13,1024.872
1791177099.349229,69.64737049429873,0.1086872050155121,0.11941590424543229,0.12082106559927731,21.13,1024.87
1791177130.6808412,69.64737049429873,0.10825853442279354,0.11954265523245458,0.121553503401362,21.1,1024.879
1791177162.0073211,69.64737049429873,0.1083421509420765,0.11926264262519513,0.12088789139279268,21.13,1024.868
1791177193.3538353,69.64737049429873,0.10816024722545975,0.11926264262519513,0.12301438915332219,21.1,1024.864
1791177224.6922214,69.64737049429873,0.10923172916361416,0.11965118720739107,0.12435927082349642,21.04,1024.868
1791177256.0408714,69.64737049429873,0.11025223595770155,0.12032812005410369,0.12323871218202365,21.03,1024.859
1791177287.389215,69.64737049429873,0.11114227701467103,0.12139263189649953,0.12195214958943303,21.01,1024.857
1791177318.729875,69.64737049429873,0.10964276034489585,0.1193802259412102,0.1222873197395152,21.01,1024.847
1791177350.0763407,69.64737049429873,0.10941257894966804,0.11949749015674999,0.12223190843589979,20.98,1024.835
1791177381.4029238,69.64737049429873,0.10786645353628017,0.1186378303826045,0.12335123572151895,21.0,1024.83
1791177412.7372208,69.64737049429873,0.11050270652221211,0.12037565323740392,0.12065630226528674,21.0,1024.82
1791177444.0767875,69.64737049429873,0.10769749139793888,0.11847633795576441,0.12060148096959578,20.97,1024.811
1791177475.421216,69.64737049429873,0.10801315060294553,0.11836892036869215,0.12066270566149238,20.97,1024.803
1791177506.7648258,69.64737049429873,0.1080970220894937,0.11815466848331503,0.11971407881769901,21.0,1024.797
1791177538.1184123,69.64737049429873,0.10898447571707179,0.11932618088939421,0.12016469752498794,21.03,1024.789
1791177569.457825,69.64737049429873,0.1093630014984291,0.11993145403621867,0.12184173079617536,21.04,1024.785
1791177600.7915113,69.64737049429873,0.10759971356780455,0.1188103867209083,0.12211815354055089,21.01,1024.783
1791177632.1358554,69.64737049429873,0.10689360792556751,0.11859504343183198,0.12077225452270145,21.01,1024.782
1791177663.481211,69.64737049429873,0.10913269328032354,0.11982266783971404,0.12307118497530005,21.01,1024.768
1791177694.8216987,69.64737049429873,0.10839131018250958,0.11780914903000314,0.1220074340701707,21.01,1024.777
1791177726.164389,69.64737049429873,0.10731944673897696,0.11897240809798977,0.11948846304607016,21.05,1024.773
1791177757.5128684,69.64737049429873,0.10708779205424403,0.11869175907010693,0.11975991643231379,21.05,1024.774
1791177788.8602586,69.64737049429873,0.10733151660236519,0.11910059380274031,0.12055335535709927,21.1,1024.77
1791177820.18775,69.64737049429873,0.10767147617004279,0.11956043217800942,0.12240074188657116,21.07,1024.764
1791177851.5162897,69.64737049429873,0.10752570509320722,0.11894923134648348,0.12128768233464718,21.07,1024.759
1791177882.8598223,69.64737049429873,0.1097546858255538,0.11872418701975056,0.120117928950182,21.04,1024.759
1791177914.1553376,69.64737049429873,0.10785299996238525,0.1194434653910673,0.12067542572235458,21.08,1024.757
1791177945.503782,69.64737049429873,0.1070764118485348,0.11887480227829873,0.12173151177439664,21.07,1024.753
1791177976.8483973,69.64737049429873,0.10727075154103682,0.11902651346748779,0.12055335535709927,21.07,1024.748
1791178008.1948137,69.64737049429873,0.10850503570514151,0.11924342795490055,0.12043039676408457,21.05,1024.751
1791178039.5273788,69.64737049429873,0.10822387545404191,0.11979761598836518,0.1208760867535238,21.08,1024.748
1791178070.8657846,69.64737049429873,0.10795653130873498,0.11906056019388532,0.1210966734107734,21.07,1024.737
1791178102.1933172,69.64737049429873,0.10951621316655685,0.12024427212421886,0.12182676124781056,21.05,1024.743
1791178133.5358157,69.64737049429873,0.10813969976258987,0.11895182422553446,0.12171151359130376,21.07,1024.744
1791178164.8823378,69.64737049429873,0.1082731823810997,0.11889753068738561,0.1215447018601989,21.1,1024.75
1791178196.2357798,69.64737049429873,0.11187895871833668,0.11967963744223666,0.1205333267304176,21.11,1024.746
1791178227.5594547,69.64737049429873,0.10845564568544121,0.12032812005410369,0.12060800572344818,21.07,1024.754
1791178258.89597,69.64737049429873,0.10959310109476385,0.12089375366777914,0.12307118497530005,21.05,1024.759
1791178290.2513216,69.64737049429873,0.10786645353628017,0.11897240809798977,0.12234535448074059,21.04,1024.76
1791178321.5959306,69.64737049429873,0.1086872050155121,0.11940663336970599,0.12239583337932007,21.03,1024.759
1791178352.935348,69.64737049429873,0.10787163535137378,0.11979761598836518,0.1210966734107734,21.04,1024.76
1791178384.2869349,69.64737049429873,0.10976717817432999,0.11832215565499438,0.12182676124781056,21.03,1024.763
1791178415.629455,69.64737049429873,0.10741742390789746,0.11862555817210738,0.12120206776505567,21.04,1024.769
1791178446.9808424,69.64737049429873,0.10749208121860422,0.11849336148924094,0.1195342329890472,21.01,1024.765
1791178478.3222864,69.64737049429873,0.1082774167665274,0.11898871159197227,0.11992127162918545,20.95,1024.771
1791178509.6559544,69.64737049429873,0.10908632350635866,0.11877894351722984,0.12070936684913487,21.01,1024.774
1791178541.0113854,69.64737049429873,0.10823287155413337,0.11862555817210738,0.12175139543916616,21.03,1024.775
1791178572.33394,69.64737049429873,0.10955271771274022,0.11947914560259454,0.12203990789405605,21.04,1024.783
1791178603.6884394,69.64737049429873,0.10811239248664346,0.11935010757320764,0.12038821397692395,21.05,1024.788
1791178635.0349782,69.64737049429873,0.10940534265249324,0.11904400626088853,0.12049243568516325,21.07,1024.791
1791178666.355312,69.64737049429873,0.10803399651264593,0.1191447389044214,0.12260290250610101,21.05,1024.79
1791178697.704916,69.64737049429873,0.11008298705107557,0.11984738113759415,0.1218380138801827,21.05,1024.797
1791178729.0353854,69.64737049429873,0.10813174834847154,0.1191545611247655,0.12045788493360542,21.03,1024.799
1791178760.3798866,69.64737049429873,0.10850503570514151,0.11972580065792021,0.12413545646863255,21.01,1024.803
1791178791.7203324,69.64737049429873,0.10978611408930303,0.12079045868320613,0.12210252731022964,20.97,1024.807
1791178823.0468967,69.64737049429873,0.10958962732077415,0.11899911837330561,0.12226808975240516,20.98,1024.807
1791178854.4012637,69.64737049429873,0.10947425805445027,0.11927548746816603,0.1204855099212791,20.97,1024.807
1791178885.7558212,69.64737049429873,0.11018072422968955,0.11980193478504414,0.12271679798249127,20.95,1024.804
1791178917.0924506,69.64737049429873,0.109640318621585,0.1197550914482875,0.12169105268054907,20.97,1024.809
1791178948.4478607,69.64737049429873,0.10920319892507165,0.11985745256657979,0.12055496419600083,20.93,1024.803
1791178979.7954085,69.64737049429873,0.10770439733694447,0.11829322177602655,0.12266172349917755,20.93,1024.799
1791179011.1338768,69.64737049429873,0.10771781163435454,0.11858039782283608,0.11944192596326464,20.91,1024.803
1791179042.4753196,69.64737049429873,0.107417887622153,0.11876804563934752,0.12076546111543722,20.93,1024.795
1791179073.809842,69.64737049429873,0.10780445242041532,0.11892288936142083,0.12070291704920039,20.94,1024.792
1791179105.1573465,69.64737049429873,0.10834764007183793,0.11851632160872048,0.12179598621451475,20.93,1024.784
1791179136.5038316,69.64737049429873,0.10986788653229947,0.12034717102820072,0.1214148955167326,20.93,1024.784
1791179167.8503811,69.64737049429873,0.10750346382744005,0.12170745893658001,0.12283983509581417,20.95,1024.775
1791179199.204879,69.64737049429873,0.10808364672384717,0.11884463651496584,0.12255674105600563,20.95,1024.767
1791179230.5463207,69.64737049429873,0.10765443940997885,0.11910951218101742,0.11952511556721551,20.98,1024.767
1791179261.896881,69.64737049429873,0.10837800417280286,0.12076546111543722,0.12197328037377707,21.01,1024.77
1791179293.2402754,69.64737049429873,0.1084787786399556,0.11897825635972696,0.12128291860152242,21.03,1024.765
1791179324.584959,69.64737049429873,0.10758069123905115,0.11863557967611144,0.1196088296081212,21.01,1024.766
1791179355.9173386,69.64737049429873,0.10753058150485974,0.1186908129114814,0.12070291704920039,21.03,1024.762
1791179387.2589111,69.64737049429873,0.10834284877464084,0.11788336559336958,0.12179598621451475,21.03,1024.769
1791179418.5984025,69.64737049429873,0.10805540532639527,0.11828113065799774,0.12041547360095482,21.01,1024.779
1791179449.9477417,69.64737049429873,0.10820653866856379,0.11862428136406904,0.11983209474412539,21.04,1024.791
1791179481.290295,69.64737049429873,0.10728073142147238,0.11898871159197227,0.12133429362287285,21.05,1024.795
1791179512.6391025,69.64737049429873,0.10794081622925482,0.11928522977106366,0.11996047994285144,21.04,1024.803
1791179543.9893382,69.64737049429873,0.10797677171899837,0.11976367474609026,0.12225965719305304,21.07,1024.815
1791179575.3327947,69.64737049429873,0.1094883852094829,0.12055496419600083,0.12123702402930131,21.03,1024.83
1791179606.6763558,69.64737049429873,0.1094883852094829,0.1189439981708041,0.12181151562338524,21.0,1024.839
1791179638.0149302,69.64737049429873,0.10864875879992382,0.11848180159235891,0.12151780801352419,21.0,1024.842
1791179669.3533573,69.64737049429873,0.10962694877024519,0.12265791527044292,0.12237060558513353,21.03,1024.852
1791179700.7098303,69.64737049429873,0.10824206013769336,0.11834826999080204,0.12237060558513353,21.03,1024.851
1791179732.00432,69.64737049429873,0.10800512131966393,0.11984058670446368,0.12047156161549703,21.0,1024.857
1791179763.3517272,69.64737049429873,0.10773130105025576,0.11936727359343545,0.12070291704920039,20.95,1024.852
1791179794.696213,69.64737049429873,0.10840870866226053,0.11977620035541255,0.12080919003174795,20.95,1024.855
1791179826.0289533,69.64737049429873,0.1079690306941416,0.11920024085974079,0.12092811934675606,20.98,1024.856
1791179857.3773174,69.64737049429873,0.10806984672400115,0.12006418010324843,0.1225988129391837,20.97,1024.854
1791179888.7287114,69.64737049429873,0.10825701044197747,0.11943251259964732,0.12110312460081828,20.98,1024.857
1791179920.0753582,69.64737049429873,0.10857974069028271,0.11899911837330561,0.12225396999330909,20.98,1024.858
1791179951.4158633,69.64737049429873,0.10901872733780651,0.11912969112847166,0.12060400781454418,20.97,1024.858
1791179982.7672346,69.64737049429873,0.10817701590076936,0.12071578675985395,0.12071578675985395,20.97,1024.867
1791180014.0948756,69.64737049429873,0.10831260969984213,0.12140052673522514,0.1230617063441765,20.98,1024.86
1791180045.4263816,69.64737049429873,0.10841299665625749,0.11881230981256187,0.12134424206224491,21.0,1024.87
1791180076.763874,69.64737049429873,0.10886705037559212,0.11949750873203961,0.12001627805688368,21.0,1024.873
1791180108.117582,69.64737049429873,0.10815611393529656,0.11989640694391315,0.12127780394569153,21.0,1024.875
1791180139.4608202,69.64737049429873,0.10912094968548511,0.11903367493653733,0.12139083594894098,21.01,1024.877
1791180170.8062701,69.64737049429873,0.1079186931831514,0.12179205859026368,0.12184889369310366,21.03,1024.886
1791180202.1457906,69.64737049429873,0.10817085120366324,0.11965565688109796,0.12305877646083424,21.01,1024.885
1791180233.4822528,69.64737049429873,0.10812032537459804,0.1185575010892075,0.12080919003174795,20.98,1024.885
1791180264.838704,69.64737049429873,0.10845936925603945,0.11936727359343545,0.12028860940346488,21.0,1024.886
1791180296.1802897,69.64737049429873,0.10783194208693553,0.11896775233742042,0.12282787304538544,21.0,1024.894
1791180327.557799,69.64737049429873,0.10825701044197747,0.11874609760074539,0.12040832301526204,21.01,1024.903
1791180358.9062731,69.64737049429873,0.10896846818381944,0.11937685651208206,0.1211595855121217,21.0,1024.903
1791180390.236705,69.64737049429873,0.10800512131966393,0.12001627805688368,0.1228293926895545,21.0,1024.908
1791180421.5744839,69.64737049429873,0.10863029222288641,0.12012803015270924,0.12271502118691938,21.0,1024.918
1791180452.9097195,69.64737049429873,0.10799090705173593,0.11938639487770665,0.12070291704920039,21.01,1024.924
1791180484.2532825,69.64737049429873,0.11006750946411427,0.12035943778796779,0.12093405715858656,21.0,1024.929
1791180515.5997734,69.64737049429873,0.11064239636060541,0.11949750873203961,0.12122136684389596,20.98,1024.945
1791180546.9463265,69.64737049429873,0.10873153663154198,0.12133429362287285,0.12242757773867381,20.97,1024.941
1791180578.2898002,69.64737049429873,0.1086808908480275,0.11932125227232927,0.12277218030183254,20.95,1024.956
1791180609.6234488,69.64737049429873,0.10972897943152028,0.1195531432562181,0.12110312460081828,20.95,1024.947
1791180640.972675,69.64737049429873,0.10758069123905115,0.11995227920832746,0.1224846029660406,20.98,1024.949
1791180672.313122,69.64737049429873,0.10839331351223556,0.11897825635972696,0.12254168134143181,20.97,1024.942
1791180703.6668668,69.64737049429873,0.10920517911937756,0.11915474991645512,0.12127780394569153,20.98,1024.945
1791180734.9962254,69.64737049429873,0.11004754352186379,0.11825038172318954,0.12035943778796779,20.97,1024.939
1791180766.338764,69.64737049429873,0.10869910805401554,0.11951595591363079,0.1204855099212791,20.97,1024.938
1791180797.6942456,69.64737049429873,0.10834284877464084,0.12087780619731224,0.12116498224412177,21.0,1024.928
1791180829.0416942,69.64737049429873,0.10972897943152028,0.11989640694391315,0.12420837082453463,20.97,1024.919
1791180860.3752944,69.64737049429873,0.10810573617644362,0.11943251259964732,0.1210467162870809,20.97,1024.916
1791180891.721626,69.64737049429873,0.10825701044197747,0.11898871159197227,0.12179205859026368,20.97,1024.909
1791180923.067367,69.64737049429873,0.10976090078815702,0.11859176649902038,0.12214324623010372,20.94,1024.909
1791180954.4096553,69.64737049429873,0.10799090705173593,0.1189334682667732,0.1207717539682677,20.95,1024.899
1791180985.7532775,69.64737049429873,0.10895155592519039,0.11871300697554756,0.11956226334435982,20.97,1024.899
1791181017.1068296,69.64737049429873,0.10851356986780675,0.12151780801352419,0.12123182914211085,20.97,1024.893
1791181048.4512725,69.64737049429873,0.10917014910319343,0.1202624817470542,0.12203324015346302,20.98,1024.89
1791181079.7936928,69.64737049429873,0.10782707440962916,0.120269909582495,0.12043672699715927,20.97,1024.896
1791181111.1241674,69.64737049429873,0.10787692737187124,0.11843857705677253,0.12038106979825841,20.95,1024.895
1791181142.4637876,69.64737049429873,0.1077275065882383,0.11878979110267805,0.12015127700567543,20.94,1024.903
1791181173.810315,69.64737049429873,0.10814781981735697,0.11868025200117042,0.12044374610476112,20.95,1024.902
1791181205.1547947,69.64737049429873,0.10733106735985026,0.11878979110267805,0.1201035536476317,20.97,1024.912
1791181236.4791794,69.64737049429873,0.10832768711962325,0.1187019357157785,0.1202624817470542,20.95,1024.91
1791181267.8136306,69.64737049429873,0.11009865942996547,0.1190542896863361,0.12162618854271158,20.94,1024.92
1791181299.1602428,69.64737049429873,0.10789077185378076,0.11934053373332472,0.1204296753620959,20.94,1024.922
1791181330.5036685,69.64737049429873,0.1084979905096294,0.120269909582495,0.120269909582495,20.93,1024.935
1791181361.845248,69.64737049429873,0.10752892157577414,0.11897529725607639,0.12101332937698984,20.94,1024.935
1791181393.177795,69.64737049429873,0.11135837097060852,0.11853907126852845,0.12181535332832666,20.94,1024.937
1791181424.522296,69.64737049429873,0.10778642812080129,0.11994579365294161,0.1225005713755858,20.93,1024.94
1791181455.868727,69.64737049429873,0.11020166393092685,0.12011905008034585,0.12221470739395032,20.89,1024.944
1791181487.2042437,69.64737049429873,0.10935160226097666,0.11877837188853387,0.12108025052344597,20.86,1024.947
1791181518.4937184,69.64737049429873,0.10974834611728757,0.11826805073728112,0.12188244324739979,20.89,1024.948
1791181549.837227,69.64737049429873,0.10871897483545112,0.11934274849923676,0.12103587833134545,20.93,1024.951
1791181581.181701,69.64737049429873,0.10905130980049965,0.12160025494204835,0.12075369002599401,20.93,1024.959
1791181612.5221531,69.64737049429873,0.10858555453480674,0.11897529725607639,0.12334976287512102,20.93,1024.957
1791181643.8707778,69.64737049429873,0.10854820009239632,0.11922011100047994,0.12107472581751684,20.94,1024.955
1791181675.2262783,69.64737049429873,0.10933990623767278,0.11858039782283608,0.12174337336172658,20.93,1024.971
1791181706.5848522,69.64737049429873,0.10756764056389717,0.1196267777803133,0.12001627805688368,20.93,1024.975
1791181737.894961,69.64737049429873,0.10834764007183793,0.1203327330330817,0.12157412095312813,20.94,1024.981
1791181769.2185967,69.64737049429873,0.10981750926462126,0.1189959244508289,0.12249606148907037,20.93,1024.974
1791181800.566356,69.64737049429873,0.11069610029829827,0.11838796305031397,0.12012674507854454,20.94,1024.986
1791181831.9045765,69.64737049429873,0.10813969976258987,0.12115194592887332,0.12087014402368736,20.94,1024.979
1791181863.2491279,69.64737049429873,0.1082731823810997,0.11930729012680713,0.12250504011166291,20.95,1024.981
1791181894.6006646,69.64737049429873,0.10896810942240732,0.11986884344544585,0.12205954740470089,20.95,1024.986
1791181925.929076,69.64737049429873,0.10779544709471346,0.11846496014884907,0.12211505672000073,20.95,1024.985
1791181957.2545865,69.64737049429873,0.10900104771194252,0.12060148096959578,0.12060148096959578,20.94,1024.989
1791181988.5880487,69.64737049429873,0.10896810942240732,0.12004043794474113,0.12032095945716845,20.89,1024.989
1791182019.9145622,69.64737049429873,0.10961133906939743,0.11898263001793567,0.1243047396277635,20.89,1024.992
1791182051.2581017,69.64737049429873,0.10829303627229002,0.12038269305423294,0.12060800572344818,20.9,1024.994
1791182082.6046395,69.64737049429873,0.10941614819289734,0.12011905008034585,0.12262084546046655,20.9,1024.999
1791182113.952986,69.64737049429873,0.10851700786472203,0.12044374610476112,0.12192394480810365,20.87,1024.997
1791182145.2995927,69.64737049429873,0.10963495615096006,0.11875678366945956,0.12169929359529012,20.84,1024.995
1791182176.6251209,69.64737049429873,0.10913408880528566,0.12025165339023969,0.1202919887375373,20.86,1024.992
1791182207.9555004,69.64737049429873,0.10780884135906307,0.1186808512588082,0.12126769609856342,20.87,1024.996
1791182239.297002,69.64737049429873,0.10839131018250958,0.119316756936869,0.1216088077326921,20.91,1024.994
1791182270.6215198,69.64737049429873,0.10750211312029816,0.11854132952580052,0.11954265523245458,20.91,1024.998
1791182301.9678507,69.64737049429873,0.10776887666410494,0.11933556227475842,0.11993949021815,20.9,1024.988
1791182333.3213816,69.64737049429873,0.11152708203520334,0.12056655719969848,0.1226820538059963,20.9,1024.99
1791182364.6759713,69.64737049429873,0.1080341962277771,0.1204510594518377,0.12128768233464718,20.89,1024.985
1791182396.0184505,69.64737049429873,0.11021245688548752,0.12195904175213419,0.12217949261493809,20.87,1024.979
1791182427.3517992,69.64737049429873,0.10742874345784513,0.11828522582565046,0.12084505411018563,20.89,1024.976
1791182458.6943595,69.64737049429873,0.109082247101475,0.12016469752498794,0.12273916730987829,20.86,1024.977
1791182490.040986,69.64737049429873,0.10802709601055943,0.11888704864437927,0.12116777706213719,20.84,1024.972
1791182521.3673303,69.64737049429873,0.10976717817432999,0.11960723565157672,0.12142906709661132,20.84,1024.974
1791182552.7097583,69.64737049429873,0.10903446400587687,0.1186808512588082,0.12114127085696293,20.84,1024.973
1791182584.0584197,69.64737049429873,0.10928131454077013,0.11865973205013247,0.12008729299903907,20.87,1024.976
1791182615.3897293,69.64737049429873,0.1089679935067304,0.12017218515756789,0.12072993374610753,20.87,1024.978
1791182646.7163055,69.64737049429873,0.10872255926936888,0.11907657818458474,0.11989331086329806,20.89,1024.985
1791182678.0608282,69.64737049429873,0.10944064335855329,0.11814944792822574,0.1221304015710905,20.86,1024.991
1791182709.4043403,69.64737049429873,0.10994553773037295,0.12002514785927976,0.12362901545133725,20.86,1025.0
1791182740.7468095,69.64737049429873,0.10772955745691784,0.11870294634092732,0.12007906988503426,20.87,1025.001
1791182772.0952737,69.64737049429873,0.10748843328299745,0.12008669237268124,0.12064019078538281,20.9,1025.015
1791182803.426766,69.64737049429873,0.10795811943097346,0.11836167001089733,0.12014054527271366,20.9,1025.015
1791182834.7681992,69.64737049429873,0.10782631030447531,0.11869221557178715,0.11997127423962611,20.91,1025.022
1791182866.0967991,69.64737049429873,0.10838080292060279,0.12224311832378965,0.12307485724798087,20.93,1025.024
1791182897.4371984,69.64737049429873,0.11049953279873673,0.11836167001089733,0.12274249289254001,20.93,1025.028
1791182928.7798388,69.64737049429873,0.10798548614337361,0.11803552573889849,0.12051887225098101,20.94,1025.03
1791182960.1303465,69.64737049429873,0.10875420467935416,0.12032812005410369,0.12100321416058164,20.93,1025.033
1791182991.4827633,69.64737049429873,0.10812539620172165,0.11847633795576441,0.11965118720739107,20.93,1025.038
1791183022.8352087,69.64737049429873,0.10837640115598876,0.11906665549249848,0.12060800572344818,20.94,1025.047
1791183054.1808276,69.64737049429873,0.10788819762925199,0.11867060875494016,0.12045788493360542,20.94,1025.053
1791183085.5233262,69.64737049429873,0.10798548614337361,0.12028806028921134,0.12229270244500337,20.95,1025.057
1791183116.8687677,69.64737049429873,0.10769414556215422,0.11896958643443656,0.12162568193882134,20.95,1025.063
1791183148.210211,69.64737049429873,0.10795811943097346,0.12003288773005322,0.12035644074768369,20.97,1025.066
1791183179.5648158,69.64737049429873,0.10939154266200918,0.11887312598650637,0.12202393681713673,20.98,1025.076
1791183210.8993661,69.64737049429873,0.10813800372888296,0.11881991276446878,0.12025563260336562,20.95,1025.083
1791183242.2508392,69.64737049429873,0.10794454623184005,0.11881991276446878,0.12020180050611162,20.97,1025.08
1791183273.5922985,69.64737049429873,0.10817229685048095,0.12142062743596693,0.12158368824775447,20.95,1025.091
1791183304.8999186,69.64737049429873,0.10794454623184005,0.1186605585639907,0.12246990520033783,20.97,1025.1
1791183336.2092166,69.64737049429873,0.11005514525567824,0.12085688678347097,0.12081460387438321,20.95,1025.106
1791183367.5638692,69.64737049429873,0.10860663477072244,0.1218380138801827,0.12263050014495216,20.95,1025.113
1791183398.8962162,69.64737049429873,0.10860395081899438,0.1191348719746633,0.12368721760629632,20.91,1025.115
1791183430.2387779,69.64737049429873,0.1082731823810997,0.12166828591957479,0.1210966734107734,20.91,1025.119
1791183461.5842986,69.64737049429873,0.10831269313826423,0.11996338185338991,0.12138789180677997,20.94,1025.136
1791183492.9126227,69.64737049429873,0.10833215589738773,0.12041741858729868,0.12329632423893655,20.95,1025.143
1791183524.2462306,69.64737049429873,0.10805503403209635,0.11842619713457654,0.12268742430273978,20.94,1025.145
1791183555.5858924,69.64737049429873,0.10781307305163226,0.12080863525010933,0.12113938856737139,20.93,1025.145
1791183586.9050875,69.64737049429873,0.11108134141126885,0.12103093315109732,0.12141601377670093,20.89,1025.145
1791183618.2577116,69.64737049429873,0.10932519788378975,0.11981815043860748,0.12379470863438302,20.89,1025.147
1791183649.5533233,69.64737049429873,0.10862718774229915,0.1189997784375569,0.12064654142977731,20.87,1025.15
1791183680.9016795,69.64737049429873,0.11133506353102329,0.1189997784375569,0.12153364063226246,20.89,1025.151
1791183712.1560566,69.64737049429873,0.10793104568458246,0.11916893464983651,0.12114982919292377,20.89,1025.152
1791183743.39857,69.64737049429873,0.10848182833076335,0.11922208993129067,0.12384849982318637,20.89,1025.152
1791183774.6951969,69.64737049429873,0.10853023822362691,0.1193909726114886,0.12087443786983333,20.86,1025.144
1791183806.0366569,69.64737049429873,0.10836607569837595,0.5727683689273627,0.5758180783160639,20.9,1025.128
1791183837.3831842,69.64737049429873,0.11007438019418975,0.11870294634092732,0.5633662587058501,20.83,1025.12
1791183868.7346168,69.64737049429873,0.10919557966849151,0.11942612863325006,0.12014054527271366,20.82,1025.114
1791183900.078146,69.64737049429873,0.10763297808689591,0.11903305201437366,0.12086276335804186,20.83,1025.124
1791183931.4185848,69.64737049429873,0.10786137851955344,0.11992542295778305,0.11997913127999377,20.84,1025.114
1791183962.766078,69.64737049429873,0.10893529553673027,0.11892638689273506,0.12130731069942591,20.84,1025.125
1791183994.1076684,69.64737049429873,0.10762028307608572,0.11932854288064319,0.12246764319034044,20.84,1025.126
1791184025.4520466,69.64737049429873,0.10757219326674632,0.1178852381258779,0.12153364063226246,20.83,1025.13
1791184056.6590068,69.64737049429873,0.10763297808689591,0.11870294634092732,0.12053213392673748,20.79,1025.136
1791184087.9031434,69.64737049429873,0.10846322570594825,0.11931925493071546,0.1215249118456387,20.74,1025.153
1791184119.2516384,69.64737049429873,0.10781307305163226,0.11871362911704773,0.12208179377122351,20.72,1025.158
1791184150.5992017,69.64737049429873,0.10794454623184005,0.11903305201437366,0.11981815043860748,20.69,1025.171
1791184181.939535,69.64737049429873,0.1077910842596899,0.11889557573677563,0.12085688678347097,20.62,1025.173
1791184213.2880666,69.64737049429873,0.10865578022248379,0.1201103219487803,0.12145225907219082,20.6,1025.177
1791184244.6327395,69.64737049429873,0.10822947680253876,0.11932618088939421,0.12066270566149238,20.59,1025.184
1791184275.97295,69.64737049429873,0.10822947680253876,0.11972259184324242,0.12094845914826541,20.59,1025.191
1791184307.305432,69.64737049429873,0.10799928085188751,0.11967708253947167,0.12078449103369816,20.59,1025.212
1791184338.6320908,69.64737049429873,0.10821506585186438,0.11929114004418288,0.12212736026293373,20.57,1025.208
1791184369.9835937,69.64737049429873,0.10808295027629386,0.12017218515756789,0.12206916765278604,20.52,1025.211
1791184401.3249009,69.64737049429873,0.10865578022248379,0.1241310240236995,0.12480030576889328,20.53,1025.222
1791184432.6654236,69.64737049429873,0.11228770808691926,0.22442026588380604,0.2852020840538583,20.56,1025.229
1791184464.008974,69.62908563712261,0.8380752441103463,0.847217672698403,0.8472894855371489,20.57,1025.219
1791184495.3510647,69.61680810006038,0.8410004436745109,0.8471392122056238,0.8480925241704845,20.6,1025.217
1791184526.675916,69.60825549863122,0.8420787693932203,0.8463550701077989,0.8480925241704845,20.59,1025.218
1791184557.8798177,69.60542195973139,0.8440882389879316,0.8455050084378486,0.8484810402391676,20.6,1025.223
1791184589.0399373,69.60428698148775,0.8444007822834995,0.8449682714053182,0.847733685395496,20.63,1025.221
1791184620.3194468,69.60949599074416,0.8464190064634475,0.8438145018352416,0.8482671045167343,20.62,1025.219
1791184651.6640604,69.61126250124077,0.8449536683796991,0.8440704131313927,0.8479079122103247,20.62,1025.22
1791184683.00751,69.61362752608919,0.8455665975316815,0.8443840851074704,0.8478396880163909,20.65,1025.217
1791184714.3498476,69.6155446026268,0.8451334123550066,0.8441748740862035,0.8481582820951438,20.65,1025.216
1791184745.706373,69.61503638224839,0.8446096237160208,0.8448637339052213,0.8475219724535019,20.65,1025.217
1791184777.051018,69.61880084347084,0.8455357605271367,0.8436535299159118,0.8481955303007729,20.62,1025.213
1791184808.3943198,69.62855019296464,0.8458507338422703,0.8409760590953667,0.8475219724535019,20.62,1025.208
1791184839.7237952,69.62890650419347,0.845726333372536,0.8455481777581243,0.8478814514455888,20.59,1025.198
1791184871.0664802,69.6300388803527,0.8444465425677864,0.8438803544881693,0.8479493837301018,20.6,1025.201
1791184902.3898025,69.6265189090701,0.8440595194467491,0.845819505088046,0.8482671045167343,20.57,1025.196
1791184933.7392879,69.62496468168352,0.8446845268444089,0.8454616405376958,0.8479116552767192,20.57,1025.191
1791184965.0858362,69.61986146990303,0.8438903449427078,0.8464419508329512,0.8482274842617409,20.62,1025.186
1791184996.4152555,69.61737481033525,0.8444594032296993,0.8457027330135912,0.8484060481190027,20.63,1025.189
1791185027.7597501,69.61686849754874,0.8458080432880422,0.8460611996812953,0.8483363843097556,20.62,1025.199
1791185059.087314,69.61686849754874,0.8455975198036821,0.8455975198036821,0.8479800156479292,20.6,1025.186
1791185090.4297826,69.61572985623157,0.8448487520257144,0.8454180726842989,0.8478396880163909,20.6,1025.185
1791185121.7183719,69.61815290533909,0.8458507338422703,0.8446392092885078,0.8484079606375681,20.63,1025.19
1791185153.0588646,69.6202202862968,0.8450284615166906,0.8439947710378377,0.8485493363065137,20.62,1025.194
1791185184.4052403,69.61767129084652,0.8444594032296993,0.845733900954842,0.8483711680130714,20.59,1025.192
1791185215.5632908,69.61719293911325,0.8445345826382655,0.8447737585048992,0.8485493363065137,20.59,1025.199
1791185246.7422006,69.61512693852428,0.8444594032296993,0.8454924035241803,0.8483363843097556,20.54,1025.2
1791185278.0157998,69.61398777197982,0.8443840851074704,0.8449536683796991,0.8483711680130714,20.54,1025.203
1791185309.3682494,69.61356777498158,0.8450284615166906,0.8452384600158135,0.8486559596491858,20.54,1025.192
1791185340.707326,69.61512641353904,0.8455232516519278,0.8447439323731949,0.8487626814027135,20.56,1025.212
1791185371.9940934,69.61533736470204,0.8462720536721757,0.8461665780906736,0.8486207823883131,20.59,1025.212
1791185403.2915926,69.61617768026741,0.8459559183098191,0.8455357605271367,0.8484794053248267,20.59,1025.216
1791185434.639116,69.61689431648885,0.8451473481228474,0.8447890300121271,0.8486569506971391,20.6,1025.212
1791185465.9815543,69.61492289985607,0.8446549467678984,0.8456406550842885,0.8486569506971391,20.62,1025.216
1791185497.2330215,69.61797065643205,0.8462084051323963,0.8446845268444089,0.8483016966099461,20.6,1025.215
1791185528.473758,69.61868572781492,0.8459981907757257,0.8456406550842885,0.8480894615753205,20.57,1025.214
1791185559.6769798,69.61790727979904,0.8457456461449209,0.8461348701528589,0.8485857022171711,20.62,1025.217
1791185590.980569,69.61925321621591,0.8455665975316815,0.8448936293232457,0.8485507187343604,20.67,1025.209
1791185622.147308,69.61940197828743,0.8452520159662273,0.8451776349304707,0.8485857022171711,20.69,1025.218
1791185653.3118324,69.62002768353625,0.8449383006578818,0.8446254480334715,0.8493310303969882,20.66,1025.209
1791185684.4941528,69.62172702696802,0.8454003685824502,0.8445506968665663,0.8487990554459857,20.67,1025.204
1791185715.6674662,69.62241578374346,0.8459355282470653,0.8455911498593413,0.8488346668053294,20.69,1025.208
1791185746.8420968,69.61804854327934,0.844180852921283,0.846364473153342,0.8488701155484535,20.65,1025.207
1791185778.096597,69.61446460328833,0.8444047892179413,0.8461967592134486,0.8485534533303636,20.63,1025.209
1791185809.244882,69.61517454717624,0.846123851028695,0.8457688790847409,0.8487644651190325,20.6,1025.204
1791185840.5914104,69.61559268851182,0.8460089091391535,0.8457998384713598,0.8487995178327277,20.62,1025.205
1791185871.9349287,69.61659640320164,0.8463327402599613,0.8458308829150533,0.8486230118812709,20.66,1025.203
1791185903.276349,69.61942345477092,0.846396293228911,0.8449827674442665,0.8485869481405289,20.67,1025.196
1791185934.6319716,69.62224791971785,0.8461867724774341,0.8447745400039718,0.8489053292222619,20.66,1025.193
1791185965.9843864,69.62147386041565,0.8456218794880491,0.8460089091391535,0.8489053292222619,20.66,1025.183
1791185997.3148549,69.62203849509763,0.8443882517664042,0.8441059344254132,0.8487995178327277,20.66,1025.18
1791186028.6555111,69.62034381612948,0.8459043259827416,0.8467516654668189,0.8485520910387119,20.66,1025.182
1791186060.040868,69.61835564253894,0.8451611818393008,0.8461552686345647,0.8489053292222619,20.66,1025.192
1791186091.247153,69.6182917195142,0.8465100498775446,0.8465420113899161,0.8487995178327277,20.65,1025.186
1791186122.5839205,69.61393870625068,0.8440202525816883,0.8461967592134486,0.8487295082693624,20.66,1025.206
1791186153.9093356,69.61225174474409,0.8448637333349872,0.845707214088286,0.8483428260905876,20.69,1025.168
1791186185.2160578,69.6083999187343,0.8444663609936494,0.8463922739985364,0.8482766427655272,20.7,1025.16
1791186216.5313885,69.60525884725638,0.8447903116972233,0.8463608474361897,0.8488707160846181,20.7,1025.161
1791186247.868948,69.60490727485302,0.8456273126459672,0.84580309884765,0.8490449585658306,20.7,1025.162
1791186279.2004704,69.60526005495423,0.8449960104875072,0.8448196204369056,0.8483129674960784,20.69,1025.162
1791186310.554099,69.60575922226859,0.8454815873135483,0.8452320036563681,0.8486608430706978,20.7,1025.151
1791186341.8884175,69.60785482622482,0.8459262792686013,0.8448784772904809,0.8486252089879613,20.72,1025.142
1791186373.2168458,69.60974225680535,0.8459990359319538,0.8450553206416944,0.8490106145093443,20.74,1025.138
1791186404.5605798,69.60953490186839,0.8458953584634729,0.8459990359319538,0.849080572196004,20.74,1025.137
1791186435.901792,69.61197951092691,0.8465275619383259,0.845305257409059,0.8491504030271911,20.74,1025.134
1791186467.2433257,69.61701061074048,0.8468791150395377,0.8443635651327566,0.848381210932228,20.79,1025.129
1791186498.5979867,69.61989008673157,0.8462887468550718,0.8448490088595254,0.84876563271006,20.83,1025.128
1791186529.9353533,69.6180669319382,0.8454085265524588,0.8463201039491419,0.8481721692348461,20.84,1025.124
1791186561.2888997,69.61812886018464,0.8460819731419199,0.8460510090187032,0.848383176006905,20.84,1025.118
1791186592.641572,69.61845444803515,0.8455666696385395,0.8454038757132815,0.8482813090009131,20.83,1025.119
1791186623.9899235,69.61831032131069,0.8457534394377766,0.8458255028000115,0.8488017799559818,20.83,1025.116
1791186655.3332653,69.61845432867369,0.8459279860516485,0.845855982370144,0.8488711092604465,20.83,1025.112
1791186686.482014,69.61886455502577,0.8457838492381202,0.8455787360620803,0.8489056917588451,20.8,1025.119
1791186717.7843597,69.61962450207544,0.8457838492381202,0.8454038757132815,0.8482813090009131,20.83,1025.123
1791186749.0648615,69.62426670957802,0.8470681008891779,0.8447469971378891,0.8484549552024252,20.83,1025.119
1791186780.3962715,69.62280606283113,0.845433841107372,0.8461641644808184,0.8485930431782059,20.86,1025.124
1791186811.7217374,69.62023762434151,0.8445717631253332,0.845855982370144,0.84894036755946,20.86,1025.136
1791186843.0654483,69.62058721489369,0.8453739909832848,0.8451991957071938,0.8485246580906904,20.83,1025.125
1791186874.4118485,69.62155070011964,0.8455787360620803,0.8450969934491029,0.8486284454507814,20.82,1025.137
1791186905.7225375,69.62313272222171,0.8474867426875216,0.8466957316364829,0.8491131210115694,20.83,1025.149
1791186937.0438662,69.62278519848752,0.8459387063297311,0.8461124681968293,0.848974782088905,20.8,1025.157
1791186968.3072731,69.62202894133867,0.8458365846425034,0.8462147132169286,0.848871303740087,20.82,1025.164
1791186999.6359093,69.62603539586884,0.8474918859684581,0.8454886587033708,0.8486987752017073,20.82,1025.199
1791187030.9783435,69.62382536479643,0.8455907161002797,0.8466957316364829,0.8489057627088893,20.83,1025.188
1791187062.320874,69.62085803376216,0.8447619544481273,0.846245619965262,0.8489057627088893,20.83,1025.194
1791187093.673231,69.61829929780119,0.8451401097719478,0.8464194777524321,0.8489057627088893,20.8,1025.2
1791187125.024822,69.61643698230311,0.8453144622162289,0.846245619965262,0.8486295088248386,20.82,1025.209
1791187156.377162,69.61829862040123,0.8464194777524321,0.8454886587033708,0.8486295088248386,20.8,1025.209
1791187187.717888,69.61960707401886,0.8460409193641506,0.8453866925553358,0.84907835299844,20.83,1025.232
1791187219.0524108,69.61925849876776,0.8449363980425908,0.8451106856681383,0.8482499620072702,20.83,1025.237
1791187250.3778052,69.61760245744458,0.8453866925553358,0.8462147132169286,0.84907835299844,20.86,1025.237
1791187281.7193022,69.61780694748478,0.8462147132169286,0.8461124681968293,0.848871303740087,20.83,1025.238
1791187313.0518575,69.6164993523426,0.8457345541800683,0.8463883517511551,0.8490436781595868,20.84,1025.237
1791187344.3732226,69.61870543499562,0.8465618351749479,0.8454587938484417,0.8487679178279603,20.84,1025.228
1791187375.728674,69.61705013366966,0.845284817533852,0.8461124681968293,0.8486987752017073,20.86,1025.224
1791187407.088258,69.6185628308824,0.8463170496945406,0.8455607010881778,0.848974782088905,20.84,1025.22
1791187438.4137244,69.6179493605167,0.8460103145116948,0.8463170496945406,0.848871303740087,20.86,1025.216
1791187469.7453017,69.62106085157433,0.8464194777524321,0.8448637322236191,0.84880222266805,20.87,1025.212
1791187501.089019,69.62266187830853,0.8463792494291814,0.8455787360620803,0.8484209638592856,20.86,1025.207
1791187532.3292441,69.62181863496768,0.8453014897540165,0.8457231114244399,0.849009696927724,20.89,1025.211
1791187563.5898247,69.62278102967066,0.846174062220098,0.8456928648686048,0.8488366196881976,20.9,1025.202
1791187594.8721595,69.6194028210575,0.8450382083321781,0.8467273126387571,0.8484566403518905,20.89,1025.204
1791187626.198849,69.61628456246818,0.8450969934491029,0.8466561227437664,0.8482475362253991,20.89,1025.209
1791187657.540158,69.61538122550985,0.8454763175724851,0.8459279860516485,0.8485246580906904,20.87,1025.22
1791187688.8907647,69.61602274391724,0.8453014897540165,0.8449807305503212,0.8489056917588451,20.86,1025.227
1791187720.2322514,69.616397728212,0.845742008039293,0.845554515891919,0.8486273744089748,20.84,1025.229
1791187751.5759351,69.6136089852693,0.8455242245533802,0.8469185960247294,0.8484173158084469,20.86,1025.235
1791187782.922272,69.61315585217547,0.8456577576363907,0.8458843241833038,0.8485574812130876,20.86,1025.235
1791187814.2687376,69.61407329503552,0.845811230958172,0.845352509528144,0.8486946468909939,20.84,1025.244
1791187845.6041944,69.6145510665875,0.8458421776885172,0.8456032919125349,0.8486589110902961,20.86,1025.254
1791187876.9556293,69.61911110100854,0.847217672698403,0.8449376554878769,0.8486946468909939,20.84,1025.253
1791187908.2851996,69.6157939970378,0.8451010403516148,0.8467595923369851,0.848940584430474,20.86,1025.266
1791187939.6317422,69.61423681431397,0.8452620070420301,0.846040598403944,0.848518816599282,20.84,1025.267
1791187970.9711123,69.61640862811532,0.8468469997594221,0.845761092858746,0.8484515483013412,20.84,1025.333
1791188002.3235652,69.61555921002513,0.8451722410463715,0.8455969500914717,0.8486273744089748,20.86,1025.282
1791188033.6692398,69.61270441794679,0.8447167577853014,0.8461441538244687,0.8485918417903483,20.89,1025.282
1791188065.0126717,69.6119405592485,0.8447903116972233,0.8451722410463715,0.8483470429139772,20.86,1025.279
1791188096.359096,69.60873324048433,0.8442608623039155,0.8458645216859989,0.8488356538559231,20.84,1025.285
1791188127.690597,69.60563749644068,0.8450114432308681,0.8465593152526901,0.8483449421591337,20.83,1025.272
1791188159.0412426,69.60772628665097,0.845305257409059,0.8442608623039155,0.8484173158084469,20.87,1025.265
1791188190.3887095,69.60843128710563,0.8456577576363907,0.845305257409059,0.8482766427655272,20.89,1025.271
1791188221.7409651,69.61640812331619,0.8468791150395377,0.8428906969342581,0.8484858738635932,20.91,1025.26
1791188253.081645,69.62574936283941,0.8476419444012214,0.8429713246396103,0.8485548057185005,20.93,1025.271
1791188284.294165,69.62904130351552,0.8466871977090509,0.8450412273709969,0.8483772377501183,20.95,1025.266
1791188315.5550294,69.63466696751051,0.8470341119615115,0.8442212799640195,0.8484826632138465,20.95,1025.269
1791188346.7941387,69.63673303661025,0.8464511072341693,0.8454180726842989,0.8491186569650983,20.95,1025.249
1791188377.9367177,69.63721561545889,0.8460296517521458,0.8457883623278319,0.8485143225186154,20.95,1025.253
1791188409.1822433,69.63587032624837,0.8455357605271367,0.8462084051323963,0.8486569506971391,20.95,1025.251
1791188440.3974643,69.63274138196297,0.8452520159662273,0.8468164881089233,0.8486569506971391,20.94,1025.245
1791188471.747,69.62799467147745,0.8447592924034728,0.8471326476462301,0.8487632803488806,20.95,1025.244
1791188503.0956416,69.62282654654436,0.8452216545478652,0.8478057170144111,0.8492950363080977,20.97,1025.241
1791188534.4259458,69.6174234442024,0.8449983249105043,0.8476998760814821,0.8486569506971391,20.95,1025.246
1791188565.7684164,69.61117495609987,0.8445801196875953,0.847704363738859,0.8492233447982,20.94,1025.237
1791188597.1099844,69.60388911808481,0.8444465425677864,0.8480894615753205,0.8494719628976162,20.95,1025.238
1791188628.45754,69.59827813136131,0.8445051549880732,0.8473106483498243,0.8494015613872387,20.94,1025.236
1791188659.794977,69.59181185844407,0.8448188497725762,0.8480519862311979,0.8493310303969882,20.95,1025.234
1791188691.1453338,69.58654350684881,0.8451334123550066,0.8477675881526405,0.8495103345575289,20.97,1025.237
1791188722.4329824,69.5829845625118,0.8458820489471779,0.8476615211156833,0.8493671239215475,20.95,1025.243
1791188753.779393,69.58007337566494,0.8460611996812953,0.8475167931047283,0.8495809278126223,20.97,1025.238
1791188785.115922,69.57629684485006,0.845628527697288,0.8475167931047283,0.8495103345575289,20.98,1025.237
1791188816.4585705,69.57245633258485,0.8457027330135912,0.8476229891461952,0.8493325275309728,21.0,1025.243
1791188847.7019365,69.56868663167046,0.8454924035241803,0.8473772539813726,0.8492255429214145,20.95,1025.245
1791188878.9643524,69.56598725161282,0.8455975198036821,0.8469472098324996,0.8490118695256309,20.95,1025.253
1791188910.314858,69.5627833283107,0.8457027330135912,0.8473046946646565,0.8495103345575289,20.94,1025.244
1791188941.6574533,69.55952180768885,0.8456406550842885,0.8472714153952134,0.8496513910558583,20.93,1025.25
1791188972.905866,69.55716883940207,0.8453567800602348,0.8465332642036286,0.8494015613872387,20.93,1025.248
1791189004.2412689,69.55385422852147,0.8453698589154871,0.8470271643557852,0.8494015613872387,20.94,1025.263
1791189035.482862,69.55759506663121,0.8468087197127512,0.8449383006578818,0.849260369569334,20.94,1025.269
1791189066.8414721,69.55626425695291,0.8462818049933518,0.8469472098324996,0.8491886090076327,20.94,1025.273
1791189098.179748,69.55425581044177,0.8462401854441298,0.8472444086996977,0.8496879776236828,20.94,1025.272
1791189129.5293427,69.55193942067677,0.8462914849057711,0.847449679788271,0.8498253293241487,20.97,1025.269
1791189160.8578272,69.5513081100052,0.8459245301083423,0.8462401854441298,0.8491537134316212,20.94,1025.271
1791189192.071031,69.55002606252297,0.8464190064634475,0.8470600302045577,0.849260369569334,20.95,1025.274
1791189223.367852,69.54790056457041,0.8459245301083423,0.8469872790846249,0.8494377190388461,20.95,1025.268
1791189254.706512,69.54819497547261,0.8462084051323963,0.8460611996812953,0.8494739766239856,20.97,1025.27
1791189285.9956746,69.54798382969642,0.8462720536721757,0.8463776265602708,0.8488339966358059,20.98,1025.264
1791189317.3342524,69.54705640191385,0.8459873933428834,0.8464511072341693,0.8492963986691265,20.98,1025.258
1791189348.689711,69.54777321794292,0.8466624181963852,0.8463040101818536,0.8492963986691265,20.97,1025.261
1791189380.0172966,69.54591921679474,0.8459873933428834,0.846914393916968,0.8493325275309728,20.98,1025.26
1791189411.3628724,69.54400056602758,0.8458820489471779,0.8468413743307601,0.8495103345575289,20.97,1025.258
1791189442.6642041,69.54378896251274,0.8466624181963852,0.8467682199538064,0.8493325275309728,20.98,1025.247
1791189474.0227454,69.54549850089751,0.8476229891461952,0.8467682199538064,0.8497246655439238,20.98,1025.251
1791189505.369107,69.54613527492303,0.847371530030698,0.847053143017936,0.8491545563169121,20.97,1025.249
1791189536.662802,69.54584405842974,0.8466384239977821,0.8467840322444327,0.8498253293241487,20.95,1025.253
1791189568.0072908,69.54527916544035,0.8467516654668189,0.8470341119615115,0.8495399812859046,20.97,1025.251
1791189599.3348293,69.54422853054257,0.8462183629128545,0.8467436803617462,0.8497553167875996,20.95,1025.249
1791189630.6861358,69.54338118621237,0.846914393916968,0.8473380660820656,0.8499023736592319,20.97,1025.25
1791189662.0166395,69.54245336032673,0.8464832968896768,0.8469472098324996,0.8496174505951023,20.97,1025.246
1791189693.368093,69.54194868135076,0.8464832968896768,0.846735636377665,0.8500097201574296,20.97,1025.244
1791189724.715761,69.54074545720546,0.8463455977598529,0.8469472098324996,0.8502572982822673,20.97,1025.244
1791189756.0481613,69.54032127211582,0.8468741194088655,0.8470862119536836,0.8499023736592319,20.95,1025.241
1791189787.393657,69.54053326669198,0.8469801166969465,0.8468741194088655,0.8499023736592319,20.95,1025.247
1791189818.636242,69.54068037221509,0.8464832968896768,0.8464097441281241,0.8499023736592319,20.94,1025.239
1791189849.8016627,69.54082669496204,0.8469801166969465,0.8469069553234781,0.8497246655439238,20.95,1025.246
1791189881.084421,69.54103862189031,0.8468008938766695,0.8466949304125352,0.8501171658254701,20.93,1025.244
1791189912.2887769,69.54159046978849,0.8466949304125352,0.8464190064634475,0.8499393927238267,20.94,1025.239
1791189943.5370255,69.54354219175953,0.8470997120142179,0.846123851028695,0.8497919289407763,20.97,1025.244
1791189974.8032033,69.54283869490209,0.8468394549130583,0.8471912033417796,0.8497462763032716,20.97,1025.255
1791190005.991061,69.54240826107062,0.846975986426048,0.8471912033417796,0.849571402734934,21.01,1025.262
1791190037.2098997,69.54229396802637,0.8468394549130583,0.8468966014351818,0.8498551745164352,20.98,1025.273
1791190068.3741736,69.54059928905822,0.8464692189721265,0.8473165584562039,0.8497159073112842,20.97,1025.276
1791190099.6076028,69.54046864715558,0.8468891623803615,0.8469544833316832,0.849614905421042,20.98,1025.282
1791190130.9070985,69.54011152841183,0.8468087197127512,0.8469872790846249,0.8498286421905112,20.97,1025.278
1791190162.1886685,69.53947824690694,0.846849033428604,0.8471656741810459,0.8497217246460712,21.0,1025.28
1791190193.5340767,69.54124676806153,0.847449679788271,0.8465654192109778,0.8495445058799227,20.98,1025.281
1791190224.8745244,69.54124676806153,0.8470600302045577,0.8470600302045577,0.8497217246460712,21.0,1025.282
1791190256.2230334,69.53997651899971,0.846881668573821,0.8475167931047283,0.8497951261936433,21.03,1025.286
1791190287.573617,69.54139162343033,0.8474106949893447,0.8467031427740362,0.8495809278126223,21.01,1025.292
1791190318.911883,69.54295210760276,0.8473046946646565,0.8465244525784406,0.8495809278126223,21.0,1025.292
1791190350.2595015,69.54301769910865,0.8469872790846249,0.8469544833316832,0.8498286421905112,21.03,1025.294
1791190381.6050184,69.54316280653174,0.8472382278925926,0.8471656741810459,0.8497919289407763,21.04,1025.351
1791190412.9444118,69.54174978285359,0.84649228015645,0.8471987919955254,0.8500057302532963,21.03,1025.286
1791190444.2920563,69.54048227384638,0.84649228015645,0.8471260346600524,0.8498987804450958,21.04,1025.283
1791190475.6345239,69.53955871678204,0.8469544833316832,0.847416261863856,0.8498286421905112,21.03,1025.281
1791190506.9181333,69.5411138718589,0.8471326476462301,0.8463550701077989,0.8498620042961758,21.01,1025.284
1791190538.2534823,69.54274968590063,0.8470997120142179,0.8462818049933518,0.8501454882902149,21.03,1025.28
1791190569.5889728,69.54273786568787,0.8473106483498243,0.8473165584562039,0.8496851756048648,21.03,1025.281
1791190600.938602,69.54252689910697,0.8470271643557852,0.8471326476462301,0.8498620042961758,21.04,1025.277
1791190632.2889588,69.5425127833643,0.8469943889260632,0.8470014467973996,0.8495785203021367,21.04,1025.275
1791190663.6294885,69.54393376953628,0.8474217879722414,0.8467112948862546,0.84954223528434,21.1,1025.274
1791190694.9739656,69.54527278884521,0.8467516654668189,0.8460821558123508,0.8493998183385646,21.1,1025.277
1791190726.3105187,69.54598418436427,0.8465740606723887,0.8462183629128545,0.8497522812452352,21.13,1025.279
1791190757.651406,69.54606451926594,0.8468241996952676,0.8467840322444327,0.8496823941051821,21.13,1025.283
1791190788.994531,69.5459182752801,0.8462183629128545,0.8462914849057711,0.8494358410206126,21.15,1025.29
1791190820.3368485,69.54726013347026,0.8471721266737227,0.8465011975786436,0.8496823941051821,21.14,1025.284
1791190851.6833801,69.54787318006422,0.8468891623803615,0.8465826390833856,0.849612378902324,21.13,1025.293
1791190883.033986,69.54946977281642,0.8469113176724351,0.8461130212963306,0.8492555097505862,21.14,1025.295
1791190914.3743815,69.55017095885934,0.846711440457645,0.8463608474361897,0.849219043781535,21.13,1025.311
1791190945.716858,69.54996421339689,0.8462574747049677,0.8463608474361897,0.8488707160846181,21.13,1025.321
1791190977.0675297,69.55017133282196,0.846567873307247,0.8464643135947112,0.8493591378289982,21.14,1025.32
1791191008.3939364,69.54828926732192,0.8457304939507216,0.8466715267007422,0.849080011376823,21.1,1025.317
1791191039.7353492,69.54884802545492,0.8464958948358758,0.8462165157693807,0.8491151594011209,21.11,1025.319
1791191070.991936,69.55011243240462,0.8465275619383259,0.8458953584634729,0.8488705173578466,21.11,1025.319
1791191102.3203638,69.54884623800487,0.8455422738708578,0.8461753710707322,0.8493607118563721,21.11,1025.322
1791191133.5459528,69.54870137396261,0.8461753710707322,0.8462478030918592,0.8488705173578466,21.15,1025.326
1791191164.727287,69.5475803066473,0.8461028075285129,0.8466633411861682,0.849080572196004,21.13,1025.327
1791191196.037896,69.54884715117647,0.8467674616069858,0.8461340393423995,0.8491158487433551,21.11,1025.33
1791191227.3604772,69.5486387287715,0.846342177522353,0.8464463887248419,0.8490458276978183,21.13,1025.327
1791191258.7028794,69.54659831495684,0.845707214088286,0.8467274209956108,0.84890540278668,21.14,1025.326
1791191290.0524552,69.54772142159412,0.8465188377639441,0.8459572844453053,0.8488703171844099,21.15,1025.329
1791191321.39887,69.54730578879948,0.845676507785986,0.8458843241833038,0.8492211786491105,21.13,1025.341
1791191352.738453,69.551303046109,0.8461967592134486,0.8441981305586899,0.8490811371014811,21.13,1025.346
1791191384.0720024,69.55192646246519,0.8469113176724351,0.8465996094943398,0.8489054758167889,21.11,1025.351
1791191415.4184797,69.5492787421681,0.8455727412866337,0.8468966014351818,0.8491520461360638,21.14,1025.356
1791191446.7598033,69.54694912646325,0.8453222596417659,0.8464870674941909,0.84890540278668,21.11,1025.365
1791191478.1074061,69.54674214727099,0.8456882853989256,0.845791774995057,0.8490453915565267,21.11,1025.354
1791191509.450028,69.54556031086538,0.8455118893257125,0.8461028075285129,0.8489054758167889,21.14,1025.353
1791191540.7973413,69.54325305095942,0.8451885475693725,0.846342177522353,0.8487650510384989,21.14,1025.354
1791191572.1438816,69.54100581570425,0.8457803687085625,0.8469039863361435,0.8491512215913052,21.14,1025.345
1791191603.4782703,69.54272054698556,0.8466146708475716,0.8457573052069165,0.849117242571947,21.11,1025.343
1791191634.744774,69.5446917573733,0.8468164881089233,0.8458308829150533,0.849612378902324,21.11,1025.333
1791191666.0943673,69.544045943092,0.8461552686345647,0.8464781757752169,0.8495761304137435,21.1,1025.326
1791191697.4398668,69.54425436549698,0.8464463887248419,0.846342177522353,0.8490458276978183,21.13,1025.321
1791191728.7852275,69.54200713024181,0.8454994643016673,0.8466230819292482,0.8493266043571377,21.14,1025.315
1791191760.1338036,69.54123696538811,0.8456032919125349,0.8459883743393856,0.8486946468909939,21.14,1025.315
1791191791.4712124,69.5417992858903,0.8462695345904852,0.8459883743393856,0.8487999768503814,21.11,1025.302
1791191822.85378,69.54257078896886,0.8463010941909602,0.8459153426516804,0.8490109248311306,21.14,1025.303
1791191854.196268,69.54186358032753,0.845676507785986,0.8460301121066545,0.8492211786491105,21.13,1025.287
1791191885.5447867,69.54194659117829,0.8461653564540729,0.846123851028695,0.84890540278668,21.13,1025.285
1791191916.8873818,69.54202986151016,0.846250040298334,0.8462084051323963,0.849260369569334,21.13,1025.274
1791191948.2367744,69.5438278529675,0.8469291078353243,0.8460301121066545,0.848975679161763,21.13,1025.263
1791191979.584341,69.54515830355052,0.846695337398165,0.8460301121066545,0.8487302203965496,21.14,1025.257
1791192010.9296649,69.54621923039964,0.8465188377639441,0.8459883743393856,0.848975679161763,21.14,1025.279
1791192042.2783263,69.54775874532665,0.8470803910825828,0.8463106336190818,0.8489405296212278,21.15,1025.242
1791192073.6299126,69.54642759516491,0.8461340393423995,0.8467996144232633,0.8492211786491105,21.11,1025.238
1791192104.9771945,69.5448860515269,0.8458843241833038,0.8466550960023106,0.848975679161763,21.13,1025.23
1791192136.3228514,69.54467706695169,0.8462282479723587,0.8463327402599613,0.8492579218982929,21.13,1025.228
1791192167.6682816,69.54334016907683,0.8457688790847409,0.8464373280221762,0.8489758625106812,21.15,1025.224
1791192198.9968123,69.54215064050437,0.8455605043483392,0.8461552686345647,0.8491520461360638,21.11,1025.219
1791192230.3432512,69.54250604185619,0.846364473153342,0.8461867724774341,0.849187646563253,21.13,1025.213
1791192261.6739035,69.5442014964559,0.8471392122056238,0.8462914849057711,0.849117242571947,21.14,1025.22
1791192292.9693441,69.54437097648452,0.8459981907757257,0.8459134507614176,0.8488697078243961,21.15,1025.221
1791192324.217324,69.54335519188774,0.846252333619368,0.8467602259177585,0.8492628535542511,21.14,1025.218
1791192355.4001653,69.54328928727048,0.8466285126062499,0.8466614649148761,0.8494473203507563,21.14,1025.218
1791192386.658792,69.54267533055315,0.8462646981263063,0.8465716764849698,0.8494453713996691,21.15,1025.209
1791192418.0012956,69.54216784703276,0.8459765159624448,0.8462302577226407,0.8492977711128401,21.17,1025.211
1791192449.3416517,69.53988951394385,0.8460928349241565,0.8472320014686139,0.8491545563169121,21.15,1025.209
1791192480.6763463,69.53888107488449,0.8460611996812953,0.8465654192109778,0.8488697078243961,21.14,1025.207
1791192512.0147908,69.53965913589947,0.84649228015645,0.8461032496489553,0.8491179471696125,21.14,1025.207
1791192543.3582497,69.53951221045004,0.8461032496489553,0.8461767123736681,0.8492950363080977,21.13,1025.206
1791192574.704665,69.54051920028527,0.8467436803617462,0.8462401854441298,0.8488697078243961,21.13,1025.211
1791192606.0534234,69.53858544276726,0.8457768016027378,0.8467436803617462,0.8491179471696125,21.13,1025.221
1791192637.2133281,69.53923797080023,0.8463136573593709,0.8459873933428834,0.8488697078243961,21.08,1025.228
1791192668.4211717,69.54001863187524,0.8461983738255472,0.8458080432880422,0.8489407512853002,21.1,1025.231
1791192699.6956546,69.53978658555721,0.845819505088046,0.8459355282470653,0.8490828567872368,21.08,1025.232
1791192731.0473378,69.5395131367066,0.846364473153342,0.8465011975786436,0.849117242571947,21.1,1025.24
1791192762.2999241,69.5394283090109,0.8468087197127512,0.8468511335606019,0.8490840245154511,21.07,1025.247
1791192793.5331793,69.53981268456819,0.846894752403195,0.8467025646245503,0.8500044760259693,21.11,1025.251
1791192824.8798559,69.53825913008397,0.8468116573348724,0.8475884345769849,0.8497489986430619,21.14,1025.259
1791192856.2151673,69.53382301327716,0.8462546851930086,0.8484727435964181,0.8501683139520243,21.1,1025.26
1791192887.5697277,69.53065692541723,0.8458163931941824,0.8473994371241431,0.8495882580475068,21.1,1025.284
1791192918.9091628,69.52539871885577,0.8448487520257144,0.8474778553064457,0.8494760052468324,21.13,1025.267
1791192950.2597544,69.5230435497082,0.8450747490455875,0.846252333619368,0.849620014631892,21.13,1025.264
1791192981.5192285,69.52080216577708,0.8455163919276051,0.8466370838931657,0.849408663605489,21.15,1025.263
1791193012.801558,69.52048268477205,0.8460183468484939,0.8461780873510143,0.84890495317648,21.13,1025.27
1791193044.1480775,69.5238662163483,0.8467521724161591,0.8450604066280389,0.8495146828743885,21.11,1025.256
1791193075.4856718,69.52862551708776,0.8472130433888375,0.8448333930191052,0.8497336200484544,21.1,1025.262
1791193106.8261516,69.53088989047733,0.8463264420693588,0.8451942553745752,0.8490485126767383,21.08,1025.249
1791193138.167597,69.53495836686835,0.8465066331419674,0.8444723949464517,0.8493355552093107,21.04,1025.241
1791193169.5102737,69.53795317841136,0.8468008938766695,0.8453034881051666,0.8494760052468324,21.05,1025.277
1791193200.8475788,69.54620852012462,0.8485378985865945,0.8444102277299605,0.849494961406673,21.04,1025.24
1791193232.177094,69.55649120438775,0.8478250674690752,0.8426837253375098,0.8509146627595954,21.05,1025.228
1791193263.5285478,69.56467683210498,0.8483454828817214,0.844252669023107,0.8495374318383976,21.07,1025.227
1791193294.8620095,69.57011640114173,0.8475678532824767,0.8448480687641017,0.8497969089387312,21.08,1025.228
1791193326.1057973,69.57758461268492,0.8486445549505821,0.8449104491789874,0.8496439755787782,21.08,1025.217
1791193357.4461832,69.58178497423395,0.8470571189195302,0.8449569381450123,0.8499014373752278,21.08,1025.215
1791193388.700591,69.58489124431098,0.8474280053758897,0.8458748703373782,0.8497171782293725,21.05,1025.204
1791193420.0491729,69.59052373419918,0.8473526810650683,0.8445364361209691,0.8497553152279301,21.05,1025.202
1791193451.3785324,69.59199945388723,0.8474571906288589,0.8467193307848341,0.8497202217774116,21.04,1025.261
1791193482.729007,69.59477803890498,0.8469813669788959,0.8455920744700217,0.8493481301787914,21.04,1025.187
1791193514.0586572,69.59370118285325,0.8461046443891469,0.8466430724150089,0.8491986369724304,21.03,1025.188
1791193545.3781116,69.5973664554554,0.8469319678575831,0.8450993315565112,0.8498740408992305,21.04,1025.179
1791193576.7115161,69.60055697491971,0.8467872420717528,0.8451919823395942,0.8498740408992305,21.07,1025.169
1791193608.055065,69.60082107907411,0.8462262322118388,0.846094180134643,0.8502797853864185,21.08,1025.17
1791193639.3045266,69.60349026509137,0.8469587486030806,0.8456241555944544,0.8499166128273693,21.08,1025.166
1791193670.5541046,69.60507458516152,0.8473405409333836,0.8465483808983049,0.8498319192723053,21.1,1025.159
1791193701.9034688,69.60605022892942,0.8463601740156894,0.8458723521317372,0.8493530469526451,21.15,1025.158
1791193733.060017,69.60822331217425,0.8466594613093851,0.8455729196869696,0.8494655414689495,21.15,1025.159
1791193764.2974818,69.60964363407146,0.8468819455251129,0.846171784576505,0.8493911350013666,21.18,1025.16
1791193795.6504934,69.61248421108805,0.8482678116898787,0.8468475231815852,0.8495398037311086,21.17,1025.162
1791193826.9904706,69.61487619039458,0.8470354029028964,0.8458394132496253,0.8492406614478282,21.15,1025.161
1791193858.3350058,69.61532072753005,0.8467706494660403,0.8465483808983049,0.8493530469526451,21.13,1025.161
1791193889.6814334,69.61315098360753,0.8468475231815852,0.8479323951428497,0.8493530469526451,21.17,1025.161
1791193921.025979,69.61285931589435,0.8469242480542253,0.847070081910808,0.8493150695230557,21.18,1025.162
1791193952.3573773,69.61083933210287,0.8456836345783069,0.8466936264740472,0.8492785674187249,21.18,1025.163
1791193983.6599743,69.61128501561498,0.8469164682301037,0.8466936264740472,0.8498036806751792,21.2,1025.165
1791194014.933703,69.6106168147316,0.8465823677884113,0.8469164682301037,0.8489789896820233,21.2,1025.163
1791194046.1362917,69.61220389424382,0.8465144926685776,0.8457209529124696,0.8497585099989934,21.15,1025.163
1791194077.3444357,69.61453342953206,0.8463993600164096,0.8452345923722911,0.8492358497895582,21.17,1025.164
1791194108.552181,69.61520839411816,0.8464421266821957,0.8461046443891469,0.8486831747681534,21.17,1025.177
1791194139.9006643,69.6135536548734,0.8459516082110445,0.84677897783342,0.8491624321153793,21.13,1025.174
1791194171.2440853,69.61341964391927,0.8462157845746427,0.8462827900517098,0.8497617294651079,21.14,1025.215
1791194202.4845345,69.61424110092695,0.8468819455251129,0.8464712170212727,0.8491661090241819,21.14,1025.169
1791194233.81519,69.61679337344357,0.8471815232618143,0.8459053870035018,0.8490914118316646,21.14,1025.164
1791194265.1655917,69.61357340822379,0.8451950106255365,0.8468049932354274,0.8492039431872288,21.18,1025.169
1791194296.5091083,69.61042066595932,0.846016424850924,0.8475927959831537,0.8498036806751792,21.2,1025.156
1791194327.8406672,69.60683095855995,0.8462492386150244,0.8480440923147067,0.8497649739137172,21.18,1025.157
1791194359.193093,69.60884934893758,0.847070081910808,0.846060886721994,0.8494655414689495,21.15,1025.146
1791194390.5396464,69.60854277730927,0.8467022608717197,0.8468555466858764,0.8497263796227563,21.18,1025.135
1791194421.8832464,69.61011061491972,0.8469663463123102,0.8461824275070824,0.8496495264971812,21.15,1025.13
1791194453.2266774,69.61017764678455,0.8463700840490055,0.8463365681165884,0.8499864609569061,21.17,1025.127
1791194484.5714142,69.61262500171397,0.8467448539623483,0.8455211764976402,0.8499089665625565,21.15,1025.115
1791194515.896717,69.61158433852286,0.8459170764807078,0.8464374080762608,0.8495756215653104,21.13,1025.108
1791194547.249369,69.61240305669301,0.8465144926685776,0.8461051335835039,0.8499127748902633,21.15,1025.098
1791194578.590973,69.61172646756523,0.8466430724150089,0.8469813669788959,0.8498667616827219,21.14,1025.091
1791194609.9383616,69.61689408301396,0.8465846746807392,0.8440008669563777,0.8493105959319961,21.14,1025.094
1791194641.2688906,69.61519549850765,0.8458452177980149,0.8466945100511757,0.8493771042995862,21.15,1025.084
1791194672.6075227,69.61513137109709,0.8459753688331747,0.8460074325384516,0.8491579910576245,21.13,1025.081
1791194703.951829,69.61540856715855,0.8457930700838919,0.8456544720531627,0.8489047988051814,21.1,1025.078
1791194735.2892742,69.61316181991661,0.8454722791137262,0.8465956527346997,0.8488326261894953,21.1,1025.071
1791194766.6301022,69.61149991676834,0.8456666722951278,0.8464976238692667,0.8485097280069858,21.1,1025.065
1791194797.9793797,69.6107758550347,0.84563529352453,0.8459973243913508,0.8485819088126364,21.11,1025.061
1791194829.3198745,69.60875634680113,0.8454229722977317,0.8464327264145175,0.8491562609062554,21.07,1025.06
1791194860.6714864,69.60890547879039,0.8457220686787713,0.8456475026841395,0.848797647696175,21.08,1025.056
1791194892.0128994,69.61139394207298,0.8467111445662798,0.8454669129249843,0.8487614701441659,21.05,1025.058
1791194923.35734,69.61060888602874,0.8454669129249843,0.8458594409471041,0.848905029502482,21.05,1025.051
1791194954.6969216,69.60937943109873,0.8456475026841395,0.8462622301491438,0.8490125110178784,21.01,1025.05
1791194986.043568,69.61031116279526,0.8459765159624448,0.8455106501141821,0.8489408077275873,21.04,1025.058
1791195017.3950295,69.61031116279526,0.8459765159624448,0.8459765159624448,0.8490121890848512,21.03,1025.053
1791195048.7354536,69.61046107832155,0.8452248036463983,0.8451498458832551,0.8489408077275873,20.98,1025.054
1791195080.0720072,69.6087428174059,0.8456475026841395,0.8465066331419674,0.8485112708768991,20.97,1025.054
1791195111.4105,69.60982656443116,0.8459338795034155,0.8453920059907868,0.849478048932065,20.95,1025.058
1791195142.7549863,69.60782961890136,0.8451052301145929,0.8461037028794919,0.848940864589539,20.97,1025.061
1791195174.1053667,69.60825386641251,0.8455290835088731,0.8453169597532971,0.8491925305122718,20.97,1025.061
1791195205.4431286,69.60861653063785,0.8451357962509222,0.8449544641382543,0.8490485126767383,20.95,1025.06
1791195236.7924912,69.60934250150191,0.8460611243974939,0.845698138965461,0.8490128353512615,20.97,1025.057
1791195268.1381238,69.61001340421323,0.8452899154939169,0.8449544641382543,0.849085209705821,20.95,1025.053
1791195299.4695723,69.60871674154623,0.8456040022858696,0.846252333619368,0.8491200923813057,20.97,1025.05
1791195330.797995,69.60669455433639,0.8449544641382543,0.8459655577431743,0.8491562609062554,20.95,1025.045
1791195362.1325526,69.61007313189559,0.8473994371241431,0.8457101483445412,0.8492277737319637,20.95,1025.036
1791195393.4912062,69.60778024915597,0.8461678305118716,0.847314271881685,0.8494821821657291,20.97,1025.027
1791195424.8435013,69.60743559281443,0.8459642671223665,0.8461365952931341,0.8497023036010307,20.94,1025.025
1791195456.1890056,69.60743559281443,0.8469024160031324,0.8469024160031324,0.8498148164686739,20.94,1025.021
1791195487.5245352,69.60875248268634,0.8472276583205747,0.84656921338462,0.8496706023401268,20.94,1025.014
1791195518.8521318,69.60985506203106,0.8470783416010392,0.8465270519286809,0.8495258419206063,20.91,1025.007
1791195550.2005394,69.60942123315301,0.8461260257178723,0.8463429401568917,0.8498560499576628,20.89,1024.994
1791195581.5543056,69.60935328647376,0.8470373478075947,0.8470713211472195,0.849894022596826,20.91,1024.988
1791195612.8996394,69.60832882395485,0.8465179232040534,0.8470301544635127,0.8498595933399822,20.89,1024.978
1791195644.2432363,69.60826024702536,0.847098437478173,0.8471327259429207,0.8501920100324227,20.87,1024.96
1791195675.5987258,69.60560125896671,0.8462138683479418,0.8475433623772608,0.8501195748258312,20.89,1024.955
1791195706.9540167,69.60838353177587,0.8467025646245503,0.8453114282199695,0.8496762794794395,20.87,1024.947
1791195738.2996974,69.60816541827549,0.8465179232040534,0.8466269799542457,0.8502643072607565,20.89,1024.935
1791195769.6422596,69.60890646821179,0.8468792496928301,0.8465087247246856,0.8502306631708256,20.86,1024.925
1791195800.9885335,69.6078757235109,0.8464659946284542,0.8469813669788959,0.8500513024588335,20.87,1024.917
1791195832.324103,69.60714735833487,0.8464230594837361,0.8467872420717528,0.8500513024588335,20.89,1024.911
1791195863.6795843,69.6098989507751,0.8483840379954999,0.8470082417753834,0.8498703872716025,20.89,1024.903
1791195895.0222843,69.60974626333562,0.8468213449996543,0.8468976887193973,0.8503920217265467,20.86,1024.902
1791195926.3026102,69.60737609292684,0.8464230594837361,0.8476081446881281,0.850162890880597,20.87,1024.901
1791195957.6361973,69.60642243401608,0.8469396283320911,0.8474164577874697,0.8500899756245538,20.83,1024.898
1791195988.968635,69.60783519340521,0.8468555466858764,0.846149166991313,0.8499476576288335,20.84,1024.892
1791196020.3221023,69.60791650371357,0.8475626085756148,0.847521953421433,0.8500989897957961,20.86,1024.889
1791196051.6676788,69.60724937445995,0.8465483808983049,0.8468819455251129,0.8504372305809497,20.84,1024.885
1791196082.9931045,69.60627489190063,0.847070081910808,0.8475573231904717,0.849990581340771,20.82,1024.881
1791196114.343609,69.60724995506425,0.8469587486030806,0.8464712170212727,0.8502509088337318,20.84,1024.872
1791196145.6921544,69.60709824291703,0.8477449500314262,0.8478208061050367,0.8500253770360741,20.82,1024.866
1791196177.0357864,69.6059103074456,0.8466769016788958,0.8472708694146164,0.8498703872716025,20.83,1024.862
1791196208.3581889,69.60599226645476,0.8473466343355125,0.8473056548309321,0.8503527635844415,20.82,1024.859
1791196239.7097478,69.6054783589654,0.8473056548309321,0.8475626085756148,0.8498703872716025,20.83,1024.85
1791196271.0462236,69.60673804548088,0.8465914282261109,0.8459615849683693,0.8500600046282766,20.82,1024.845
1791196302.3808737,69.6078635661369,0.8470772529965889,0.8465144926685776,0.850285024601014,20.82,1024.839
1791196333.7280877,69.60659641050304,0.8468475231815852,0.8474811009985158,0.8495781451554264,20.83,1024.845
1791196365.0726607,69.60823954063753,0.8469933496437494,0.846171784576505,0.8498777228921278,20.79,1024.839
1791196396.4222708,69.6090617204997,0.8468049932354274,0.8463939033043452,0.8502166272870958,20.8,1024.828
1791196427.7656848,69.6078616626608,0.8466164537703771,0.8472164826898303,0.8499166128273693,20.8,1024.828
1791196459.1015391,69.60748414189946,0.846539130918107,0.8467278912987724,0.8501428067159879,20.8,1024.829
1791196490.4497738,69.60688440441152,0.8465051244914521,0.8468049932354274,0.8499166128273693,20.8,1024.827
1791196521.798272,69.60463979930114,0.846094180134643,0.8472164826898303,0.8498036806751792,20.8,1024.823
1791196553.1445956,69.60463979930114,0.8470280516159349,0.8470280516159349,0.8499166128273693,20.79,1024.822
1791196584.4932125,69.60537348782037,0.8464277309816097,0.846060886721994,0.8499166128273693,20.77,1024.826
1791196615.82968,69.60710175300524,0.8472580358967762,0.8463939033043452,0.8503243744493918,20.76,1024.823
1791196647.1851554,69.60868028190114,0.8477403561840673,0.8469510917361178,0.8500688423783922,20.79,1024.831
1791196678.5197382,69.6077017059536,0.846762256220261,0.847251544194034,0.849955616315279,20.79,1024.832
1791196709.8662305,69.60710109332062,0.8468394372345971,0.8471397435510872,0.849955616315279,20.76,1024.827
1791196741.2126381,69.6077017059536,0.8459385182851269,0.8456382119686368,0.8495421940830078,20.77,1024.835
1791196772.5603092,69.60590074405063,0.8461275706644471,0.8470280516159349,0.8495038119312041,20.76,1024.82
1791196803.8996665,69.60672415655661,0.8468394372345971,0.8464277309816097,0.849955616315279,20.73,1024.821
1791196835.249226,69.6043240408788,0.846016424850924,0.8472164826898303,0.8497294944703984,20.74,1024.824
1791196866.5918376,69.60852424331496,0.8478165116092834,0.8457164103911974,0.8497294944703984,20.76,1024.82
1791196897.9233282,69.60694557303903,0.8452270897129592,0.846016424850924,0.8494293341532358,20.74,1024.815
1791196929.2687478,69.60792202334362,0.8469933496437494,0.8465051244914521,0.8496908581710688,20.76,1024.808
1791196960.6042342,69.6055219076658,0.846016424850924,0.8472164826898303,0.8495038119312041,20.74,1024.809
1791196991.9588683,69.60447518615679,0.8464277309816097,0.8469510917361178,0.8495806884140118,20.74,1024.798
1791197023.3022904,69.60409670311796,0.846495683229006,0.846684924748423,0.849994733853919,20.74,1024.791
1791197054.6329215,69.60695022090826,0.8470977601265325,0.8456710012313826,0.849619295416734,20.7,1024.785
1791197085.9753797,69.60717389007291,0.8469858164852863,0.8468739819029608,0.8496938421170558,20.73,1024.784
1791197117.3188777,69.60717389007291,0.8462724915671718,0.8462724915671718,0.8495806884140118,20.73,1024.771
1791197148.6507857,69.60664054558363,0.8461610587369643,0.8464277309816097,0.8500688423783922,20.74,1024.765
1791197179.9956656,69.60790408819557,0.8466594613093851,0.8460276900034139,0.8489789896820233,20.73,1024.754
1791197211.341157,69.60588381353809,0.8459832123150084,0.8469933496437494,0.8493530469526451,20.74,1024.742
1791197242.6837294,69.60654833007118,0.8459832123150084,0.8456509540484637,0.8491661090241819,20.69,1024.737
1791197274.0123205,69.60588097722872,0.8467364054895786,0.847070081910808,0.8491661090241819,20.72,1024.727
1791197305.3507502,69.60827992718052,0.8468049932354274,0.8456055182595266,0.8493165839079161,20.72,1024.723
1791197336.7032287,69.60685677803752,0.845527250030122,0.846238824601617,0.8494293341532358,20.72,1024.709
1791197368.049842,69.60632411275773,0.8461275706644471,0.8463939033043452,0.8493911350013666,20.73,1024.708
1791197399.3902555,69.60436630968759,0.8454488294465373,0.8464277309816097,0.8498425003994979,20.72,1024.692
1791197430.7457411,69.60534716304775,0.8463840330115597,0.8458936063314796,0.8499204807205375,20.73,1024.688
1791197462.0903313,69.6041430092527,0.8461946447802429,0.8467967216777692,0.8499204807205375,20.73,1024.683
1791197493.4308121,69.6063931362422,0.846684924748423,0.8455598612536678,0.8495060677166381,20.73,1024.684
1791197524.7652192,69.60579223132638,0.8457492819044533,0.8460497343623695,0.8493547113994468,20.73,1024.678
1791197556.1367865,69.60961892384445,0.8466506392782018,0.8447372930191666,0.8494676448950956,20.74,1024.672
1791197587.4672546,69.61021953647743,0.846539130918107,0.846238824601617,0.8493547113994468,20.74,1024.667
1791197618.8037395,69.61141959431633,0.8457164103911974,0.8451163814717443,0.8494293341532358,20.74,1024.666
1791197650.1592367,69.61021953647743,0.8463164393106506,0.8469164682301037,0.8497294944703984,20.73,1024.663
1791197681.5027914,69.6094658944101,0.8465051244914521,0.8468819455251129,0.8498036806751792,20.73,1024.653
1791197712.7943237,69.60902238955971,0.8456836345783069,0.8459053870035018,0.8496908581710688,20.74,1024.649
1791197744.1408925,69.60767017403353,0.8468049932354274,0.8474811009985158,0.8495038119312041,20.79,1024.649
1791197775.470342,69.60849119946391,0.8472580358967762,0.8468475231815852,0.8496523342463407,20.77,1024.636
1791197806.8118958,69.60804968837698,0.8453196602928381,0.8455404158363075,0.8492028655139916,20.77,1024.626
1791197838.161233,69.61232403143043,0.8478208061050367,0.8456836345783069,0.8491283847961208,20.73,1024.621
1791197869.508831,69.61083121850385,0.8459385182851269,0.846684924748423,0.8494676448950956,20.74,1024.608
1791197900.8552642,69.60864995502224,0.8458604599953161,0.8469510917361178,0.8495806884140118,20.74,1024.602
1791197932.198886,69.60624867248494,0.845527250030122,0.8467278912987724,0.8494676448950956,20.76,1024.587
1791197963.5422366,69.60542525997896,0.8464277309816097,0.8468394372345971,0.849655163857363,20.74,1024.581
1791197994.8817966,69.60406969157262,0.8454163959314709,0.846094180134643,0.8492418877665177,20.74,1024.57
1791198026.234297,69.60466913791203,0.846094180134643,0.8457944569649407,0.8495038119312041,20.73,1024.566
1791198057.5740004,69.60489114886244,0.8462827900517098,0.846171784576505,0.8492785674187249,20.73,1024.554
1791198088.92344,69.60391579539667,0.846171784576505,0.8466594613093851,0.8490537596589495,20.76,1024.546
1791198120.2607372,69.60190174142897,0.845618368386773,0.8466253953706216,0.8499127748902633,20.76,1024.539
1791198151.602369,69.60303227086003,0.8459170764807078,0.8453518117651833,0.8494273822094385,20.77,1024.539
1791198182.9444692,69.60385242622792,0.8463601740156894,0.845950096331744,0.8490537596589495,20.77,1024.535
1791198214.2840233,69.60460475565156,0.8473695143555757,0.8469933496437494,0.8489415191645477,20.76,1024.533
1791198245.6323476,69.60542606206809,0.8459053870035018,0.8454947337952387,0.8495038119312041,20.76,1024.534
1791198276.9717627,69.603849583127,0.8459053870035018,0.8466936264740472,0.8496165983676427,20.79,1024.53
1791198308.3182552,69.60228992105742,0.8465483808983049,0.8473282119330976,0.8493165839079161,20.79,1024.524
1791198339.6538715,69.6026677338174,0.8464277309816097,0.846238824601617,0.850029654787561,20.77,1024.519
1791198370.9809592,69.60251206121325,0.8460497343623695,0.8461275706644471,0.8492418877665177,20.77,1024.519
1791198402.3253567,69.6039373974965,0.8470628549619094,0.8463501868202856,0.8493547113994468,20.76,1024.508
1791198433.6679318,69.60498339334438,0.8468394372345971,0.8463164393106506,0.8497294944703984,20.77,1024.497
1791198464.9971192,69.60400694303979,0.8465051244914521,0.8469933496437494,0.8495038119312041,20.76,1024.5
1791198496.341545,69.60511484850359,0.8462827900517098,0.8457288373198103,0.8492785674187249,20.74,1024.493
1791198527.6901217,69.60354317372102,0.846138410662943,0.8469242480542253,0.8497263796227563,20.73,1024.49
1791198559.0345392,69.6023466045879,0.8456509540484637,0.8462492386150244,0.8492406614478282,20.7,1024.482
1791198590.3698628,69.60436390913057,0.8469587486030806,0.845950096331744,0.8489789896820233,20.73,1024.484
1791198621.716309,69.60376533454318,0.8463601740156894,0.8466594613093851,0.8490537596589495,20.73,1024.468
1791198653.0639107,69.60801502431772,0.8465483808983049,0.8444235360110335,0.8492406614478282,20.72,1024.467
1791198684.4075496,69.60697565690147,0.8455080062952882,0.8460276900034139,0.8492028655139916,20.7,1024.467
1791198715.756711,69.60644434497142,0.846060886721994,0.8463265426870178,0.8492406614478282,20.7,1024.458
1791198747.1040044,69.60442436117994,0.8456836345783069,0.8466936264740472,0.8492785674187249,20.69,1024.446
1791198778.448563,69.60562383615584,0.8471048619794025,0.8465051244914521,0.8492039431872288,20.65,1024.426
1791198809.7950816,69.6040470660662,0.8456055182595266,0.8463939033043452,0.8492039431872288,20.63,1024.426
1791198841.1052673,69.60284817338739,0.8457944569649407,0.8463939033043452,0.8495038119312041,20.65,1024.4
1791198872.3509285,69.60442443586189,0.8477045994673529,0.8469164682301037,0.8492039431872288,20.72,1024.392
1791198903.6993895,69.60165088500014,0.8463939033043452,0.8477806787352173,0.8495781451554264,20.7,1024.385
1791198935.041903,69.60231778991685,0.8466936264740472,0.8463601740156894,0.8497649739137172,20.73,1024.375
1791198966.3944442,69.6007448070185,0.8463601740156894,0.8471466654648655,0.8499516215400362,20.74,1024.368
1791198997.7248857,69.5987957746567,0.846060886721994,0.8470354029028964,0.8498389460143889,20.79,1024.367
1791199029.0642996,69.59797655306474,0.8462157845746427,0.8466253953706216,0.8493893336686904,20.82,1024.365
1791199060.408967,69.60118025387588,0.8476738033229264,0.8460719529173532,0.8495756215653104,20.82,1024.36
1791199091.7522876,69.6010275664364,0.8468213449996543,0.8468976887193973,0.8497969089387312,20.82,1024.356
1791199123.099822,69.59954732229798,0.8466004188641767,0.8473405409333836,0.8497969089387312,20.84,1024.354
1791199154.4382727,69.60108321155217,0.8464565390448003,0.8456885944177107,0.8497202217774116,20.84,1024.36
1791199185.7895033,69.60372433875494,0.847283506898198,0.845962943296806,0.849457288492123,20.84,1024.351
1791199217.1211233,69.60439669719027,0.8469208538984037,0.8465846746807392,0.8494552645122428,20.86,1024.348
1791199248.4586215,69.6070361639045,0.8478376565611676,0.8465179232040534,0.8494197233734937,20.86,1024.347
1791199279.8050027,69.60879856868941,0.8476928597273292,0.8468116573348724,0.8497489986430619,20.87,1024.341
1791199311.1346068,69.60960366365022,0.8465179232040534,0.8461153757236467,0.8501150344537545,20.86,1024.34
1791199342.474139,69.60768854678223,0.8458540989008786,0.8468116573348724,0.849970293370098,20.86,1024.336
1791199373.8275359,69.60680099498616,0.8467025646245503,0.8471463405225855,0.8495281246480206,20.86,1024.339
1791199405.1689045,69.60584718154102,0.8464515517344553,0.8469284584570203,0.8493805321001524,20.84,1024.329
1791199436.517452,69.60035348719701,0.8453881181930971,0.8481349653651036,0.8497111605380943,20.84,1024.328
1791199467.8629925,69.60057132983836,0.8467780056593446,0.846669084338668,0.849600846391539,20.86,1024.322
1791199499.193353,69.59593466551543,0.8460718914577263,0.8483902236191929,0.8504473412282978,20.87,1024.317
1791199530.4669735,69.59680590919595,0.8470713211472195,0.846635699306956,0.8492718454516665,20.86,1024.316
1791199561.814399,69.5979763907768,0.8465270519286809,0.8459418111382592,0.8496358069797425,20.87,1024.31
1791199593.1458511,69.59833009276848,0.8470301544635127,0.8468533034676708,0.8497489986430619,20.87,1024.315
1791199624.4932234,69.5966486678139,0.8462445966155456,0.847085309092837,0.8494512624238362,20.9,1024.301
1791199655.8338292,69.59708008105437,0.8465780929244753,0.8463623863042383,0.849739702040714,20.93,1024.292
1791199687.16715,69.59946473318955,0.8469100219793654,0.8457176959117785,0.8489410377407124,20.93,1024.285
1791199718.5117886,69.60134913748196,0.8469175709793808,0.8459753688331747,0.8492666494078288,20.94,1024.278
1791199749.852234,69.60242049862384,0.8465540274194382,0.8460183468484939,0.8494104723961012,20.93,1024.278
1791199781.1956606,69.60235552375627,0.8462221977592241,0.8462546851930086,0.8496304636632902,20.94,1024.265
1791199812.5431697,69.41418868569824,0.7528675108295203,0.8469509298585376,0.8498455792951516,20.91,1024.255
1791199843.8896377,69.4524338464337,0.8455036051402306,0.8263810247724972,0.8493370860031231,20.97,1024.257
1791199875.220205,69.499021374832,0.8468919118259364,0.8235981476267893,0.8480422211691042,20.94,1024.242
1791199906.5466917,69.53640642848495,0.8471794891617284,0.8284869623352522,0.8475742786106479,20.97,1024.234
1791199937.891289,69.57004207633778,0.8481148706766576,0.8312970467502436,0.848617375840688,20.94,1024.232
1791199969.2346895,69.58996190049005,0.8481846294608498,0.8382247173847143,0.8487608577319865,20.97,1024.217
1791200000.5771499,69.61460191448151,0.8481057147698529,0.8357857077741251,0.8493417477394442,21.0,1024.212
1791200031.9255536,69.62071390403126,0.8484623694072491,0.8454063746323751,0.8491986369724304,20.98,1024.208
1791200063.2722054,69.6208964369131,0.8466604798255402,0.84656921338462,0.8497489986430619,20.97,1024.207
1791200094.6077356,69.61834172957705,0.846503103637632,0.8477804573056569,0.8495957541012018,20.98,1024.196
1791200125.9459789,69.61913036525694,0.8457731446496581,0.8453788268097154,0.8491935292226261,20.95,1024.197
1791200157.1103606,69.61653906501522,0.8455477065917129,0.84684335671257,0.8491579910576245,20.95,1024.194
1791200188.3419986,69.61632440062782,0.8460074325384516,0.8461147647321483,0.8489771844641674,20.95,1024.192
1791200219.6446612,69.54919716889565,0.8129485907132914,0.8465122065793746,0.8493033639867985,21.0,1024.185
1791200250.9112375,69.55704972525318,0.8479936870564314,0.8440674088776651,0.8493771042995862,21.01,1024.182
1791200282.2245748,69.56331360081548,0.8474903121968932,0.8443583744157459,0.8489410377407124,21.04,1024.175
1791200313.5120075,69.61669822812904,0.8486498562824573,0.8219575426256729,0.8491230281860543,21.05,1024.175
1791200344.8534265,69.62183652139439,0.8479658568795864,0.845396710246911,0.8490858089721774,21.05,1024.167
1791200376.0880032,69.62162265006786,0.8460183468484939,0.8461252825117519,0.8490131621119466,21.04,1024.158
1791200407.3233643,69.61656125838891,0.845396710246911,0.8479274060863825,0.8492300379644281,21.07,1024.158
1791200438.6611779,69.61105744699147,0.8444821448383208,0.8472340505370456,0.8495584884911985,21.04,1024.151
1791200469.9044802,69.6053381184408,0.8452141401965692,0.8480738044719045,0.8491215492927983,21.05,1024.142
1791200501.1948328,69.60314647885626,0.8459433951564657,0.8470392149487315,0.8491562609062554,21.04,1024.137
1791200532.544024,69.59927198022085,0.8457101483445412,0.8476473976622491,0.848869084859446,21.03,1024.131
1791200563.7661066,69.59966882741989,0.8453788268097154,0.8451804032101928,0.8489767997325858,21.04,1024.124
1791200594.9545958,69.59768654099734,0.8456787818669805,0.8466699250782551,0.8491925305122718,20.98,1024.118
1791200626.0937676,69.62302569869918,0.8454098903166757,0.8327403114657583,0.8494104723961012,20.97,1024.106
1791200657.2885294,69.61342759810438,0.8437091233036702,0.8485081736010684,0.8488688741020987,20.98,1024.099
1791200688.5293028,69.60534153522383,0.8443925547516351,0.8484355861919075,0.849085209705821,20.98,1024.09
1791200719.6314833,69.6027459356153,0.845396710246911,0.8466945100511757,0.8492300379644281,21.0,1024.079
1791200750.8044887,69.5991098639652,0.8449096125828928,0.8467276484079491,0.8495213279582401,21.0,1024.075
1791200782.0421567,69.59533303288693,0.8450475899996195,0.846936005538751,0.8501441861388115,21.04,1024.067
1791200813.2556999,69.59386866385343,0.8460286958634701,0.846760880380217,0.8492323363755655,21.01,1024.063
1791200844.5312724,69.58989424012208,0.8453209995933438,0.8473082114590174,0.8503917632845318,21.04,1024.058
1791200875.7316349,69.59059946603989,0.8458248920726347,0.8454722791137262,0.8496304636632902,21.07,1024.045
1791200907.0809932,69.58894465133615,0.8457176959117785,0.8465451032636508,0.8489773790026602,21.07,1024.039
1791200938.4265084,69.5917826427312,0.8475984929845515,0.8461794972870239,0.8500301201113563,21.04,1024.043
1791200969.7710738,69.59048553715913,0.8465451032636508,0.8471936560496867,0.8493771042995862,21.04,1024.031
1791201001.115463,69.58893931473317,0.8453521712987725,0.8461252825117519,0.8493386282694529,21.1,1024.022
1791201032.4459755,69.5906655828219,0.8461357218700344,0.8452725878256663,0.8490128353512615,21.08,1024.015
1791201063.7915137,69.59232733598223,0.8459973243913508,0.8451664478111848,0.8493720583517225,21.11,1024.014
1791201095.1349366,69.59281636252291,0.8463586823077158,0.8461141690373766,0.8498015920168133,21.08,1024.007
1791201126.482572,69.59281636252291,0.8462202563226914,0.8462202563226914,0.8488692940541099,21.08,1024.006
1791201157.8277988,69.59209445602445,0.8460717731652911,0.8464327264145175,0.8487614701441659,21.03,1023.996
1791201189.1675305,69.59166781217377,0.8463910125648013,0.8466043344901444,0.8490846149034769,21.04,1023.992
1791201220.5159137,69.59119327164359,0.8463167571543525,0.8465540274194382,0.8493737277581972,21.01,1024.003
1791201251.863376,69.59177465473678,0.8464701888336205,0.8461794972870239,0.8496677958461829,21.01,1023.982
1791201283.1999266,69.58978976032881,0.8454777416296327,0.8464701888336205,0.8491230281860543,21.0,1023.987
1791201314.4933274,69.59131140369885,0.84684335671257,0.8460825350275534,0.8494122947808801,21.0,1023.986
1791201345.842928,69.5921697286817,0.8470990875696774,0.8466699250782551,0.8493386282694529,21.0,1023.976
1791201377.1952732,69.59347206754605,0.8464559446474399,0.8458047752152676,0.8490489718675548,21.01,1023.961
1791201408.5228686,69.59279083413642,0.8460503958599881,0.8463910125648013,0.8490131621119466,21.0,1023.961
1791201439.8543925,69.59227864609564,0.845560299173789,0.8458163931941824,0.8493720583517225,21.04,1023.955
1791201471.1957812,69.59191746657733,0.8454669129249843,0.8456475026841395,0.8490125110178784,21.05,1023.943
1791201502.4064825,69.58954393889319,0.8458594409471041,0.8470462047891719,0.8486903654602739,21.07,1023.93
1791201533.6756883,69.59107453064759,0.8461882681749319,0.8454229722977317,0.8491200923813057,21.07,1023.921
1791201565.0153933,69.58883916920163,0.8450604066280389,0.8461780873510143,0.8491208181200766,21.07,1023.912
1791201596.3637424,69.59028812764085,0.8464976238692667,0.8457731446496581,0.8491925305122718,21.05,1023.904
1791201627.7021956,69.5910107225314,0.84696563193542,0.8466043344901444,0.849408663605489,21.05,1023.897
1791201659.039824,69.58971177390126,0.8453478500762844,0.8459973243913508,0.8490846149034769,21.05,1023.877
1791201690.3740795,69.5903730780937,0.8459973243913508,0.8456666722951278,0.8493355552093107,21.05,1023.876
1791201721.7197406,69.58994657249943,0.8462101804210211,0.8464234332181572,0.8493005466993842,21.04,1023.864
1791201753.060172,69.59239610878687,0.8467850673175124,0.845560299173789,0.8490846149034769,21.01,1023.857
1791201784.4065971,69.59160580043418,0.8459863876142462,0.8463815417905926,0.8495907380319855,21.04,1023.847
1791201815.7530699,69.59058546693117,0.8456040022858696,0.8461141690373766,0.849370401334727,21.03,1023.836
1791201847.0925515,69.59094456654432,0.8459134507614176,0.845733900954842,0.8493687565697982,21.0,1023.829
1791201878.4431906,69.59100719675413,0.8458820489471779,0.8458507338422703,0.8489051804668705,21.01,1023.822
1791201909.7715638,69.58938274810525,0.8455975198036821,0.8464097441281241,0.8492963986691265,21.03,1023.815
1791201941.1160471,69.58710125782996,0.8455541852748903,0.8466949304125352,0.8495467932566476,21.0,1023.805
1791201972.4615912,69.58411150670906,0.8454924035241803,0.8469872790846249,0.8489762332587454,20.98,1023.806
1791202003.8039777,69.58485039967654,0.8463776265602708,0.8460081800765293,0.849441516849626,20.98,1023.8
1791202035.1574578,69.58427684792416,0.8459655577431743,0.846252333619368,0.8492277737319637,20.98,1023.798
1791202066.5169494,69.58512487792824,0.8461460836808109,0.8457220686787713,0.849370401334727,20.95,1023.796
1791202097.860553,69.58383263625072,0.8457220686787713,0.8463681895175333,0.8492266541953711,20.97,1023.785
1791202129.1901243,69.5832606785079,0.8467602259177585,0.8470462047891719,0.8497983471309386,20.94,1023.781
1791202160.5325193,69.5847656342712,0.8465804028720455,0.845827924990388,0.8492628535542511,20.98,1023.789
1791202191.8781002,69.58582882206615,0.8468258853717555,0.8462942914742874,0.8492277737319637,21.0,1023.77
1791202223.2273953,69.5853226258585,0.8460189555683479,0.8462720536721757,0.8489764206878252,20.98,1023.76
1791202254.5882146,69.58454281075275,0.8460611996812953,0.8464511072341693,0.8496879776236828,21.0,1023.751
1791202285.9345963,69.58353448939255,0.8461665780906736,0.846670738770774,0.8497217246460712,21.0,1023.73
1791202317.2730038,69.58353448939255,0.8455357605271367,0.8455357605271367,0.8491179471696125,21.01,1023.727
1791202348.564232,69.58382994640375,0.8459245301083423,0.8457768016027378,0.8493671239215475,21.03,1023.719
1791202379.7523239,69.58517836334943,0.846914393916968,0.8462401854441298,0.8497583747025431,21.03,1023.721
1791202410.8966012,69.583747406242,0.8457768016027378,0.84649228015645,0.849260369569334,21.03,1023.717
1791202442.237203,69.5845895763874,0.8467761551805039,0.8463550701077989,0.8488343329519865,21.08,1023.714
1791202473.5838065,69.58338979013723,0.8461032496489553,0.8467031427740362,0.8491537134316212,21.07,1023.704
1791202504.91211,69.58515738512554,0.8465244525784406,0.8456406550842885,0.8490471553729343,21.05,1023.69
1791202536.2627587,69.58627185598958,0.8463455977598529,0.8457883623278319,0.8498286421905112,21.05,1023.689
1791202567.6012182,69.58689763593804,0.8457998384713598,0.8454869484971306,0.8490112374243586,21.01,1023.681
1791202598.9508057,69.58942195857689,0.8466146708475716,0.845352509528144,0.8491165431152143,21.0,1023.681
1791202630.2962573,69.58850618576665,0.8462695345904852,0.8467274209956108,0.8494321259982004,20.98,1023.667
1791202661.6409223,69.59084189093622,0.8465506948415847,0.8453828422568008,0.8490462670242183,20.98,1023.66
1791202692.991328,69.59006828123147,0.8455175211303686,0.8459043259827416,0.8491520461360638,21.0,1023.647
1791202724.3447032,69.59215136768171,0.8460089091391535,0.8449673659140335,0.849293683919051,20.97,1023.645
1791202755.6942954,69.59280046704252,0.8454994643016673,0.8451749146212585,0.8485894127775148,20.95,1023.639
1791202787.0428407,69.58892651502451,0.845352509528144,0.8472894855371489,0.8487999768503814,20.97,1023.635
1791202818.4002378,69.58744797662163,0.8447601951002279,0.8454994643016673,0.8486946468909939,20.98,1023.626
1791202849.7417312,69.58540647215871,0.8455299426101259,0.8465506948415847,0.8490811371014811,20.94,1023.62
1791202881.0824728,69.58365453865696,0.845811230958172,0.8466871977090509,0.8493622973525807,20.98,1023.607
1791202912.4358416,69.58279880931772,0.845456459513684,0.8458843241833038,0.8490109248311306,20.97,1023.603
1791202943.7682877,69.58215393167782,0.8457803687085625,0.8461028075285129,0.8491857426456165,21.0,1023.598
1791202975.129826,69.58248430449753,0.8459262792686013,0.845761092858746,0.8488004325356356,20.97,1023.594
1791203006.4783854,69.58269134961631,0.8459680442453924,0.8458645216859989,0.8488705173578466,20.98,1023.59
1791203037.8189092,69.57997347950726,0.8454085265524588,0.8467674616069858,0.849080572196004,20.97,1023.585
1791203069.1764054,69.5813020239604,0.8459262792686013,0.8452620070420301,0.8489054758167889,21.01,1023.576
1791203100.5179243,69.5805941719347,0.8454994643016673,0.8458533903145166,0.848659880593345,21.03,1023.563
1791203131.815412,69.57988645299959,0.8453957311266667,0.8457495905942272,0.8489405296212278,21.01,1023.557
1791203163.1488972,69.57890748605767,0.8458843241833038,0.8463738076542645,0.8493622973525807,21.04,1023.54
1791203194.4934485,69.5772197559694,0.845811230958172,0.8466550960023106,0.849573757954667,21.04,1023.529
1791203225.8458974,69.57887492324257,0.8464373280221762,0.84560974438559,0.8492591412445316,21.03,1023.466
1791203257.19931,69.58066905416771,0.8458507338422703,0.8449536683796991,0.8494377190388461,21.03,1023.485
1791203288.5249104,69.58729481562389,0.8475167931047283,0.8442039123766399,0.8493325275309728,21.04,1023.467
1791203319.9082994,69.58864440810406,0.8468413743307601,0.8461665780906736,0.8497246655439238,21.04,1023.457
1791203351.2517757,69.58705291379006,0.8459559183098191,0.8467516654668189,0.8492255429214145,21.07,1023.446
1791203382.5824344,69.586697846737,0.8456646441619867,0.8458421776885172,0.8491520461360638,21.07,1023.434
1791203413.9098392,69.58607280678248,0.8456339260899123,0.8459464460671727,0.8496098708345903,21.08,1023.425
1791203445.2482882,69.58487923890381,0.8464373280221762,0.8470341119615115,0.8490112374243586,21.1,1023.418
1791203476.5978785,69.58630540780769,0.8460089091391535,0.845295824687212,0.8492233447982,21.13,1023.406
1791203507.9452536,69.58588598246195,0.8462914849057711,0.8465011975786436,0.8494699639042441,21.13,1023.395
1791203539.2198,69.58766725457797,0.8466789983858399,0.8457883623278319,0.849329544236535,21.1,1023.385
1791203570.5585203,69.5877315294072,0.8466061980870002,0.8465740606723887,0.8492233447982,21.07,1023.38
1791203601.8919,69.5873750159403,0.845862012766829,0.8460402695002778,0.849365503256575,21.07,1023.367
1791203633.2264378,69.58701869484408,0.846250040298334,0.8464282008464462,0.8498952135681132,21.08,1023.361
1791203664.5699656,69.5884224199245,0.846250040298334,0.8455481777581243,0.8499319510671641,21.07,1023.35
1791203695.8761766,69.58982515553338,0.8468566364390062,0.8461552686345647,0.8488699124338902,21.1,1023.353
1791203727.0559103,69.59131261384637,0.8461135880719821,0.8453698589154871,0.8496823941051821,21.1,1023.338
1791203758.3420002,69.59265182468181,0.8462914849057711,0.8456218794880491,0.849117242571947,21.1,1023.329
1791203789.514883,69.59265182468181,0.8463327402599613,0.8463327402599613,0.8496460827487821,21.05,1023.32
1791203820.8091536,69.59167425026614,0.8458533903145166,0.846342177522353,0.8494321259982004,21.1,1023.314
1791203852.1478379,69.59279837934922,0.8458843241833038,0.8453222596417659,0.8495018276769934,21.11,1023.303
1791203883.4922118,69.59006894000093,0.8454994643016673,0.846864183975811,0.8487999768503814,21.11,1023.293
1791203914.8356793,69.5889635680204,0.8453828422568008,0.8459355282470653,0.8499611777924907,21.1,1023.282
1791203946.1801877,69.58854468081879,0.8455789187270205,0.8457883623278319,0.8490822793512803,21.11,1023.274
1791203977.5326478,69.58804164566713,0.8460717162178154,0.8463232337936389,0.8487990554459857,21.08,1023.261
1791204008.8782637,69.58896142339353,0.8469291078353243,0.8464692189721265,0.849293683919051,21.14,1023.25
1791204040.2147467,69.58726983986787,0.8454869484971306,0.8463327402599613,0.8494339767236739,21.1,1023.236
1791204071.5634356,69.5852222158315,0.8459776347792132,0.8470014467973996,0.8491520461360638,21.08,1023.224
1791204102.9096503,69.58784270313818,0.8468891623803615,0.8455789187270205,0.8498253293241487,21.08,1023.209
1791204134.2471952,69.58792732957001,0.8459043259827416,0.845862012766829,0.849506049955129,21.07,1023.197
1791204165.598851,69.59111836456243,0.8469217778877656,0.8453262603915509,0.8491886090076327,21.04,1023.189
1791204196.9511912,69.59005040845398,0.8455481777581243,0.8460821558123508,0.8493998183385646,21.05,1023.177
1791204228.2687356,69.58856288296566,0.8460402695002778,0.8467840322444327,0.8491528767272514,21.04,1023.164
1791204259.6223316,69.59151047133007,0.8468566364390062,0.8453828422568008,0.849117242571947,21.05,1023.153
1791204290.9676955,69.59284525436009,0.846123851028695,0.845456459513684,0.8492923413928989,21.01,1023.139
1791204322.3082073,69.59509044658314,0.8461340393423995,0.8450114432308681,0.8496073810164569,21.04,1023.13
1791204353.6537719,69.59642019830896,0.8465911551315092,0.8459262792686013,0.8489054758167889,21.07,1023.113
1791204384.9942803,69.59402986059307,0.845676507785986,0.8468716766439365,0.8489405296212278,21.07,1023.105
1791204416.3426132,69.59396677278653,0.8463106336190818,0.846342177522353,0.8489405296212278,21.05,1023.104
1791204447.6821225,69.59544364448087,0.8458533903145166,0.8451149544673472,0.8492211786491105,21.05,1023.095
1791204479.024728,69.5935540572342,0.8455422738708578,0.8464870674941909,0.8489054758167889,21.07,1023.087
1791204510.3681667,69.59214198282747,0.8452620070420301,0.8459680442453924,0.8485548057185005,21.08,1023.082
1791204541.7046547,69.58963639313231,0.8449225762231524,0.8461753710707322,0.8489404752091677,21.05,1023.077
1791204573.0522847,69.58698088570102,0.8450553206416944,0.8463830743573405,0.8492910086221391,21.08,1023.059
1791204604.3967009,69.5841158093397,0.8451586169508492,0.8465911551315092,0.8495018276769934,21.07,1023.051
1791204635.7490604,69.58474107681363,0.8465506948415847,0.8462380611046247,0.8487999768503814,21.13,1023.042
1791204667.090611,69.58586214412894,0.8458225406996854,0.8452620070420301,0.849080572196004,21.14,1023.029
1791204698.421116,69.58606968732205,0.8461028075285129,0.8459990359319538,0.8489054758167889,21.15,1023.019
1791204729.749525,69.5873962091917,0.8463515463337461,0.8456882853989256,0.8489754971433268,21.11,1023.013
1791204761.0920951,69.58830845287477,0.845584889547529,0.8451287677059922,0.8488356538559231,21.1,1023.005
1791204792.420576,69.58692087548006,0.8456577576363907,0.8463515463337461,0.8491504030271911,21.1,1022.992
1791204823.7670252,69.58594505832144,0.8463515463337461,0.8468394549130583,0.8491504030271911,21.13,1022.982
1791204855.1156223,69.58686095410387,0.845676507785986,0.8452185598947721,0.8490458276978183,21.11,1022.977
1791204886.45817,69.58951696997829,0.8466633411861682,0.8453353332489538,0.8490106145093443,21.11,1022.97
1791204917.7326849,69.58978399148992,0.8455118893257125,0.8453783785698956,0.8488705173578466,21.14,1022.962
1791204949.088093,69.58978399148992,0.8454085265524588,0.8454085265524588,0.8490453915565267,21.1,1022.958
1791204980.4295626,69.5882515599333,0.8454815873135483,0.8462478030918592,0.8484858738635932,21.1,1022.958
1791205011.777065,69.58901875208464,0.8461753710707322,0.845791774995057,0.8486954845360674,21.11,1022.95
1791205043.1236048,69.58790072990385,0.8454815873135483,0.846040598403944,0.8491151594011209,21.1,1022.94
1791205074.463139,69.58754889517297,0.846040598403944,0.8462165157693807,0.8491151594011209,21.08,1022.938
1791205105.793458,69.58649302638834,0.8453783785698956,0.8459063129622151,0.8486262956161831,21.05,1022.943
1791205137.1410086,69.58517103556518,0.8459787263188814,0.8466397217304595,0.8488707160846181,21.05,1022.936
1791205168.4695215,69.58461328697665,0.8452453502591104,0.8455242245533802,0.8496382642811732,21.07,1022.941
1791205199.8170817,69.58461328697665,0.8459063129622151,0.8459063129622151,0.848975316440943,21.08,1022.94
1791205231.152429,69.5840540226997,0.8458645216859989,0.8461441538244687,0.8492201073476376,21.1,1022.941
1791205262.5010889,69.58481889048542,0.8462887468550718,0.8459063129622151,0.8489055483183889,21.07,1022.939
1791205293.8536253,69.58558193976206,0.8454212295467088,0.8450397049083851,0.8487662101797443,21.08,1022.934
1791205325.211014,69.58962974774093,0.8476512166353991,0.8456273126459672,0.848487461793658,21.05,1022.924
1791205356.5587106,69.59095242927901,0.846743313910959,0.8460819731419199,0.8494284646731578,21.04,1022.921
1791205387.9039323,69.5874001995508,0.8451424811606225,0.8469185960247294,0.8494284646731578,21.04,1022.916
1791205419.1539378,69.58804357335431,0.8455969500914717,0.8452752631897131,0.848975316440943,21.04,1022.916
1791205450.4519446,69.58818702506842,0.8468469997594221,0.846775273902371,0.8489055483183889,21.04,1022.907
1791205481.790596,69.58630401445193,0.8458337685941247,0.846775273902371,0.849080011376823,21.03,1022.91
1791205513.141925,69.58413500337916,0.8453483123297192,0.8464328178661017,0.849219043781535,21.04,1022.917
1791205544.4395585,69.58448549458637,0.8461231614149823,0.845947915811372,0.8488359781235747,21.04,1022.912
1791205575.7879927,69.58322593564239,0.8454212295467088,0.8460510090187032,0.8491144750340619,21.04,1022.919
1791205607.1305864,69.58337174656855,0.8452884237503182,0.8452155182872418,0.8490100005817787,21.05,1022.913
1791205638.4819243,69.58434116881085,0.8459787263188814,0.845494015197729,0.849219043781535,21.03,1022.916
1791205669.8284967,69.5855983354435,0.847061401182429,0.8464328178661017,0.849323706951917,21.07,1022.91
1791205701.1760325,69.5824635634741,0.845494015197729,0.847061401182429,0.8488359781235747,21.03,1022.915
1791205732.5186248,69.58169975943021,0.845875572683015,0.8462574747049677,0.8489404211899917,21.01,1022.917
1791205763.8630834,69.58037845861413,0.845875572683015,0.846536223091054,0.8489404211899917,21.03,1022.918
1791205795.2123678,69.58337243612108,0.8460819731419199,0.84458498438845,0.848975316440943,21.05,1022.909
1791205826.545855,69.5720946616376,0.8412156029843798,0.8468544902261156,0.8489404211899917,21.05,1022.899
1791205857.8973114,69.57223858559475,0.8462982491327043,0.8462262871541363,0.8490794545997608,21.05,1022.893
1791205889.246995,69.57446756632709,0.8464328178661017,0.8453183274999285,0.849219043781535,21.07,1022.884
1791205920.5325954,69.57523068129765,0.845875572683015,0.845494015197729,0.8492883719245429,21.08,1022.88
1791205951.7939255,69.5762842502283,0.8460510090187032,0.8455242245533802,0.8488359781235747,21.1,1022.879
1791205983.12743,69.57886864759683,0.8461853132784631,0.8448931145941962,0.8492543167571909,21.11,1022.869
1791206014.4737754,69.58054492199581,0.8462165157693807,0.8453783785698956,0.8487309273678361,21.11,1022.859
1791206045.8274245,69.58213690347725,0.8468469997594221,0.8460510090187032,0.8489055483183889,21.11,1022.85
1791206077.1727612,69.58456912206132,0.8462262871541363,0.8450101778620969,0.8489056202971962,21.11,1022.842
1791206108.515356,69.58735032752838,0.8468544902261156,0.8454638874925875,0.848801334053055,21.13,1022.823
1791206139.864914,69.58971983838337,0.8464731791778111,0.8452884237503182,0.848801334053055,21.15,1022.815
1791206171.2122567,69.5920948938229,0.8457725121082161,0.84458498438845,0.8486617985984484,21.14,1022.809
1791206202.5428784,69.59273700740509,0.845875572683015,0.845554515891919,0.8487662101797443,21.13,1022.797
1791206233.8852174,69.59147553419636,0.8459371367028858,0.846567873307247,0.8491848010205947,21.13,1022.789
1791206265.2237601,69.58973761231606,0.8459063129622151,0.846775273902371,0.849080011376823,21.14,1022.783
1791206296.5754128,69.5937976922884,0.8459371367028858,0.8439070967167096,0.8490103064343312,21.13,1022.774
1791206327.9127355,69.59506684236987,0.8461340393423995,0.8454994643016673,0.8492567114325319,21.17,1022.762
1791206359.265278,69.59465047307327,0.845456459513684,0.8456646441619867,0.8487644651190325,21.15,1022.761
1791206390.6090221,69.5953409774262,0.8465420113899161,0.8461967592134486,0.8490817061380792,21.14,1022.754
1791206421.9362028,69.59197165751438,0.8459572844453053,0.8476419444012214,0.848975679161763,21.17,1022.796
1791206453.2806473,69.58937378679977,0.8455727412866337,0.8468716766439365,0.8492211786491105,21.17,1022.744
1791206484.6283305,69.58881274377491,0.8454690690817999,0.8457495905942272,0.8493963702557824,21.11,1022.741
1791206515.9746878,69.58881274377491,0.8462066733813961,0.8462066733813961,0.8492910086221391,21.13,1022.738
1791206547.3023307,69.59217900192404,0.8465911551315092,0.8449080260569453,0.8490106145093443,21.13,1022.73
1791206578.6504147,69.59182594540421,0.8459262792686013,0.8461028075285129,0.8492910086221391,21.13,1022.732
1791206609.9911907,69.59294650404568,0.8465593152526901,0.8459990359319538,0.8488004325356356,21.11,1022.732
1791206641.3287559,69.59427346753573,0.8461753710707322,0.8455118893257125,0.8489754971433268,21.11,1022.729
1791206672.6713157,69.59119519379031,0.8461028075285129,0.8476419444012214,0.8492910086221391,21.11,1022.718
1791206703.993979,69.58831650928114,0.845352509528144,0.8467918517827306,0.849222257770652,21.11,1022.71
1791206735.291244,69.58873327902927,0.8461967592134486,0.8459883743393856,0.8490109248311306,21.11,1022.7
1791206766.636855,69.55486006622324,0.8085270696061003,0.825463676009115,0.8484136146202248,21.13,1022.692
1791206797.9852183,69.56524668270019,0.8483428260905876,0.8431495178521118,0.8492567114325319,21.14,1022.683
1791206829.3326309,69.47351882159337,0.7914507759071323,0.8373147064605398,0.8489054758167889,21.13,1022.67
1791206860.668343,69.32365293147798,0.7576913871767454,0.8326243322344445,0.8484498262837546,21.13,1022.663
1791206892.0135953,69.3752954514541,0.8340218599604342,0.8082005999723806,0.840753832946856,21.13,1022.653
1791206923.365069,69.4359245076308,0.8393544046001336,0.8090398765117809,0.8415934899548895,21.1,1022.714
1791206954.7086046,69.48015816687547,0.8422551945690999,0.8201383649467685,0.8444952954271755,21.1,1022.646
1791206985.8243365,69.52290011388605,0.8448637327745363,0.8234927592692448,0.8459787263188814,21.07,1022.636
1791207017.0647738,69.41864333386303,0.7867087746059379,0.8388371646174458,0.8489054758167889,21.04,1022.625
1791207048.3640575,69.30510503074633,0.7564882735072487,0.813257425065601,0.838459587605591,21.04,1022.644
1791207079.7045088,69.38743047613197,0.8250905170808336,0.7839277943880134,0.8310002648779657,21.08,1022.616
1791207111.0520992,69.45595919851466,0.8302434002778081,0.7959790390864596,0.8333361630399037,21.11,1022.606
1791207142.3825982,69.50945721426545,0.8363113233665005,0.8095623154911025,0.8405210587847428,21.11,1022.591
1791207173.7250922,69.54925510395897,0.841898805096099,0.8219998602493399,0.8444212065555473,21.1,1022.583
1791207205.0725372,69.57841609168963,0.8459262792686013,0.8313457854032705,0.8477132411812184,21.11,1022.573
1791207236.3969808,69.61259313025455,0.849080572196004,0.8319920529135443,0.8496408515167403,21.1,1022.584
1791207267.7484272,69.62414986230954,0.847855446714289,0.8420770806867992,0.8493607118563721,21.04,1022.576
1791207299.0760117,69.62562315707862,0.8468394549130583,0.8461028075285129,0.84876563271006,21.07,1022.571
1791207330.4044604,69.62174413569097,0.846364473153342,0.8483039838471677,0.8494358410206126,21.08,1022.556
1791207361.7408996,69.61401692273715,0.8448637339052213,0.8487273403821352,0.8490828567872368,21.07,1022.549
1791207393.092486,69.60541828140957,0.8438617796681497,0.8481611003319415,0.8501454882902149,21.07,1022.546
1791207424.4338903,69.5938219861434,0.8431071815891741,0.8489053292222619,0.8500386706775831,21.05,1022.542
1791207455.583759,69.58543983927285,0.8438704643072719,0.8480615377425416,0.849573757954667,21.04,1022.541
1791207486.8919258,69.57462351466312,0.8426904202327152,0.8480985825375792,0.8493266043571377,21.03,1022.541
1791207518.231475,69.56937021633465,0.8444212065555473,0.8470478557197806,0.8493963702557824,21.04,1022.541
1791207549.5631616,69.56060788211032,0.8445243087046272,0.8489054758167889,0.8494660094744442,21.04,1022.549
1791207580.9085727,69.55402597234936,0.8448784772904809,0.84816943217096,0.849080572196004,21.03,1022.547
1791207612.255815,69.55408902839655,0.8463830743573405,0.8463515463337461,0.8497462763032716,21.05,1022.54
1791207643.5974953,69.55582939656036,0.8468073207847927,0.8459371367028858,0.8496049092494602,21.05,1022.532
1791207674.9489114,69.56385918678174,0.8463201039491419,0.8423052088384503,0.8494997394861075,21.05,1022.528
1791207706.2962947,69.56435466825735,0.8466715267007422,0.8464237859629387,0.848975316440943,21.08,1022.526
1791207737.6379597,69.56644775316848,0.8466314320030907,0.845584889547529,0.8493946649463189,21.07,1022.516
1791207768.9794216,69.56750519897619,0.8467353962852512,0.8462066733813961,0.849080572196004,21.07,1022.513
1791207800.174423,69.56546888134827,0.8461340393423995,0.8471521981563638,0.8493963702557824,21.08,1022.509
1791207831.3742707,69.56686049119455,0.8469436080149957,0.8462478030918592,0.8494302886965356,21.08,1022.495
1791207862.7237103,69.56350033990743,0.8450553206416944,0.8467353962852512,0.8496408515167403,21.05,1022.492
1791207894.0732331,69.56161240111449,0.8456153458562133,0.8465593152526901,0.8493607118563721,21.04,1022.484
1791207925.4188125,69.56217293477215,0.8469436080149957,0.8466633411861682,0.8491857426456165,21.05,1022.486
1791207956.7641487,69.56574317123736,0.8472238748438233,0.8454387566112175,0.8493607118563721,21.04,1022.486
1791207988.1141145,69.56532864936356,0.845791774995057,0.8459990359319538,0.8492555097505862,21.03,1022.481
1791208019.4332652,69.58513637859626,0.8454387566112175,0.8355348919948731,0.8492555097505862,21.05,1022.484
1791208050.7827132,69.58450917069399,0.8475754341070295,0.8478890380581651,0.8495355223578457,21.05,1022.482
1791208082.1251223,69.57666881769073,0.8442152828199161,0.8481354593215484,0.8494660094744442,21.07,1022.487
1791208113.4717388,69.5135572576577,0.7981430555744357,0.8296988355909569,0.8498916727397762,21.07,1022.486
1791208144.8142507,69.52181986932389,0.8477760598582975,0.8436447540252021,0.8496823941051821,21.1,1022.486
1791208176.167795,69.53331850817446,0.8483406945402797,0.8425913751149958,0.8502104593594849,21.08,1022.481
1791208207.5064247,69.54149274475103,0.8484463444349737,0.8443592261466896,0.8500345985862263,21.07,1022.468
1791208238.8427038,69.54867672539937,0.8478476249602346,0.844255634636057,0.8496098708345903,21.1,1022.463
1791208270.1671238,69.55543997112383,0.8473554555931025,0.843973832730871,0.8497159073112842,21.08,1022.457
1791208301.5097508,69.5588774696378,0.8470410088987532,0.8453222596417659,0.8495039311108298,21.1,1022.453
1791208332.8581488,69.56245578887055,0.8471848907430386,0.8453957311266667,0.8491512215913052,21.08,1022.444
1791208364.2025876,69.56399708441695,0.8472894855371489,0.8465188377639441,0.8491512215913052,21.08,1022.444
1791208395.537187,69.56624329769151,0.8465188377639441,0.8453957311266667,0.8496073810164569,21.11,1022.432
1791208426.867649,69.56869729922765,0.8470803910825828,0.8458533903145166,0.8498881576757764,21.11,1022.418
1791208458.2122438,69.56905080902185,0.8461340393423995,0.8459572844453053,0.8491512215913052,21.1,1022.409
1791208489.561763,69.56772105729603,0.8459262792686013,0.8465911551315092,0.8495018276769934,21.08,1022.399
1791208520.8551445,69.56470282363885,0.8457803687085625,0.8472894855371489,0.8496073810164569,21.1,1022.391
1791208552.2057843,69.56351406716126,0.8452788310081613,0.845873209246953,0.8494339767236739,21.1,1022.395
1791208583.5623295,69.56132054123363,0.8457998384713598,0.8468966014351818,0.8495399812859046,21.08,1022.383
1791208614.921675,69.55885540580832,0.8457688790847409,0.8470014467973996,0.8495399812859046,21.11,1022.385
1791208646.2633615,69.55701966563132,0.8467193874097879,0.8476372574982886,0.8494339767236739,21.1,1022.378
1791208677.606833,69.5576453042736,0.8464781757752169,0.8461653564540729,0.849573757954667,21.11,1022.374
1791208708.953174,69.55820685759224,0.8465188377639441,0.8462380611046247,0.8498881576757764,21.08,1022.365
1791208740.2957864,69.55617086076745,0.8454690690817999,0.8464870674941909,0.8495018276769934,21.11,1022.367
1791208771.6384058,69.55533778063561,0.8463830743573405,0.8467996144232633,0.849571402734934,21.11,1022.368
1791208802.9888833,69.55870710054744,0.8473611677419022,0.845676507785986,0.8490458276978183,21.13,1022.365
1791208834.3353784,69.56243261847773,0.8469039863361435,0.8450412273709969,0.8491512215913052,21.13,1022.385
1791208865.6768184,69.56130848939465,0.8458843241833038,0.8464463887248419,0.848975679161763,21.14,1022.351
1791208897.022298,69.56187080989685,0.8468318550926843,0.8465506948415847,0.8496434576036802,21.11,1022.345
1791208928.3698184,69.5704995136924,0.8196562588673074,0.8153419069695294,0.8487999768503814,21.11,1022.337
1791208959.7122602,69.62246453669246,0.8456339260899123,0.8196514145898778,0.8486589110902961,21.14,1022.327
1791208991.051812,69.67744482552438,0.8394427617310118,0.811952617315058,0.8487295082693624,21.14,1022.317
1791209022.4002986,69.65157808242321,0.8355854450487004,0.848518816599282,0.8487999768503814,21.17,1022.309
1791209053.7789361,69.6219852438041,0.8333361630399037,0.8481325823494559,0.8490811371014811,21.17,1022.308
1791209085.1084008,69.59589618454984,0.8354035620804636,0.8484480917075943,0.8491866911347261,21.17,1022.304
1791209116.440803,69.57227872345747,0.8375535668063976,0.8493622973525807,0.8494679794827723,21.14,1022.295
1791209147.7802753,69.55948129475264,0.8418731940855256,0.8482719084379381,0.8499246178547799,21.14,1022.294
1791209179.1288521,69.5455642193597,0.8417709705728915,0.8487295082693624,0.8492923413928989,21.18,1022.285
1791209210.4794035,69.53979136261295,0.8439454267193031,0.8468318550926843,0.849573757954667,21.21,1022.276
1791209241.8218937,69.39848620970771,0.7773750275111064,0.8480276039637242,0.848975679161763,21.21,1022.269
1791209273.1702945,69.3789912493896,0.8219017213742471,0.8316492015333061,0.8485534533303636,21.24,1022.269
1791209304.5127676,69.42133507710112,0.8461653564540729,0.8249934425983165,0.8482376563481823,21.21,1022.254
1791209335.851328,69.46169568538191,0.8465826390833856,0.826402334942986,0.8490109248311306,21.2,1022.254
1791209367.1978571,69.49865145454967,0.8456339260899123,0.8271560415060311,0.8479903635455127,21.18,1022.25
1791209398.5453527,69.52908526584794,0.8482719084379381,0.8330550027888041,0.8488349982227891,21.2,1022.243
1791209429.8858788,69.54843836800461,0.8481325823494559,0.8384560312711168,0.8492567114325319,21.21,1022.241
1791209461.2313123,69.56505993111213,0.848101578793758,0.839790797239995,0.8488356538559231,21.23,1022.227
1791209492.56702,69.57996449525267,0.8482061150171264,0.840753832946856,0.8488705173578466,21.21,1022.218
1791209523.910542,69.58480258473753,0.847504141672651,0.8450850969302168,0.8496408515167403,21.28,1022.21
1791209555.257937,69.58424128668176,0.8458533903145166,0.8461340393423995,0.8491158487433551,21.23,1022.198
1791209586.5895154,69.5814322426128,0.8454994643016673,0.8469039863361435,0.8491512215913052,21.21,1022.188
1791209617.9267912,69.5771467714234,0.8449376554878769,0.8470803910825828,0.8488703171844099,21.23,1022.177
1791209649.2743025,69.57244560104853,0.8445534011487086,0.8469039863361435,0.8493266043571377,21.23,1022.175
1791209680.6130376,69.57244560104853,0.23349151300703697,0.2663900786301687,0.8490458276978183,21.21,1022.172
1791209711.9642525,69.57244560104853,0.2341740176878269,0.26402916057833176,0.27003189421495516,21.21,1022.16
1791209743.3108728,69.57244560104853,0.23441520586906814,0.26574819667334454,0.2693850616774124,21.28,1022.157
1791209774.6500018,69.57244560104853,0.23245689394380087,0.26339077725320637,0.2678648914687247,21.28,1022.15
1791209805.8990653,69.57244560104853,0.23189737625086737,0.26418935409717853,0.2675479821293125,21.25,1022.142
1791209837.079374,69.57244560104853,0.23297946481277512,0.26411160154055513,0.2693850616774124,21.21,1022.136
1791209868.4217086,69.57244560104853,0.2328008121260167,0.2639924661005766,0.26912680818833495,21.24,1022.126
1791209899.7704477,69.57244560104853,0.23252231521552955,0.2633575832377001,0.2683273795755754,21.2,1022.122
1791209931.1148937,69.57244560104853,0.23255480502278583,0.2644301807768761,0.2671309363318163,21.24,1022.119
1791209962.4434335,69.57244560104853,0.23356852208730208,0.23908062512284445,0.26705593211593515,21.24,1022.116
1791209993.8037794,69.57548415791345,0.8442323110647272,0.8427130326322675,0.8489754971433268,21.24,1022.115
1791210025.1452222,69.56504773039373,0.8423572203471673,0.8475754341070295,0.8493607118563721,21.24,1022.116
1791210056.488736,69.56554368336626,0.8469113176724351,0.8466633411861682,0.849080572196004,21.25,1022.108
1791210087.8342705,69.50636244673004,0.8174247905743984,0.8470154088925107,0.8491857426456165,21.25,1022.113
1791210119.181791,69.51089975637566,0.8464553836779917,0.8441867288551794,0.8486954845360674,21.25,1022.117
1791210150.52745,69.51970135851758,0.8473668384777261,0.842966037406767,0.8489404752091677,21.27,1022.111
1791210181.856834,69.52996719310055,0.8474381261299335,0.8423052088384503,0.8488356538559231,21.3,1022.111
1791210213.1822991,69.53743898406115,0.8471586205847357,0.8434227251044304,0.8488356538559231,21.28,1022.111
1791210244.528801,69.47525204802575,0.7994778200279562,0.8305712880456587,0.8487309273678361,21.3,1022.104
1791210275.8743083,69.49778045410993,0.8479635055681225,0.8366993025260316,0.8485918417903483,21.31,1022.101
1791210307.1659877,69.51761543385614,0.8477926367443107,0.837875146871209,0.8489056202971962,21.3,1022.099
1791210338.5052848,69.5322380636823,0.848070882632532,0.8407595677194475,0.8486273744089748,21.32,1022.095
1791210369.840779,69.54449745771021,0.847547308232275,0.8414176112183219,0.8486617985984484,21.28,1022.082
1791210401.0125127,69.55266362730669,0.8470223142272071,0.8429392294289705,0.8484173158084469,21.32,1022.072
1791210432.164844,69.55991763552913,0.8470223142272071,0.8433953101159832,0.8489055483183889,21.31,1022.065
1791210463.3520064,69.5625041845194,0.8463922739985364,0.8450989995034007,0.8487309273678361,21.34,1022.058
1791210494.5777454,69.56327049391513,0.8459680442453924,0.845584889547529,0.8491151594011209,21.37,1022.048
1791210525.9152,69.56403642840763,0.8463201039491419,0.8459371367028858,0.8493946649463189,21.34,1022.036
1791210557.265656,69.56327055966273,0.8454815873135483,0.8458645216859989,0.8492201073476376,21.34,1022.03
1791210588.6082597,69.56118025102059,0.8450989995034007,0.8461441538244687,0.8490103064343312,21.3,1022.017
1791210619.951616,69.56020695250048,0.8459371367028858,0.8464237859629387,0.8490453915565267,21.28,1022.007
1791210651.2922077,69.55811273072783,0.8456882853989256,0.8467353962852512,0.8490453915565267,21.25,1021.996
1791210682.6427498,69.55614678345079,0.8450989995034007,0.8460819731419199,0.8492201073476376,21.24,1021.976
1791210713.9781919,69.55468249067341,0.8457725121082161,0.8465046584969004,0.8488359781235747,21.24,1021.972
1791210745.332631,69.55280651295669,0.8455666696385395,0.8465046584969004,0.8490794545997608,21.23,1021.967
1791210776.6800148,69.55031140702658,0.8454638874925875,0.846711440457645,0.8490794545997608,21.24,1021.961
1791210808.023584,69.54884629535114,0.8455969500914717,0.8463295059291904,0.8490449585658306,21.24,1021.961
1791210839.3530564,69.5491975502936,0.8459787263188814,0.84580309884765,0.8487662101797443,21.24,1021.954
1791210870.7025652,69.54717191037312,0.8457304939507216,0.846743313910959,0.849080011376823,21.27,1021.95
1791210902.0461848,69.54493889875572,0.8454513674985464,0.846567873307247,0.8488008849246479,21.24,1021.944
1791210933.3855646,69.54549715166007,0.8460096204028968,0.8457304939507216,0.849080011376823,21.28,1021.94
1791210964.7320633,69.54961273377764,0.8472300321051539,0.8451722410463715,0.8489055483183889,21.27,1021.93
1791210996.0787492,69.55254997615668,0.8468469997594221,0.8453783785698956,0.8489055483183889,21.3,1021.915
1791211027.4251938,69.55269571233441,0.8456577576363907,0.845584889547529,0.8488008849246479,21.27,1021.908
1791211058.7706547,69.55449483515353,0.8464237859629387,0.8455242245533802,0.8490453915565267,21.24,1021.895
1791211090.1190474,69.55490689158235,0.845875572683015,0.8456695444686076,0.8487662101797443,21.25,1021.885
1791211121.4586203,69.55400053994144,0.845742008039293,0.8461951838597468,0.8490794545997608,21.23,1021.873
1791211152.8011153,69.55490745783636,0.8460201285859987,0.8455666696385395,0.8491838661854176,21.24,1021.869
1791211184.1475437,69.55581589251989,0.8461541952745585,0.8456999779327952,0.8487316292390144,21.24,1021.897
1791211215.4960613,69.5565199914324,0.8456273126459672,0.8452752631897131,0.8491151594011209,21.23,1021.835
1791211246.8406217,69.55393559406386,0.8448931145941962,0.8461853132784631,0.8488707160846181,21.25,1021.821
1791211278.1810126,69.55337809729168,0.8451424811606225,0.8454212295467088,0.8483129674960784,21.27,1021.806
1791211309.528485,69.55108632203496,0.8448637327745363,0.8460096204028968,0.8485217584724728,21.3,1021.803
1791211340.872,69.55352544399001,0.846567873307247,0.8453483123297192,0.8491848010205947,21.28,1021.792
1791211372.2226264,69.55038247585071,0.8458337685941247,0.8474052526637723,0.8488008849246479,21.25,1021.766
1791211403.559179,69.55393470557892,0.8469185960247294,0.8451424811606225,0.848487461793658,21.24,1021.781
1791211434.9106028,69.55748982879898,0.846567873307247,0.8447903116972233,0.8495333170734389,21.24,1021.769
1791211466.2246826,69.5576960706287,0.84580309884765,0.8456999779327952,0.8482087134075718,21.25,1021.759
1791211497.4095051,69.55678763594517,0.8456999779327952,0.8461541952745585,0.8487662101797443,21.27,1021.759
1791211528.7449534,69.556994194806,0.8462574747049677,0.8461541952745585,0.8490449585658306,21.27,1021.751
1791211560.0934978,69.556994194806,0.8457725121082161,0.3435190401304024,0.8489404211899917,21.27,1021.749
1791211591.4183583,69.556994194806,0.369712846269517,0.8459586174385804,0.8487673526942985,21.21,1021.749
1791211622.6416528,69.55734447920621,0.8451265048506321,0.8449513626505226,0.8486627472515959,21.21,1021.743
1791211653.9780247,69.5593595526848,0.8463388402965187,0.845331303557226,0.8484549552024252,21.21,1021.738
1791211685.3066196,69.55769308149202,0.8448783507097809,0.8457115863061675,0.848315172976061,21.2,1021.74
1791211716.649567,69.55637359555175,0.845844915526761,0.8465046584969004,0.848801334053055,21.18,1021.744
1791211747.9924078,69.55616828194287,0.8451857669458819,0.8452884237503182,0.8484532578962501,21.18,1021.743
1791211779.3350456,69.55484748430497,0.8453183274999285,0.8459787263188814,0.8485918417903483,21.18,1021.763
1791211810.681378,69.5549945644606,0.8446585244662675,0.84458498438845,0.8487662101797443,21.17,1021.746
1791211842.0209165,69.55220833854517,0.8444824597252986,0.845875572683015,0.848487461793658,21.17,1021.745
1791211873.3754795,69.55033192407392,0.8451128017830792,0.8460510090187032,0.8488359781235747,21.18,1021.738
1791211904.7219281,69.55206090276444,0.845494015197729,0.8446295258524706,0.8483491285207535,21.17,1021.732
1791211936.0694685,69.54802731347914,0.8444249901460312,0.8464417847886826,0.8484191464042612,21.2,1021.731
1791211967.4160767,69.54767752774512,0.845506353708921,0.8456812465759309,0.8485588045301125,21.23,1021.727
1791211998.765545,69.54747250671743,0.8455787360620803,0.8456812465759309,0.8484549552024252,21.21,1021.727
1791212030.115154,69.54581126682992,0.8447180095416714,0.8455486294854264,0.8484209638592856,21.24,1021.721
1791212061.4655092,69.5435972731791,0.8446161145990367,0.8457231114244399,0.8479371050752462,21.27,1021.71
1791212092.802994,69.54525851306661,0.8452717561708415,0.8444411362270865,0.8484209638592856,21.31,1021.708
1791212124.0946348,69.54762011181482,0.8455486294854264,0.8443678301113197,0.8491479825750315,21.28,1021.695
1791212155.45105,69.55018936311623,0.8462359883012297,0.8449513626505226,0.8482813090009131,21.28,1021.686
1791212186.7905438,69.55270011683454,0.845855982370144,0.8446006055109853,0.8487667834929187,21.28,1021.686
1791212218.13586,69.55351957315034,0.8456089238650901,0.8451991957071938,0.8485588045301125,21.3,1021.679
1791212249.4865696,69.5537808828831,0.8447180095416714,0.8445873546752906,0.8485942359458616,21.3,1021.678
1791212280.8129947,69.55745027653792,0.846174062220098,0.844339365392686,0.8481104386854047,21.34,1021.667
1791212312.1606178,69.55954688258349,0.8458974370107685,0.8448491339879827,0.8484209638592856,21.38,1021.668
1791212343.5048964,69.5589921408582,0.8448491339879827,0.8451265048506321,0.8485588045301125,21.37,1021.661
1791212374.8483944,69.55913804625628,0.8450536832493617,0.8449807305503212,0.8482112930953275,21.4,1021.661
1791212406.1999981,69.56101208314539,0.8452884237503182,0.8443514053057649,0.8478631557681326,21.4,1021.655
1791212437.550588,69.55802574896154,0.8450832025874896,0.84657636967941,0.8483491285207535,21.4,1021.655
1791212468.87997,69.554692806576,0.8443228603121898,0.8459893315049631,0.8484191464042612,21.38,1021.64
1791212500.2314649,69.5525330217907,0.8451560959085764,0.8462359883012297,0.8482112930953275,21.42,1021.644
1791212531.5630565,69.54830422244888,0.8438135863807368,0.8459279860516485,0.8482475362253991,21.4,1021.635
1791212562.895536,69.54629246336111,0.8439890033123755,0.8449948828562565,0.8488711092604465,21.44,1021.639
1791212594.2378857,69.54538950463744,0.8449948828562565,0.8454463622180891,0.8486979613934674,21.42,1021.637
1791212625.581536,69.54151675170682,0.8442376857547912,0.846174062220098,0.8484906034879477,21.42,1021.629
1791212656.921101,69.54981922789734,0.8451696130117383,0.8410183749164766,0.8484906034879477,21.42,1021.628
1791212688.268593,69.54725552571911,0.8447180095416714,0.8459998606307907,0.8488711092604465,21.44,1021.636
1791212719.6180892,69.54670227530045,0.8456208118014389,0.8458974370107685,0.8480404893166915,21.46,1021.63
1791212750.9584877,69.54856662580242,0.8457231114244399,0.8447909361734502,0.8480404893166915,21.46,1021.624
1791212782.303998,69.54891577296317,0.8453441865921094,0.8451696130117383,0.8476603558688953,21.44,1021.614
1791212813.6466107,69.54981891452469,0.8447909361734502,0.844339365392686,0.8484906034879477,21.44,1021.61
1791212844.9930243,69.54981891452469,0.8453441865921094,0.8453441865921094,0.8481104386854047,21.4,1021.607
1791212876.3205183,69.5475448147683,0.8447909361734502,0.8459279860516485,0.8478669687909218,21.44,1021.606
1791212907.6651149,69.54707619455206,0.8450969934491029,0.845331303557226,0.8482475362253991,21.42,1021.594
1791212939.0155597,69.54687043484418,0.8459893315049631,0.8460922113589011,0.848315172976061,21.41,1021.594
1791212970.3631752,69.54859714120253,0.8460922113589011,0.8452288581797218,0.8478298863280034,21.41,1021.585
1791213001.709505,69.54921145720598,0.845506353708921,0.8451991957071938,0.8481775843397757,21.42,1021.576
1791213033.042099,69.54865746213763,0.8453739909832848,0.8456509885174668,0.8485246580906904,21.42,1021.57
1791213064.360593,69.5508724486543,0.8455486294854264,0.8444411362270865,0.8480404893166915,21.42,1021.565
1791213095.703044,69.55212468460498,0.8457231114244399,0.8450969934491029,0.848213854281597,21.44,1021.554
1791213127.0545905,69.55731386764917,0.8464819811200124,0.8438873895979164,0.8483173626312766,21.45,1021.554
1791213158.400093,69.55766307974366,0.8454463622180891,0.8452717561708415,0.8483173626312766,21.48,1021.554
1791213189.7465427,69.55766307974366,0.8449948828562565,0.8449948828562565,0.8483173626312766,21.46,1021.548
1791213221.0820856,69.55745861011877,0.8452717561708415,0.8453739909832848,0.8480404893166915,21.44,1021.552
1791213252.281827,69.55559290060637,0.8444411362270865,0.8453739909832848,0.8482475362253991,21.42,1021.553
1791213283.4842553,69.55635223020168,0.845855982370144,0.8454763175724851,0.8482475362253991,21.44,1021.554
1791213314.7755187,69.55413525527935,0.8449220738419023,0.846030561303068,0.8484549552024252,21.41,1021.543
1791213346.0711315,69.55267742592822,0.8449220738419023,0.8456509885174668,0.8490789018212732,21.42,1021.531
1791213377.4105663,69.5514239357852,0.8450242434459528,0.8456509885174668,0.8482475362253991,21.42,1021.523
1791213408.7362719,69.5545426912529,0.8461023761145965,0.8445429983807392,0.8488711092604465,21.41,1021.52
1791213440.027562,69.55398869618455,0.8453739909832848,0.8456509885174668,0.8483173626312766,21.38,1021.518
1791213471.3719752,69.55655370502309,0.8458255028000115,0.8445429983807392,0.8484209638592856,21.38,1021.513
1791213502.7214582,69.55343519799457,0.8448199959149211,0.8463792494291814,0.8484209638592856,21.38,1021.507
1791213534.074017,69.55288120292622,0.8453739909832848,0.8456509885174668,0.8486979613934674,21.38,1021.492
1791213565.419558,69.55197817929276,0.8453739909832848,0.8458255028000115,0.8486979613934674,21.35,1021.48
1791213596.7539723,69.551570416661,0.8446161145990367,0.8448199959149211,0.8480404893166915,21.37,1021.48
1791213628.098616,69.55212416329016,0.8452717561708415,0.8449948828562565,0.8483173626312766,21.4,1021.472
1791213659.4270344,69.55226928421746,0.8452717561708415,0.8451991957071938,0.8480404893166915,21.35,1021.466
1791213690.7734623,69.55095571089156,0.8451991957071938,0.845855982370144,0.8483511991427176,21.31,1021.458
1791213722.0999827,69.54908771023382,0.8441925045217615,0.8451265048506321,0.8487323260650745,21.34,1021.456
1791213753.4285119,69.55025626996786,0.845506353708921,0.8449220738419023,0.8482813090009131,21.34,1021.452
1791213784.7720551,69.54990717674012,0.8457534394377766,0.8459279860516485,0.8481439663251037,21.34,1021.438
1791213816.1068978,69.55066539299418,0.8453739909832848,0.8449948828562565,0.8480404893166915,21.31,1021.428
1791213847.4531472,69.5499073600468,0.8451696130117383,0.8455486294854264,0.8483173626312766,21.31,1021.433
1791213878.7955897,69.54859539716358,0.8447180095416714,0.8453739909832848,0.8480404893166915,21.3,1021.422
1791213910.0901372,69.54935361341764,0.8453739909832848,0.8449948828562565,0.8485246580906904,21.32,1021.418
1791213941.4365342,69.54914914379275,0.8452717561708415,0.8453739909832848,0.8483173626312766,21.34,1021.408
1791213972.7769344,69.54935361341764,0.8453739909832848,0.8452717561708415,0.8481439663251037,21.35,1021.396
1791214004.1264944,69.55011114993208,0.8449948828562565,0.8446161145990367,0.8485942359458616,21.35,1021.395
1791214035.4720845,69.55156922794542,0.8453739909832848,0.8446449519766109,0.8481439663251037,21.35,1021.384
1791214066.8165271,69.55580164250176,0.8461332286782077,0.8440170214000343,0.849009696927724,21.38,1021.378
1791214098.1619396,69.55442596988951,0.8451265048506321,0.8458143411567561,0.8487667834929187,21.38,1021.368
1791214129.4955873,69.55220200734499,0.8445272119513609,0.8456391932236182,0.8485232135063494,21.4,1021.364
1791214160.83704,69.55331499089787,0.845844915526761,0.8452884237503182,0.8483491285207535,21.4,1021.36
1791214192.1766138,69.55407599099664,0.8458143411567561,0.845433841107372,0.8485930431782059,21.4,1021.353
1791214223.5270922,69.55331610918323,0.8449513626505226,0.845331303557226,0.8482112930953275,21.41,1021.354
1791214254.8724332,69.55241120261579,0.8459893315049631,0.8464417847886826,0.8483851269437317,21.41,1021.358
1791214286.2169433,69.55185646089049,0.8451265048506321,0.8454038757132815,0.8482813090009131,21.45,1021.36
1791214317.5546865,69.55220624662451,0.8456812465759309,0.845506353708921,0.8482813090009131,21.44,1021.368
1791214348.893909,69.5542223183324,0.8452288581797218,0.8442208223257692,0.8482813090009131,21.45,1021.372
1791214380.2195547,69.55387271714368,0.8458865441729543,0.8460613447673194,0.8482813090009131,21.45,1021.375
1791214411.558014,69.55685256319067,0.845331303557226,0.8438413805337257,0.8482813090009131,21.46,1021.377
1791214442.9053469,69.55699808773296,0.8452288581797218,0.8451560959085764,0.8482813090009131,21.46,1021.375
1791214474.2530267,69.55831296060477,0.845331303557226,0.8446738671213233,0.848003813471714,21.51,1021.371
1791214505.6014988,69.56012545567903,0.8449513626505226,0.8440451151133942,0.8477263179425147,21.49,1021.374
1791214536.9390585,69.56123593691048,0.8456089238650901,0.8450536832493617,0.848315172976061,21.48,1021.374
1791214568.29047,69.56123593691048,0.8456089238650901,0.8456089238650901,0.8485930431782059,21.46,1021.371
1791214599.6380737,69.56068094585208,0.8449513626505226,0.8452288581797218,0.8486627472515959,21.45,1021.361
1791214630.9795094,69.56199513596086,0.8452288581797218,0.8445717631253332,0.8482813090009131,21.41,1021.359
1791214662.3200893,69.56068088059173,0.8453014897540165,0.8459586174385804,0.8487323260650745,21.4,1021.362
1791214693.671413,69.55928288469298,0.8451265048506321,0.8458255028000115,0.8481775843397757,21.41,1021.365
1791214725.0171099,69.5555501583397,0.8451696130117383,0.8470359761883761,0.8484209638592856,21.4,1021.363
1791214756.3626022,69.55756092367069,0.8461023761145965,0.8450969934491029,0.8484209638592856,21.4,1021.366
1791214787.709016,69.55700667994012,0.8451991957071938,0.8454763175724851,0.8479704143601076,21.41,1021.362
1791214819.0946043,69.55776594447477,0.8454038757132815,0.8450242434459528,0.8483511991427176,21.35,1021.362
1791214850.4411197,69.55741572555883,0.8448491339879827,0.8450242434459528,0.848003813471714,21.35,1021.359
1791214881.7866538,69.55429304356225,0.8448491339879827,0.8464104749862715,0.8481775843397757,21.31,1021.354
1791214913.1239913,69.55318356011166,0.8451265048506321,0.8456812465759309,0.8482813090009131,21.32,1021.348
1791214944.4845698,69.55373855117006,0.8446738671213233,0.8443963715921242,0.848003813471714,21.38,1021.351
1791214975.8219845,69.55242392785559,0.8443963715921242,0.8450536832493617,0.8481075066358675,21.4,1021.35
1791215007.169612,69.55242392785559,0.8449513626505226,0.8449513626505226,0.8482813090009131,21.41,1021.352
1791215038.5141244,69.55110948841372,0.8448491339879827,0.845506353708921,0.8487323260650745,21.38,1021.348
1791215069.8615742,69.54833577978722,0.8454038757132815,0.8467907300265286,0.8479002134771263,21.4,1021.345
1791215101.1921022,69.54965003515635,0.8459586174385804,0.8453014897540165,0.8481775843397757,21.42,1021.333
1791215132.540538,69.54909554254021,0.8450242434459528,0.8453014897540165,0.8482475362253991,21.37,1021.332
1791215163.8822026,69.54833602889639,0.8453014897540165,0.8456812465759309,0.8479704143601076,21.37,1021.318
1791215195.2226455,69.54999950674477,0.8450242434459528,0.8441925045217615,0.8475194602185264,21.34,1021.31
1791215226.5583098,69.55020384595286,0.8450242434459528,0.8449220738419023,0.8480739528346539,21.35,1021.303
1791215257.89668,69.63056918688737,0.8335600773649554,0.7933774068977038,0.8477967065265902,21.35,1021.297
1791215289.2431154,69.61983222571384,0.8418737333236971,0.8472422139104627,0.8481775843397757,21.34,1021.289
1791215320.5867887,69.60042498414937,0.8380930857443594,0.8477967065265902,0.8484549552024252,21.34,1021.285
1791215351.9401646,69.58267324893981,0.8390243458723448,0.8479002134771263,0.8486284454507814,21.32,1021.273
1791215383.267702,69.68343816529236,0.8410664252417336,0.7906839670654603,0.8484549552024252,21.34,1021.266
1791215414.6102142,69.65900757820032,0.8345041115505237,0.8467194050965468,0.8486627472515959,21.34,1021.27
1791215445.938585,69.623138863395,0.8283016308985693,0.8462359883012297,0.8478298863280034,21.31,1021.275
1791215477.2761006,69.59169728506946,0.8320055287797462,0.8477263179425147,0.848003813471714,21.31,1021.267
1791215508.6288087,69.56527644704701,0.8343090412073044,0.8475194602185264,0.8479002134771263,21.31,1021.266
1791215539.9562814,69.54773926250894,0.8386475783604869,0.8474161706295249,0.8484549552024252,21.3,1021.25
1791215571.3025904,69.53422517314833,0.8403110562088694,0.8470681008891779,0.8482475362253991,21.32,1021.252
1791215602.6507976,69.52867775589534,0.8437396505373849,0.8465133591638792,0.8485246580906904,21.28,1021.249
1791215633.9967604,69.52736399874456,0.8447469971378891,0.8454038757132815,0.8481775843397757,21.28,1021.247
1791215665.3420985,69.52736399874456,0.8450242434459528,0.8450242434459528,0.8483511991427176,21.3,1021.246
1791215696.686599,69.53381207761672,0.8465848050336507,0.8433607655975703,0.8486284454507814,21.31,1021.242
1791215727.9830484,69.53486198746064,0.8454763175724851,0.8449513626505226,0.8482813090009131,21.31,1021.253
1791215759.31076,69.53874692486943,0.8457838492381202,0.8438413805337257,0.8481775843397757,21.34,1021.26
1791215790.6570795,69.54152188016143,0.845506353708921,0.8441188760629249,0.8485588045301125,21.3,1021.257
1791215822.00575,69.54505435510424,0.8462359883012297,0.8444697508298253,0.8480739528346539,21.32,1021.252
1791215853.3441427,69.54914082444483,0.8456812465759309,0.8436380119056341,0.8483511991427176,21.31,1021.252
1791215884.6775544,69.55024980967708,0.845855982370144,0.8453014897540165,0.8480739528346539,21.32,1021.251
1791215916.0192184,69.55024980967708,0.8450242434459528,0.8450242434459528,0.8489056917588451,21.3,1021.247
1791215947.3645945,69.55135829713825,0.8449220738419023,0.8443678301113197,0.8483511991427176,21.35,1021.242
1791215978.6931713,69.54928532913227,0.8453739909832848,0.8464104749862715,0.8485246580906904,21.34,1021.239
1791216010.038813,69.55019004066435,0.8453014897540165,0.8448491339879827,0.8494601843749726,21.37,1021.239
1791216041.37206,69.55316634518199,0.845855982370144,0.8443678301113197,0.8483511991427176,21.35,1021.235
1791216072.713565,69.55482907637374,0.8457534394377766,0.8449220738419023,0.8486284454507814,21.31,1021.225
1791216104.0601802,69.55497346209742,0.8457534394377766,0.8456812465759309,0.8483511991427176,21.35,1021.215
1791216135.3995671,69.5540086240685,0.8451265048506321,0.8456089238650901,0.8491137955885109,21.34,1021.212
1791216166.7370784,69.55435922348656,0.8449513626505226,0.8447760629414977,0.8485588045301125,21.34,1021.209
1791216198.0777822,69.55380398287083,0.8450536832493617,0.845331303557226,0.8486627472515959,21.31,1021.202
1791216229.4291499,69.55234290222133,0.8442208223257692,0.8449513626505226,0.8485588045301125,21.31,1021.19
1791216260.7827122,69.54977340158682,0.8446738671213233,0.8459586174385804,0.8485588045301125,21.32,1021.184
1791216292.126106,69.54977340158682,0.8453014897540165,0.8453014897540165,0.848003813471714,21.32,1021.187
1791216323.476674,69.55123278911265,0.8446449519766109,0.8439152582136978,0.849009696927724,21.34,1021.184
1791216354.819212,69.55199162093687,0.8453014897540165,0.8449220738419023,0.8486284454507814,21.35,1021.177
1791216386.1615496,69.55310060616912,0.845855982370144,0.8453014897540165,0.8480739528346539,21.35,1021.18
1791216417.5091677,69.55289601807547,0.8451991957071938,0.8453014897540165,0.8482475362253991,21.32,1021.179
1791216448.855583,69.55067904315314,0.8446449519766109,0.8457534394377766,0.8479704143601076,21.34,1021.18
1791216480.2032127,69.54957055569197,0.8449220738419023,0.8454763175724851,0.8483511991427176,21.37,1021.172
1791216511.5508363,69.55068003914256,0.8454038757132815,0.8448491339879827,0.8484549552024252,21.34,1021.167
1791216542.9001365,69.54846007490897,0.8452288581797218,0.8463388402965187,0.8483851269437317,21.35,1021.167
1791216574.2495563,69.54957055614042,0.8458865441729543,0.845331303557226,0.8485588045301125,21.32,1021.168
1791216605.595372,69.54942441404745,0.8447760629414977,0.8448491339879827,0.8479002134771263,21.34,1021.167
1791216636.9197257,69.54962943507515,0.8456812465759309,0.8455787360620803,0.8484549552024252,21.31,1021.165
1791216668.2740803,69.5499786575544,0.8461332286782077,0.8459586174385804,0.8479002134771263,21.31,1021.168
1791216699.622863,69.55073767297989,0.8451265048506321,0.8447469971378891,0.8483511991427176,21.31,1021.168
1791216730.9741693,69.55018318036376,0.8453014897540165,0.8455787360620803,0.8475194602185264,21.31,1021.16
1791216762.3207135,69.55108732861683,0.8454763175724851,0.8450242434459528,0.8485246580906904,21.3,1021.16
1791216793.6641269,69.54700253663802,0.8438135863807368,0.845855982370144,0.8489056917588451,21.3,1021.155
1791216824.9976325,69.54776136846225,0.8453014897540165,0.8449220738419023,0.8489056917588451,21.34,1021.151
1791216856.3392231,69.54922000933144,0.8454763175724851,0.8447469971378891,0.8485246580906904,21.32,1021.148
1791216887.687532,69.55400660143957,0.8443678301113197,0.8419745340572518,0.8482475362253991,21.34,1021.147
1791216919.0332785,69.55400660143957,0.8454038757132815,0.8454038757132815,0.8484549552024252,21.34,1021.143
1791216950.3775172,69.55345185971427,0.8445717631253332,0.8448491339879827,0.8481775843397757,21.32,1021.144
1791216981.7081373,69.55345185971427,0.8454038757132815,0.8454038757132815,0.8488363000593117,21.31,1021.134
1791217013.0507443,69.5499191356623,0.8447469971378891,0.8465133591638792,0.8488363000593117,21.28,1021.124
1791217044.382157,69.5471454270358,0.8445717631253332,0.8459586174385804,0.8488363000593117,21.3,1021.131
1791217075.7215593,69.54361177135964,0.8440170214000343,0.8457838492381202,0.8491137955885109,21.32,1021.127
1791217107.069226,69.54346700665332,0.845506353708921,0.8455787360620803,0.8482813090009131,21.35,1021.119
1791217138.4146142,69.54367202768101,0.8456812465759309,0.8455787360620803,0.8487323260650745,21.32,1021.125
1791217169.7570662,69.54513041966466,0.8457534394377766,0.8450242434459528,0.8480739528346539,21.34,1021.111
1791217201.1116886,69.54623890712583,0.846030561303068,0.8454763175724851,0.8483511991427176,21.34,1021.108
1791217232.4511855,69.54825228949669,0.8451991957071938,0.8441925045217615,0.8485246580906904,21.31,1021.114
1791217263.7916882,69.54936077695785,0.8454763175724851,0.8449220738419023,0.8483511991427176,21.31,1021.125
1791217295.1370463,69.5541479332395,0.8461332286782077,0.8437396505373849,0.8482813090009131,21.32,1021.122
1791217326.4905827,69.5558129064147,0.8457838492381202,0.8449513626505226,0.8486627472515959,21.31,1021.115
1791217357.8131108,69.55727292359862,0.8454038757132815,0.8446738671213233,0.8484549552024252,21.3,1021.118
1791217389.146611,69.55686382507587,0.8448491339879827,0.8450536832493617,0.8483851269437317,21.27,1021.119
1791217420.4902227,69.55630908335057,0.8448491339879827,0.8451265048506321,0.8485588045301125,21.3,1021.123
1791217451.8306658,69.55318533965696,0.8452288581797218,0.8467907300265286,0.8484549552024252,21.27,1021.129
1791217483.1791785,69.55505241005682,0.8450242434459528,0.8440907082460282,0.8484549552024252,21.31,1021.124
1791217514.4686263,69.55429314552217,0.8450242434459528,0.8454038757132815,0.8480739528346539,21.3,1021.125
1791217545.8241363,69.55283450465298,0.8447469971378891,0.8454763175724851,0.8485246580906904,21.3,1021.125
1791217577.1646993,69.55061752973064,0.8443678301113197,0.8454763175724851,0.8486284454507814,21.3,1021.124
1791217608.5100744,69.551027517436,0.845855982370144,0.8456509885174668,0.8486284454507814,21.3,1021.133
1791217639.8376353,69.54770354702582,0.8442660008465572,0.8459279860516485,0.8488017799559818,21.28,1021.143
1791217671.1841486,69.54846269259703,0.846030561303068,0.8456509885174668,0.8484209638592856,21.31,1021.15
1791217702.5336077,69.54957018585537,0.8455486294854264,0.8449948828562565,0.8485246580906904,21.28,1021.155
1791217733.870105,69.54901643922621,0.8449948828562565,0.8452717561708415,0.8484209638592856,21.31,1021.153
1791217765.2245553,69.55067917041795,0.8457534394377766,0.8449220738419023,0.8486979613934674,21.3,1021.161
1791217796.5712957,69.55213781128714,0.8454763175724851,0.8447469971378891,0.8481775843397757,21.28,1021.169
1791217827.9135253,69.55269230390327,0.8455787360620803,0.8453014897540165,0.8486284454507814,21.32,1021.172
1791217859.2571433,69.55289664311137,0.8450242434459528,0.8449220738419023,0.8486284454507814,21.32,1021.183
1791217890.6038063,69.55067966818903,0.8451991957071938,0.8463076831683592,0.8486284454507814,21.32,1021.186
1791217921.948145,69.54922208750013,0.8451991957071938,0.8459279860516485,0.8485246580906904,21.31,1021.185
1791217953.2936075,69.54755935630838,0.8451991957071938,0.846030561303068,0.8483511991427176,21.27,1021.194
1791217984.6412077,69.54846319059115,0.8453739909832848,0.8449220738419023,0.8486979613934674,21.32,1021.189
1791218015.9676692,69.54846319059115,0.8101088452185459,0.7411673898868796,0.8485246580906904,21.31,1021.184
1791218047.318237,69.54790919552279,0.8453739909832848,0.8456509885174668,0.8490789018212732,21.3,1021.184
1791218078.6716392,69.54715079593825,0.8448199959149211,0.8451991957071938,0.8482475362253991,21.31,1021.185
1791218110.0171824,69.54604230847708,0.8451991957071938,0.8457534394377766,0.8484209638592856,21.25,1021.183
1791218141.3585925,69.54548856184792,0.8449948828562565,0.8452717561708415,0.8480404893166915,21.3,1021.179
1791218172.710167,69.5458384663704,0.8451991957071938,0.8450242434459528,0.8480739528346539,21.28,1021.182
1791218204.0576553,69.54639295898653,0.8450242434459528,0.8447469971378891,0.8483511991427176,21.27,1021.177
1791218235.402115,69.54805643683491,0.8453014897540165,0.8444697508298253,0.8494601843749726,21.27,1021.171
1791218266.7475495,69.5482612738141,0.8455787360620803,0.8454763175724851,0.8488017799559818,21.27,1021.169
1791218298.0931213,69.55123757833175,0.845855982370144,0.8443678301113197,0.8482475362253991,21.27,1021.167
1791218329.423724,69.55220156110546,0.845855982370144,0.8453739909832848,0.8485246580906904,21.23,1021.163
1791218360.7650363,69.5510930736443,0.8451991957071938,0.8457534394377766,0.8478669687909218,21.23,1021.165
1791218392.109676,69.54867144554356,0.8453739909832848,0.8465848050336507,0.8484209638592856,21.25,1021.176
1791218423.4530098,69.5481174504752,0.8448199959149211,0.8450969934491029,0.8482475362253991,21.24,1021.18
1791218454.7846022,69.55053926237673,0.8455787360620803,0.8443678301113197,0.8488017799559818,21.23,1021.177
1791218486.1262252,69.54978061412997,0.8450969934491029,0.8454763175724851,0.8485246580906904,21.25,1021.181
1791218517.4805868,69.54756264366546,0.8450242434459528,0.8461332286782077,0.8489056917588451,21.25,1021.194
1791218548.8190625,69.54715341419792,0.8450242434459528,0.8452288581797218,0.8483511991427176,21.27,1021.198
1791218580.1636095,69.54472924197235,0.8445717631253332,0.8457838492381202,0.8484549552024252,21.25,1021.194
1791218611.5161111,69.54528398369764,0.8456812465759309,0.8454038757132815,0.8485588045301125,21.28,1021.205
1791218642.8607066,69.54397090814284,0.8446449519766109,0.8453014897540165,0.8482813090009131,21.28,1021.207
1791218674.204119,69.5443208779496,0.8453014897540165,0.8451265048506321,0.8486284454507814,21.27,1021.213
1791218705.5528,69.54522477731712,0.8457534394377766,0.8453014897540165,0.8485246580906904,21.27,1021.216
1791218736.8960738,69.54855023970062,0.8457534394377766,0.8440907082460282,0.8483511991427176,21.28,1021.22
1791218768.2356894,69.54945463683923,0.8451991957071938,0.8447469971378891,0.8485246580906904,21.3,1021.218
1791218799.576339,69.54779115899085,0.8450242434459528,0.845855982370144,0.8483511991427176,21.28,1021.219
1791218830.9216814,69.54814131239887,0.8449220738419023,0.8447469971378891,0.8489056917588451,21.28,1021.226
1791218862.2782376,69.54814131239887,0.8450242434459528,0.8450242434459528,0.8485246580906904,21.31,1021.222
1791218893.6227715,69.54834565160697,0.8450242434459528,0.8449220738419023,0.8482475362253991,21.32,1021.224
1791218924.9530718,69.54869555612945,0.8451991957071938,0.8450242434459528,0.8483511991427176,21.31,1021.227
1791218956.291719,69.54960058225497,0.8454038757132815,0.8449513626505226,0.8485588045301125,21.27,1021.226
1791218987.6332595,69.55182054648856,0.845506353708921,0.8443963715921242,0.8486627472515959,21.3,1021.231
1791219018.9825711,69.55112016156072,0.8450536832493617,0.8454038757132815,0.8485588045301125,21.3,1021.231
1791219050.3262196,69.55097401946774,0.8447760629414977,0.8448491339879827,0.8485588045301125,21.28,1021.241
1791219081.6746376,69.54820031084125,0.8451265048506321,0.8465133591638792,0.8487323260650745,21.32,1021.243
1791219113.0232472,69.54598234037674,0.8441925045217615,0.8453014897540165,0.8489056917588451,21.28,1021.237
1791219144.3636851,69.54910552059167,0.845855982370144,0.8442943922626837,0.8487323260650745,21.3,1021.237
1791219175.7132404,69.55208300470001,0.8456812465759309,0.8441925045217615,0.8488017799559818,21.3,1021.24
1791219207.0517707,69.55062386605972,0.8441925045217615,0.8449220738419023,0.8486284454507814,21.32,1021.246
1791219238.3961632,69.54986478534995,0.8451991957071938,0.8455787360620803,0.8484549552024252,21.31,1021.245
1791219269.7435832,69.5497190237591,0.8449513626505226,0.8450242434459528,0.8481775843397757,21.31,1021.244
1791219301.0892015,69.5478497775555,0.8455787360620803,0.8465133591638792,0.8481775843397757,21.31,1021.241
1791219332.3746212,69.5472950358302,0.8451265048506321,0.8454038757132815,0.8488363000593117,21.32,1021.244
1791219363.704095,69.5507682515601,0.8464104749862715,0.8446738671213233,0.8485588045301125,21.3,1021.236
1791219395.0447028,69.55632065771738,0.8478298863280034,0.8450536832493617,0.84894036755946,21.3,1021.246
1791219426.3861306,69.5561156480296,0.8451560959085764,0.8452586007524662,0.8486971417223255,21.3,1021.246
1791219457.7315998,69.55479897291485,0.8447028603481762,0.8453611979055539,0.8486971417223255,21.31,1021.242
1791219489.074242,69.55444849220504,0.8452586007524662,0.845433841107372,0.848315172976061,21.32,1021.241
1791219520.4286308,69.55465331752347,0.8451560959085764,0.8450536832493617,0.848489038294123,21.3,1021.244
1791219551.7741263,69.55430321722008,0.845331303557226,0.845506353708921,0.8485588045301125,21.34,1021.24
1791219583.1196074,69.55243285417522,0.8449513626505226,0.8458865441729543,0.8482813090009131,21.3,1021.235
1791219614.465181,69.5526373115003,0.8449513626505226,0.8448491339879827,0.8485588045301125,21.31,1021.244
1791219645.8077128,69.55284183430966,0.8451265048506321,0.8450242434459528,0.8482813090009131,21.32,1021.236
1791219677.1442919,69.55339657603496,0.8451265048506321,0.8448491339879827,0.8479002134771263,21.28,1021.224
1791219708.4906037,69.55395156709335,0.8460613447673194,0.8457838492381202,0.8485588045301125,21.3,1021.229
1791219739.8383706,69.55339682536805,0.8451265048506321,0.8454038757132815,0.8477967065265902,21.32,1021.227
1791219771.1745965,69.55395156709335,0.8448491339879827,0.8445717631253332,0.8484549552024252,21.31,1021.217
1791219802.4981313,69.55304629163473,0.8446738671213233,0.8451265048506321,0.8481775843397757,21.3,1021.218
1791219833.8467143,69.55193481082615,0.8449807305503212,0.8455364709546112,0.8486627472515959,21.31,1021.213
1791219865.185171,69.55284059686488,0.8463700815610461,0.8459171885416825,0.8485930431782059,21.28,1021.218
1791219896.5375843,69.55360178180719,0.8456391932236182,0.8452586007524662,0.8488709133803509,21.3,1021.216
1791219927.8782356,69.55249080101201,0.8448783507097809,0.845433841107372,0.8487667834929187,21.28,1021.218
1791219959.2106063,69.5529012662065,0.8457115863061675,0.845506353708921,0.8482112930953275,21.28,1021.218
1791219990.5553129,69.55138168645229,0.8448491339879827,0.8456089238650901,0.8483851269437317,21.28,1021.219
1791220021.9016886,69.55082694472699,0.8451265048506321,0.8454038757132815,0.8488363000593117,21.28,1021.221
1791220053.2280877,69.5474969983766,0.8443963715921242,0.8460613447673194,0.848003813471714,21.3,1021.218
1791220084.5737143,69.5461821255048,0.8446738671213233,0.845331303557226,0.848489038294123,21.31,1021.225
1791220115.922127,69.544867252633,0.8446738671213233,0.845331303557226,0.8482813090009131,21.28,1021.228
1791220147.260654,69.5468833243409,0.8452288581797218,0.8442208223257692,0.8483851269437317,21.31,1021.209
1791220178.6162624,69.54466236187798,0.8447760629414977,0.8458865441729543,0.847933547896532,21.28,1021.208
1791220209.9695601,69.54410737081959,0.8449513626505226,0.8452288581797218,0.8481075066358675,21.31,1021.211
1791220241.3161926,69.54653297448019,0.8461641644808184,0.8449513626505226,0.8482112930953275,21.31,1021.213
1791220272.665548,69.54577290854603,0.8447760629414977,0.8451560959085764,0.8487667834929187,21.3,1021.217
1791220304.0123022,69.54521741814844,0.8446006055109853,0.8448783507097809,0.8482112930953275,21.32,1021.223
1791220335.3466008,69.54556814886494,0.8451560959085764,0.8449807305503212,0.8484191464042612,21.31,1021.219
1791220366.7002401,69.54445616759268,0.8456391932236182,0.8461951838597468,0.8485232135063494,21.31,1021.215
1791220398.0466201,69.54708933365409,0.8459171885416825,0.8446006055109853,0.8491487835824959,21.27,1021.22
1791220429.3891225,69.54708933365409,0.8451560959085764,0.8451560959085764,0.848315172976061,21.27,1021.226
1791220460.722787,69.54819981488554,0.8456089238650901,0.8450536832493617,0.8486627472515959,21.27,1021.23
1791220492.0441616,69.54778997987933,0.8450536832493617,0.8452586007524662,0.84894036755946,21.23,1021.228
1791220523.3917496,69.54910485275113,0.845331303557226,0.8446738671213233,0.84894036755946,21.24,1021.228
1791220554.7391348,69.54814039517662,0.8446738671213233,0.8451560959085764,0.8486627472515959,21.23,1021.228
1791220586.1166317,69.5501554686552,0.8463388402965187,0.845331303557226,0.8488363000593117,21.21,1021.236
1791220617.4632533,69.55202483347075,0.8447760629414977,0.8438413805337257,0.8486627472515959,21.2,1021.234
1791220648.790687,69.54924863039211,0.845331303557226,0.8467194050965468,0.848489038294123,21.17,1021.233
1791220680.132243,69.54883892663669,0.8448783507097809,0.8450832025874896,0.848489038294123,21.18,1021.234
1791220711.4747639,69.54717170542382,0.8447028603481762,0.8455364709546112,0.8484191464042612,21.18,1021.24
1791220742.8240867,69.54439425343587,0.8443228603121898,0.8457115863061675,0.8483851269437317,21.2,1021.245
1791220774.165625,69.54772719582141,0.845433841107372,0.8437673699145987,0.848315172976061,21.21,1021.246
1791220805.5182288,69.54848794591348,0.8455364709546112,0.8451560959085764,0.8482112930953275,21.21,1021.257
1791220836.875661,69.54828312059504,0.8450536832493617,0.8451560959085764,0.8486627472515959,21.21,1021.255
1791220868.206226,69.54793277073432,0.8450536832493617,0.8452288581797218,0.8481075066358675,21.21,1021.255
1791220899.527724,69.54682178993914,0.8448783507097809,0.845433841107372,0.848489038294123,21.21,1021.265
1791220930.8781023,69.54515606809196,0.8447760629414977,0.8456089238650901,0.8486627472515959,21.2,1021.268
1791220962.2205997,69.54606247335057,0.8447760629414977,0.8443228603121898,0.8486627472515959,21.2,1021.273
1791220993.567356,69.54474691701883,0.8447760629414977,0.845433841107372,0.848489038294123,21.21,1021.277
1791221024.8956146,69.54439631760077,0.8447760629414977,0.8449513626505226,0.84894036755946,21.21,1021.281
1791221056.2421625,69.54530172373194,0.8458865441729543,0.845433841107372,0.8485930431782059,21.2,1021.286
1791221087.5707586,69.54363525253916,0.8448783507097809,0.8457115863061675,0.848315172976061,21.21,1021.294
1791221118.8491359,69.54550816852188,0.8459171885416825,0.8449807305503212,0.8488709133803509,21.2,1021.296
1791221150.2055004,69.54439618724962,0.8450832025874896,0.8456391932236182,0.8485232135063494,21.23,1021.299
1791221181.553286,69.54515687172824,0.8450832025874896,0.8447028603481762,0.848037302773916,21.23,1021.299
1791221212.8996115,69.54626785252341,0.8448783507097809,0.8443228603121898,0.8488709133803509,21.2,1021.295
1791221244.2451348,69.5453616314093,0.8449807305503212,0.845433841107372,0.848489038294123,21.21,1021.303
1791221275.5997727,69.54501096633014,0.8448783507097809,0.8450536832493617,0.848489038294123,21.2,1021.307
1791221306.9251497,69.54501096633014,0.845433841107372,0.845433841107372,0.8490445286917141,21.2,1021.317
1791221338.253527,69.54147394797175,0.8442208223257692,0.8459893315049631,0.8483851269437317,21.2,1021.314
1791221369.5872684,69.54147394797175,0.845433841107372,0.845433841107372,0.8485930431782059,21.18,1021.315
1791221400.9225934,69.54132892276866,0.845433841107372,0.845506353708921,0.848489038294123,21.21,1021.323
1791221432.2711143,69.54167958784782,0.8450536832493617,0.8448783507097809,0.8486627472515959,21.2,1021.319
1791221463.6197252,69.54279006907927,0.8456089238650901,0.8450536832493617,0.848489038294123,21.2,1021.321
1791221494.9641643,69.54632758700139,0.8465448219025542,0.8447760629414977,0.8486627472515959,21.17,1021.322
1791221526.311554,69.54875480828623,0.8455364709546112,0.8443228603121898,0.8486627472515959,21.15,1021.324
1791221557.6411414,69.5513280006065,0.8457115863061675,0.8444249901460312,0.8486971417223255,21.17,1021.33
1791221588.987586,69.55243898140168,0.8459893315049631,0.845433841107372,0.8485930431782059,21.17,1021.335
1791221620.3230853,69.55319923148035,0.8449807305503212,0.8446006055109853,0.8485930431782059,21.15,1021.335
1791221651.6695902,69.5504217794924,0.8448783507097809,0.8462670767037587,0.8486971417223255,21.15,1021.339
1791221683.0221252,69.54764432750444,0.8443228603121898,0.8457115863061675,0.8485930431782059,21.14,1021.341
1791221714.3627713,69.54708883710686,0.8446006055109853,0.8448783507097809,0.8485930431782059,21.13,1021.345
1791221745.7022119,69.54597735629828,0.8455364709546112,0.8460922113589011,0.8487667834929187,21.15,1021.349
1791221777.0347881,69.54466043095168,0.8449807305503212,0.8456391932236182,0.8486971417223255,21.15,1021.348
1791221808.3701985,69.54521617135597,0.8458143411567561,0.8455364709546112,0.8488709133803509,21.14,1021.351
1791221839.7155683,69.54521617135597,0.8446006055109853,0.8446006055109853,0.848489038294123,21.17,1021.356
1791221871.0541823,69.54597742146144,0.8460922113589011,0.8457115863061675,0.848489038294123,21.17,1021.358
1791221902.400651,69.54632796755956,0.8455364709546112,0.8453611979055539,0.848315172976061,21.13,1021.357
1791221933.750224,69.5459776716933,0.8456391932236182,0.8458143411567561,0.8485930431782059,21.14,1021.362
1791221965.080614,69.54910717004469,0.8466479517631912,0.8450832025874896,0.8482112930953275,21.11,1021.361
1791221996.4321513,69.5487561234829,0.8448052072694253,0.8449807305503212,0.8489751370403897,21.15,1021.365
1791222027.7675862,69.54577097599608,0.8452586007524662,0.8467511744958754,0.8481411510861968,21.11,1021.364
1791222059.1120267,69.54764314128329,0.8450832025874896,0.8441471199438862,0.8484191464042612,21.13,1021.368
1791222090.4556894,69.54743763158211,0.8457115863061675,0.8458143411567561,0.8487667834929187,21.13,1021.368
1791222121.8000374,69.54799337198641,0.8458143411567561,0.8455364709546112,0.847933547896532,21.13,1021.371
1791222153.151597,69.54653141046802,0.8447028603481762,0.845433841107372,0.848489038294123,21.15,1021.372
1791222184.4991403,69.54451395855203,0.8447028603481762,0.8457115863061675,0.848315172976061,21.1,1021.372
1791222215.8366306,69.54597605037178,0.8467511744958754,0.8460201285859987,0.848315172976061,21.14,1021.373
1791222247.1691701,69.54466055990221,0.8440451151133942,0.8447028603481762,0.848489038294123,21.14,1021.378
1791222278.5136452,69.54410481949792,0.8452586007524662,0.8455364709546112,0.8485930431782059,21.13,1021.373
1791222309.8592896,69.54542243040153,0.845742008039293,0.8450832025874896,0.8481411510861968,21.13,1021.368
1791222341.1967194,69.54542243040153,0.8453611979055539,0.8453611979055539,0.8484191464042612,21.15,1021.366
1791222372.551428,69.54410506995521,0.8448052072694253,0.8454638874925875,0.8485232135063494,21.13,1021.367
1791222403.8895547,69.54410506995521,0.8451857669458819,0.8451857669458819,0.8481411510861968,21.14,1021.365
1791222435.2232149,69.54354907931908,0.8453611979055539,0.8456391932236182,0.8491838661854176,21.15,1021.374
1791222466.5538292,69.54097425485521,0.8451857669458819,0.8464731791778111,0.8489751370403897,21.14,1021.368
1791222497.895079,69.54527539282499,0.8467511744958754,0.8446006055109853,0.8486971417223255,21.14,1021.361
1791222529.242739,69.54993070074634,0.8476888518662326,0.8453611979055539,0.8484191464042612,21.13,1021.366
1791222560.5893395,69.54993070074634,0.8450832025874896,0.8450832025874896,0.8486971417223255,21.13,1021.362
1791222591.938601,69.54770673820182,0.8453611979055539,0.8464731791778111,0.8484191464042612,21.11,1021.364
1791222623.2610765,69.54639031331891,0.8444249901460312,0.8450832025874896,0.8485232135063494,21.13,1021.368
1791222654.6068878,69.54639031331891,0.8456391932236182,0.8456391932236182,0.8485232135063494,21.07,1021.369
1791222685.9551167,69.54639031331891,0.8454638874925875,0.8454638874925875,0.8485232135063494,21.07,1021.375
1791222717.2945654,69.54618493414485,0.8453611979055539,0.8454638874925875,0.8485232135063494,21.1,1021.38
1791222748.6452923,69.54395996977121,0.8443514053057649,0.8454638874925875,0.8485232135063494,21.11,1021.387
1791222779.9876153,69.54437054325145,0.8454638874925875,0.8452586007524662,0.8486971417223255,21.08,1021.398
1791222811.3340774,69.54513147796192,0.8453611979055539,0.8449807305503212,0.8485232135063494,21.1,1021.399
1791222842.6765392,69.54568746859805,0.8456391932236182,0.8453611979055539,0.8486971417223255,21.11,1021.404
1791222874.0112398,69.54644890377219,0.8459171885416825,0.8455364709546112,0.8486971417223255,21.11,1021.415
1791222905.3188171,69.54457648825314,0.8444249901460312,0.8453611979055539,0.8488709133803509,21.11,1021.414
1791222936.6292734,69.54513247888927,0.8450832025874896,0.8448052072694253,0.8485930431782059,21.11,1021.416
1791222967.9776192,69.54402049761701,0.8450832025874896,0.8456391932236182,0.848801334053055,21.13,1021.426
1791222999.3232396,69.54381555354267,0.8449807305503212,0.8450832025874896,0.8489751370403897,21.11,1021.429
1791223030.6686857,69.54381555354267,0.8448052072694253,0.8448052072694253,0.8483491285207535,21.08,1021.43
1791223061.9960067,69.54715300010314,0.84657636967941,0.8449076463991761,0.8485232135063494,21.11,1021.433
1791223093.3466668,69.5490282250926,0.8456695444686076,0.8447319319738754,0.8487316292390144,21.1,1021.438
1791223124.689995,69.55125218763712,0.8467511744958754,0.8456391932236182,0.8485232135063494,21.1,1021.445
1791223156.019593,69.54937783472553,0.8456391932236182,0.84657636967941,0.848801334053055,21.1,1021.45
1791223187.356018,69.54735956695087,0.8448052072694253,0.8458143411567561,0.8485232135063494,21.11,1021.451
1791223218.7034943,69.54680357631474,0.8450832025874896,0.8453611979055539,0.848801334053055,21.11,1021.458
1791223250.0481098,69.54346763249798,0.8448052072694253,0.8464731791778111,0.8484191464042612,21.11,1021.46
1791223281.3955522,69.5415938462919,0.8440732847590593,0.8450101778620969,0.8490794545997608,21.08,1021.468
1791223312.748114,69.54006991927305,0.8453611979055539,0.8461231614149823,0.8482450929596438,21.08,1021.47
1791223344.105811,69.54153301292193,0.8456391932236182,0.8449076463991761,0.8483491285207535,21.07,1021.478
1791223375.4471302,69.54194295410727,0.8450101778620969,0.8448052072694253,0.8482450929596438,21.11,1021.49
1791223406.7956278,69.54492778554742,0.8449076463991761,0.8434152306791038,0.8485232135063494,21.08,1021.491
1791223438.146022,69.54472265683063,0.8450832025874896,0.8451857669458819,0.8479669724129382,21.1,1021.488
1791223469.4875107,69.54674312518534,0.8464014073032038,0.8453911731258436,0.8487316292390144,21.08,1021.492
1791223500.8221383,69.54410734845177,0.8440732847590593,0.8453911731258436,0.8489056202971962,21.07,1021.503
1791223532.1795719,69.54431216069459,0.8447319319738754,0.8446295258524706,0.8482450929596438,21.07,1021.512
1791223563.527064,69.54431216069459,0.8450101778620969,0.8450101778620969,0.8489056202971962,21.11,1021.517
1791223594.878573,69.54208719632095,0.8443514053057649,0.8454638874925875,0.8492531323584541,21.07,1021.512
1791223626.2261355,69.54633381692362,0.8451857669458819,0.8430624566445472,0.848801334053055,21.08,1021.52
1791223657.5667112,69.54612868820684,0.8450832025874896,0.8451857669458819,0.8489056202971962,21.05,1021.524
1791223688.9170916,69.54557244711343,0.8449076463991761,0.8451857669458819,0.8486273744089748,21.08,1021.528
1791223720.252575,69.54522208610865,0.845742008039293,0.8459171885416825,0.8482450929596438,21.08,1021.528
1791223751.574305,69.54446096675574,0.8448052072694253,0.8451857669458819,0.8486273744089748,21.07,1021.534
1791223782.9084988,69.54410978858816,0.8450101778620969,0.8451857669458819,0.8485232135063494,21.04,1021.526
1791223814.2610202,69.54334798320285,0.8451857669458819,0.8455666696385395,0.8486273744089748,21.04,1021.531
1791223845.6055481,69.54279174210944,0.8451857669458819,0.8454638874925875,0.8484532578962501,21.08,1021.543
1791223876.9370847,69.54258649426748,0.8450101778620969,0.8451128017830792,0.8482789843026004,21.07,1021.539
1791223908.2905192,69.54314323695301,0.8453911731258436,0.8451128017830792,0.8481748865534859,21.04,1021.543
1791223939.6272058,69.54369972872945,0.8455666696385395,0.8452884237503182,0.8486273744089748,21.04,1021.547
1791223970.9725282,69.54536845200968,0.8454638874925875,0.8446295258524706,0.8485232135063494,21.04,1021.545
1791224002.3199565,69.54703717528992,0.8462982491327043,0.8454638874925875,0.8476888518662326,21.05,1021.542
1791224033.6665432,69.54683161099801,0.8454638874925875,0.8455666696385395,0.8483491285207535,21.05,1021.551
1791224064.9950662,69.54683161099801,0.8449076463991761,0.8449076463991761,0.8484191464042612,21.05,1021.552
1791224096.3374171,69.54592419173703,0.8450101778620969,0.8454638874925875,0.8482450929596438,21.07,1021.553
1791224127.6900847,69.54627562058764,0.8449076463991761,0.8447319319738754,0.8482450929596438,21.05,1021.554
1791224159.0325434,69.54648093419651,0.8452884237503182,0.8451857669458819,0.8483491285207535,21.08,1021.555
1791224190.3809326,69.54738860414052,0.8451857669458819,0.8447319319738754,0.8483491285207535,21.08,1021.556
1791224221.7035518,69.54683186145499,0.8453911731258436,0.8456695444686076,0.848383176006905,21.07,1021.559
1791224253.0512035,69.54683186145499,0.845947915811372,0.845947915811372,0.8484532578962501,21.1,1021.563
1791224284.3924227,69.54308072381245,0.8441754401974327,0.8460510090187032,0.8487316292390144,21.07,1021.564
1791224315.7399292,69.5410000655883,0.844453686085654,0.845494015197729,0.8484532578962501,21.04,1021.56
1791224347.0835676,69.54085437433648,0.8453183274999285,0.8453911731258436,0.8490100005817787,21.04,1021.568
1791224378.4340196,69.5391841462799,0.844834430440315,0.8456695444686076,0.8487316292390144,20.98,1021.569
1791224409.780556,69.54029813392184,0.8457725121082161,0.8452155182872418,0.8486617985984484,21.03,1021.576
1791224441.1201189,69.54196911538476,0.845494015197729,0.8446585244662675,0.8488359781235747,21.01,1021.575
1791224472.467579,69.5451035709287,0.845844915526761,0.8442776877547865,0.8482789843026004,21.0,1021.573
1791224503.7960534,69.54844402704187,0.8467830298396647,0.8451128017830792,0.8486617985984484,21.03,1021.577
1791224535.1394684,69.54788703322089,0.8452155182872418,0.845494015197729,0.8485574812130876,21.03,1021.579
1791224566.4880662,69.54601061874963,0.8451128017830792,0.8460510090187032,0.8482789843026004,21.01,1021.578
1791224597.8134096,69.54726828787985,0.8467830298396647,0.8461541952745585,0.848383176006905,20.98,1021.581
1791224629.1649618,69.54671154519431,0.8453911731258436,0.8456695444686076,0.8485574812130876,20.98,1021.584
1791224660.50659,69.54524618215676,0.8453183274999285,0.8460510090187032,0.849392971944549,20.94,1021.591
1791224691.8319023,69.54518712806419,0.8450101778620969,0.8450397049083851,0.8485574812130876,20.95,1021.596
1791224723.120477,69.5450409343148,0.8450397049083851,0.8451128017830792,0.848383176006905,20.98,1021.605
1791224754.4819274,69.54630238597352,0.8453183274999285,0.8446876016705707,0.8488359781235747,20.95,1021.613
1791224785.8314931,69.54741737951787,0.8454212295467088,0.8448637327745363,0.8483129674960784,20.95,1021.622
1791224817.165049,69.54630188234079,0.8452453502591104,0.84580309884765,0.8483129674960784,20.95,1021.629
1791224848.5133731,69.54756119873814,0.8468149714771402,0.8461853132784631,0.8488707160846181,20.91,1021.633
1791224879.8430378,69.54999887336538,0.8461853132784631,0.8449664759648405,0.8488008849246479,20.9,1021.638
1791224911.1843648,69.54979338698477,0.8448637327745363,0.8449664759648405,0.8485918417903483,20.94,1021.647
1791224942.5249407,69.55258339014725,0.846743313910959,0.8453483123297192,0.8488008849246479,20.93,1021.654
1791224973.869403,69.55760312744411,0.8452453502591104,0.8427354816106819,0.8485918417903483,20.98,1021.662
1791225005.2207491,69.55739669921498,0.84580309884765,0.8459063129622151,0.848696316124695,20.97,1021.673
1791225036.5484989,69.5532877281637,0.8440274876162774,0.8460819731419199,0.848696316124695,20.97,1021.675
1791225067.878791,69.55384522493587,0.8451424811606225,0.8448637327745363,0.8483129674960784,20.95,1021.673
1791225099.227378,69.55196598915691,0.8454212295467088,0.8463608474361897,0.8482087134075718,20.95,1021.681
1791225130.5690153,69.5525239897894,0.8461853132784631,0.8459063129622151,0.8488008849246479,20.98,1021.69
1791225161.9123352,69.55419799168689,0.8464643135947112,0.8456273126459672,0.8488707160846181,20.94,1021.696
1791225193.2567687,69.5530819904219,0.8450693120134711,0.8456273126459672,0.848696316124695,20.95,1021.699
1791225224.6103206,69.55029198725943,0.8442323110647272,0.8456273126459672,0.8483129674960784,20.95,1021.701
1791225255.949631,69.55175880479592,0.8466397217304595,0.8459063129622151,0.8485918417903483,20.97,1021.709
1791225287.2781987,69.5514069803486,0.8453483123297192,0.8455242245533802,0.8485217584724728,21.0,1021.715
1791225318.6238065,69.55120068356186,0.8454513674985464,0.845554515891919,0.8488008849246479,20.95,1021.719
1791225349.960131,69.54840941904011,0.8451722410463715,0.846567873307247,0.8483470429139772,20.98,1021.712
1791225381.314793,69.54729240823129,0.8449960104875072,0.845554515891919,0.8486262956161831,20.98,1021.713
1791225412.6552026,69.54673440759879,0.8445113113809752,0.8447903116972233,0.8485217584724728,21.03,1021.709
1791225443.9917507,69.54561891042171,0.8449664759648405,0.8455242245533802,0.8484173158084469,21.07,1021.714
1791225475.3261533,69.55064091611418,0.8459063129622151,0.8433953101159832,0.8483470429139772,21.08,1021.715
1791225506.6805909,69.55140477481247,0.8451722410463715,0.8447903116972233,0.8485217584724728,21.05,1021.719
1791225538.0201502,69.55190334627287,0.8454513674985464,0.8452020817683503,0.8487309273678361,21.05,1021.715
1791225569.3676043,69.55134408199592,0.8450256252705891,0.845305257409059,0.8490453915565267,21.07,1021.715
1791225600.7121656,69.55210995074083,0.8458645216859989,0.8454815873135483,0.8489404752091677,21.03,1021.71
1791225632.0597281,69.5463144341792,0.8442608623039155,0.8471586205847357,0.8485561483107251,21.01,1021.709
1791225663.4001324,69.54554863161546,0.8450256252705891,0.8454085265524588,0.84876563271006,21.03,1021.711
1791225694.7337549,69.54163200776493,0.8442894911665919,0.8462478030918592,0.8488705173578466,21.01,1021.716
1791225726.0621839,69.5403059931868,0.8451287677059922,0.845791774995057,0.8483107460191577,21.01,1021.706
1791225757.3905642,69.54310358165148,0.8462478030918592,0.8448490088595254,0.8488705173578466,21.0,1021.707
1791225788.7360249,69.54198353122244,0.844775308034435,0.8453353332489538,0.84876563271006,20.98,1021.699
1791225820.08162,69.54233651062857,0.845305257409059,0.8451287677059922,0.8488705173578466,21.01,1021.697
1791225851.4221747,69.54324799406366,0.8464237859629387,0.8459680442453924,0.848590631688502,21.03,1021.691
1791225882.774671,69.54283398017192,0.8455118893257125,0.8457188962715856,0.8486954845360674,21.0,1021.689
1791225914.1250093,69.54374743798265,0.8456153458562133,0.8451586169508492,0.8486954845360674,20.97,1021.677
1791225945.4636528,69.54374743798265,0.8454387566112175,0.8454387566112175,0.8488004325356356,20.97,1021.673
1791225976.8101952,69.54822967254853,0.8473997342337948,0.8451586169508492,0.8489754971433268,20.97,1021.668
1791226008.1455083,69.54619508111102,0.8449817402132026,0.8459990359319538,0.849080572196004,20.97,1021.664
1791226039.4921336,69.54486628208994,0.8455422738708578,0.8462066733813961,0.8490106145093443,20.98,1021.656
1791226070.8385377,69.54318468111697,0.8455422738708578,0.8463830743573405,0.8489054758167889,20.98,1021.652
1791226102.1882148,69.54746274608006,0.8466633411861682,0.8445243087046272,0.8489054758167889,20.97,1021.649
1791226133.5345788,69.5466948017769,0.8450850969302168,0.8454690690817999,0.8487302203965496,20.97,1021.646
1791226164.8790162,69.54465855015285,0.8451885475693725,0.8462066733813961,0.848659880593345,20.98,1021.638
1791226196.2265882,69.54696029237695,0.8454690690817999,0.8443181979697446,0.8489054758167889,20.98,1021.632
1791226227.5821936,69.54884797706369,0.846279175592322,0.8453353332489538,0.8488705173578466,20.98,1021.623
1791226258.930569,69.54828769774295,0.8454387566112175,0.8457188962715856,0.8488004325356356,20.97,1021.623
1791226290.2521043,69.54864087623294,0.8456153458562133,0.8454387566112175,0.8486252089879613,20.94,1021.625
1791226321.6436446,69.55123791608257,0.8464870674941909,0.8451885475693725,0.8484498262837546,20.94,1021.632
1791226352.998986,69.55292104515713,0.8463106336190818,0.8454690690817999,0.8484498262837546,20.93,1021.626
1791226384.344566,69.5521524026917,0.8454690690817999,0.8458533903145166,0.848659880593345,20.94,1021.631
1791226415.6820934,69.55383706264762,0.8465188377639441,0.845676507785986,0.8482034977198603,20.95,1021.63
1791226447.0285292,69.55439861596625,0.8465188377639441,0.8462380611046247,0.8494321259982004,20.93,1021.629
1791226478.3749926,69.55236044621614,0.8451149544673472,0.8461340393423995,0.8484842743791795,20.95,1021.63
1791226509.6685102,69.55271376669933,0.8465188377639441,0.846342177522353,0.8490458276978183,20.91,1021.632
1791226541.0251322,69.55271376669933,0.8464463887248419,0.8464463887248419,0.8490811371014811,20.91,1021.634
1791226572.3814042,69.55327608720152,0.8465506948415847,0.8462695345904852,0.8491866911347261,20.89,1021.633
1791226603.7250013,69.55313041290582,0.8460925193062183,0.8461653564540729,0.8490811371014811,20.91,1021.644
1791226635.065513,69.55011320215964,0.8446567510809817,0.8461653564540729,0.8490811371014811,20.89,1021.646
1791226666.4129627,69.54863568666775,0.8458843241833038,0.8466230819292482,0.8490811371014811,20.84,1021.645
1791226697.7543993,69.54899009598755,0.8454994643016673,0.8453222596417659,0.8488703171844099,20.86,1021.65
1791226729.1053507,69.54730390236294,0.8450412273709969,0.8458843241833038,0.8492567114325319,20.89,1021.651
1791226760.438514,69.54730390236294,0.8460925193062183,0.8460925193062183,0.84890540278668,20.89,1021.657
1791226791.7819495,69.54561617227466,0.8455299426101259,0.8463738076542645,0.8487999768503814,20.89,1021.664
1791226823.1245918,69.548636833301,0.8469363843503568,0.8454260538371863,0.84890540278668,20.86,1021.661
1791226854.4639575,69.55067808157003,0.8468318550926843,0.845811230958172,0.84890540278668,20.83,1021.665
1791226885.8115551,69.5525750607551,0.8470410088987532,0.8460925193062183,0.84890540278668,20.84,1021.656
1791226917.1570117,69.55503410378138,0.8464781757752169,0.8452486542620797,0.8492923413928989,20.86,1021.662
1791226948.5073125,69.55595071104601,0.8462695345904852,0.845811230958172,0.8492567114325319,20.82,1021.664
1791226979.8338857,69.554409167408,0.8458843241833038,0.8466550960023106,0.8490811371014811,20.82,1021.674
1791227011.161293,69.55405558338126,0.8467595923369851,0.8469363843503568,0.8492923413928989,20.83,1021.676
1791227042.5078044,69.5561585561495,0.8468318550926843,0.8457803687085625,0.8486241144386338,20.86,1021.684
1791227073.8373199,69.55447312970813,0.8452185598947721,0.8460612731154578,0.8486946468909939,20.89,1021.689
1791227105.180743,69.55370251927226,0.845707214088286,0.8460925193062183,0.8491866911347261,20.87,1021.687
1791227136.5253677,69.55334816596319,0.8459153426516804,0.8460925193062183,0.84890540278668,20.87,1021.698
1791227167.8718317,69.55447383221026,0.8456339260899123,0.845071092966376,0.8491165431152143,20.89,1021.698
1791227199.2122695,69.55411941238043,0.8460195492985347,0.8461967592134486,0.8491165431152143,20.89,1021.699
1791227230.5509384,69.55186807988629,0.845071092966376,0.8461967592134486,0.8493980880076398,20.9,1021.712
1791227261.9083686,69.55151347014977,0.8456339260899123,0.845811230958172,0.8491165431152143,20.87,1021.71
1791227293.2497451,69.55397398592157,0.846864183975811,0.8456339260899123,0.8488349982227891,20.89,1021.717
1791227324.596513,69.5515139834724,0.845071092966376,0.8463010941909602,0.8485534533303636,20.91,1021.719
1791227355.9277017,69.55074273705516,0.8456339260899123,0.8460195492985347,0.8491165431152143,20.9,1021.725
1791227387.2713022,69.55074273705516,0.8463010941909602,0.8463010941909602,0.8490109248311306,20.91,1021.722
1791227418.6117845,69.54926246107156,0.845071092966376,0.845811230958172,0.8485534533303636,20.91,1021.711
1791227449.9433413,69.54890804124173,0.8460195492985347,0.8461967592134486,0.8491165431152143,20.94,1021.712
1791227481.295866,69.55193190345969,0.8474272737606618,0.8459153426516804,0.8491165431152143,20.93,1021.71
1791227512.6313705,69.55059731059627,0.8459153426516804,0.8465826390833856,0.8487295082693624,20.94,1021.709
1791227543.9797873,69.55003422081143,0.8460195492985347,0.8463010941909602,0.849222257770652,20.93,1021.702
1791227575.3211634,69.55284966973568,0.8474272737606618,0.8460195492985347,0.8488349982227891,20.95,1021.699
1791227606.6716762,69.55207797649051,0.8457380044061092,0.846123851028695,0.8485534533303636,20.98,1021.699
1791227638.019294,69.55433033562991,0.8460195492985347,0.844893369728833,0.8487295082693624,21.03,1021.696
1791227669.346634,69.55397559240988,0.8458421776885172,0.8460195492985347,0.8491165431152143,21.0,1021.689
1791227700.678196,69.55284941284019,0.845456459513684,0.8460195492985347,0.848940584430474,21.01,1021.69
1791227732.0197349,69.55320383267002,0.8461967592134486,0.8460195492985347,0.849222257770652,20.98,1021.693
1791227763.3642354,69.55151456331546,0.8460195492985347,0.846864183975811,0.8497856044510077,20.97,1021.702
1791227794.7076268,69.54792639356403,0.845456459513684,0.8472505443894066,0.848940584430474,21.0,1021.711
1791227826.051179,69.55074184248828,0.8465826390833856,0.8451749146212585,0.8491165431152143,20.95,1021.709
1791227857.3796318,69.55088856297652,0.8457380044061092,0.8456646441619867,0.8496098708345903,20.93,1021.713
1791227888.718312,69.55011616527882,0.846123851028695,0.8465100498775446,0.8494339767236739,20.91,1021.726
1791227920.07169,69.54976103131396,0.8457688790847409,0.8459464460671727,0.8491165431152143,20.87,1021.731
1791227951.4201384,69.54807021988285,0.8453828422568008,0.8462282479723587,0.8491520461360638,20.86,1021.736
1791227982.7645848,69.55109600430197,0.8465100498775446,0.8449971576679834,0.8493280689294043,20.86,1021.743
1791228014.1072483,69.55355844204074,0.8465100498775446,0.8452788310081613,0.8495039311108298,20.84,1021.745
1791228045.4556677,69.55355844204074,0.8463327402599613,0.8463327402599613,0.8494339767236739,20.86,1021.75
1791228076.7992167,69.55545875277676,0.8468966014351818,0.8459464460671727,0.8497159073112842,20.84,1021.759
1791228108.1416168,69.55468693648572,0.8451010403516148,0.8454869484971306,0.8497159073112842,20.86,1021.761
1791228139.4882033,69.55391434810015,0.8459464460671727,0.8463327402599613,0.8496098708345903,20.86,1021.766
1791228170.827675,69.55376877988233,0.8463327402599613,0.846405524368873,0.8494339767236739,20.83,1021.766
1791228202.1702209,69.55489650223278,0.8454869484971306,0.84492308732191,0.8497159073112842,20.8,1021.772
1791228233.5077615,69.55489650223278,0.8466146708475716,0.8466146708475716,0.8497159073112842,20.8,1021.772
1791228264.8521512,69.55222148440102,0.8457688790847409,0.847106388000619,0.8499978378988945,20.77,1021.777
1791228296.177587,69.55201237550102,0.8461552686345647,0.8462598230845647,0.8498220406735162,20.77,1021.779
1791228327.4641366,69.55088413795058,0.8461552686345647,0.8467193874097879,0.8496098708345903,20.8,1021.781
1791228358.807643,69.54883709597411,0.8455911498593413,0.8466146708475716,0.8498220406735162,20.76,1021.777
1791228390.1481278,69.54806335262792,0.8464373280221762,0.8468241996952676,0.8495399812859046,20.77,1021.78
1791228421.4905455,69.55221955637889,0.8464373280221762,0.8443592261466896,0.8498220406735162,20.73,1021.78
1791228452.844002,69.54975319887156,0.845873209246953,0.847106388000619,0.8498220406735162,20.73,1021.768
1791228484.1915078,69.54918908009633,0.8464373280221762,0.8467193874097879,0.8496460827487821,20.74,1021.77
1791228515.531088,69.5540604598115,0.8473885763059705,0.8449528864483865,0.8496460827487821,20.76,1021.764
1791228546.8654473,69.55257695455035,0.8459776347792132,0.8467193874097879,0.8495399812859046,20.73,1021.768
1791228578.2199688,69.55180224551697,0.847106388000619,0.8474937425173064,0.8499282710541335,20.74,1021.769
1791228609.57063,69.55462412857048,0.8479529529166734,0.8465420113899161,0.8498220406735162,20.72,1021.767
1791228640.9091454,69.55539857953258,0.8472114251763152,0.8468241996952676,0.8500345985862263,20.72,1021.762
1791228672.2425976,69.55744594573348,0.8472835061850112,0.8462598230845647,0.8496460827487821,20.72,1021.767
1791228703.584197,69.55688156912278,0.8465420113899161,0.8468241996952676,0.8499282710541335,20.74,1021.769
1791228734.9335449,69.55539773942823,0.846364473153342,0.847106388000619,0.8499282710541335,20.73,1021.763
1791228766.2749643,69.55293112408542,0.8461552686345647,0.8473885763059705,0.8495399812859046,20.73,1021.764
1791228797.6276505,69.54990064780286,0.8455911498593413,0.847106388000619,0.8498220406735162,20.76,1021.761
1791228828.9819484,69.55102991716682,0.8472114251763152,0.8466467904943331,0.8500345985862263,20.73,1021.758
1791228860.3225436,69.55370583311878,0.8469291078353243,0.8455911498593413,0.8497522812452352,20.73,1021.757
1791228891.668877,69.55596230821968,0.8464373280221762,0.8453090904717295,0.8498220406735162,20.73,1021.753
1791228923.0003707,69.55729965467012,0.8462598230845647,0.8455911498593413,0.8495399812859046,20.72,1021.752
1791228954.3488584,69.55899278450222,0.8459776347792132,0.8451310698631589,0.8497522812452352,20.74,1021.751
1791228985.6894262,69.55920337499617,0.8477760598582975,0.8476707646113218,0.8499282710541335,20.73,1021.756
1791229017.023847,69.55370261183131,0.8451310698631589,0.8478814514455888,0.8497522812452352,20.76,1021.758
1791229048.362427,69.55165414745477,0.8460821558123508,0.847106388000619,0.8499282710541335,20.73,1021.76
1791229079.7047353,69.54770170468089,0.8457998384713598,0.8477760598582975,0.8498585769084359,20.73,1021.761
1791229111.0573058,69.54389071861927,0.8459043259827416,0.8478098190135556,0.849187646563253,20.76,1021.757
1791229142.405665,69.54763418637037,0.8477760598582975,0.8459043259827416,0.8494699639042441,20.76,1021.761
1791229173.7633233,69.5498927250983,0.8472114251763152,0.8460821558123508,0.8495761304137435,20.73,1021.762
1791229205.095771,69.55123174440723,0.8467516654668189,0.8460821558123508,0.8501410234031284,20.74,1021.768
1791229236.4532707,69.54918302195942,0.8457998384713598,0.8468241996952676,0.8497522812452352,20.72,1021.775
1791229267.795769,69.54918302195942,0.8462598230845647,0.8462598230845647,0.8500345985862263,20.73,1021.775
1791229299.1252165,69.54847357689182,0.8467516654668189,0.847106388000619,0.8495761304137435,20.74,1021.774
1791229330.466783,69.54924725364008,0.846364473153342,0.8459776347792132,0.8497522812452352,20.74,1021.774
1791229361.8122365,69.55002170460217,0.8472114251763152,0.8468241996952676,0.8497522812452352,20.72,1021.786
1791229393.1477444,69.54995915588229,0.8459776347792132,0.8460089091391535,0.8496460827487821,20.69,1021.792
1791229424.49114,69.54954036410717,0.8462598230845647,0.8464692189721265,0.8497522812452352,20.7,1021.798
1791229455.8366523,69.55173460573648,0.8470014467973996,0.8459043259827416,0.8494699639042441,20.73,1021.799
1791229487.1761808,69.55476927117164,0.8471392122056238,0.8456218794880491,0.8497522812452352,20.72,1021.801
1791229518.519654,69.55462393700968,0.8466789983858399,0.8467516654668189,0.8493998183385646,20.7,1021.807
1791229549.866135,69.55272099089746,0.8459776347792132,0.8469291078353243,0.8499649698717997,20.74,1021.811
1791229581.2035275,69.5519473141492,0.8459776347792132,0.846364473153342,0.8496460827487821,20.67,1021.809
1791229612.5460067,69.55081804478525,0.8460821558123508,0.8466467904943331,0.8497522812452352,20.7,1021.813
1791229643.8745816,69.55010808333897,0.8464692189721265,0.8468241996952676,0.8496460827487821,20.69,1021.81
1791229675.219115,69.55540032034399,0.8475990049508962,0.8449528864483865,0.8497522812452352,20.7,1021.814
1791229706.5596006,69.55596521333338,0.8459043259827416,0.8456218794880491,0.8496823941051821,20.69,1021.816
1791229737.9080162,69.55441611920081,0.8465420113899161,0.8473165584562039,0.8496823941051821,20.69,1021.81
1791229769.2484996,69.55364270052382,0.8456954464738617,0.8460821558123508,0.849788755112058,20.72,1021.801
1791229800.5970466,69.55286805758946,0.8466467904943331,0.8470341119615115,0.8495761304137435,20.72,1021.807
1791229831.9425085,69.55230342290749,0.8460821558123508,0.846364473153342,0.8497522812452352,20.7,1021.811
1791229863.2739918,69.55364321713863,0.8475990049508962,0.8469291078353243,0.8497522812452352,20.72,1021.811
1791229894.6045873,69.55498185276647,0.8476707646113218,0.8470014467973996,0.8499282710541335,20.69,1021.819
1791229925.9381433,69.55278612012101,0.845726333372536,0.8468241996952676,0.8495761304137435,20.72,1021.82
1791229957.2955031,69.55144825799961,0.8461552686345647,0.8468241996952676,0.8496460827487821,20.7,1021.812
1791229988.654281,69.55109350595987,0.8465420113899161,0.8467193874097879,0.8498220406735162,20.73,1021.809
1791230020.0003688,69.54827291208375,0.8455911498593413,0.8470014467973996,0.8499282710541335,20.7,1021.807
1791230051.3239017,69.54601746738287,0.8454869484971306,0.8466146708475716,0.8495399812859046,20.72,1021.813
1791230082.6723297,69.54898312304525,0.8474604626104023,0.8459776347792132,0.8495399812859046,20.76,1021.812
1791230113.963809,69.54841874643455,0.8459776347792132,0.8462598230845647,0.8496460827487821,20.76,1021.815
1791230145.3113594,69.54785488525933,0.846050809672351,0.8463327402599613,0.8499282710541335,20.73,1021.805
1791230176.655887,69.54933696948008,0.8467918517827306,0.846050809672351,0.8498220406735162,20.72,1021.804
1791230208.0033758,69.55025642256393,0.8468241996952676,0.846364473153342,0.8495761304137435,20.7,1021.805
1791230239.3517582,69.54835199365081,0.8466467904943331,0.8475990049508962,0.8496823941051821,20.7,1021.81
1791230270.7113423,69.54835199365081,0.8470341119615115,0.8470341119615115,0.8496823941051821,20.73,1021.816
1791230302.0568604,69.55025538933432,0.8464692189721265,0.8455175211303686,0.8497522812452352,20.7,1021.814
1791230333.3863378,69.54969075465235,0.8457998384713598,0.8460821558123508,0.8497522812452352,20.7,1021.812
1791230364.7218614,69.55117432627561,0.8473885763059705,0.8466467904943331,0.8497522812452352,20.69,1021.82
1791230396.0703526,69.55265867211273,0.8465420113899161,0.8457998384713598,0.849187646563253,20.66,1021.823
1791230427.4147842,69.55132010261121,0.8462598230845647,0.8469291078353243,0.8496460827487821,20.7,1021.832
1791230458.7611535,69.55244885583262,0.8468241996952676,0.8462598230845647,0.8498220406735162,20.69,1021.833
1791230490.1068642,69.55301323244332,0.8462598230845647,0.8459776347792132,0.8496460827487821,20.67,1021.838
1791230521.4503174,69.55132010261121,0.8459776347792132,0.8468241996952676,0.8495399812859046,20.7,1021.845
1791230552.797633,69.54814398318892,0.8456954464738617,0.8472835061850112,0.8496460827487821,20.72,1021.847
1791230584.1382098,69.54736953222682,0.8468241996952676,0.8472114251763152,0.8497522812452352,20.72,1021.851
1791230615.4647808,69.54751524196449,0.8464373280221762,0.846364473153342,0.8496460827487821,20.72,1021.846
1791230646.8111706,69.55182334439759,0.8480583771992886,0.8459043259827416,0.8496460827487821,20.73,1021.849
1791230678.1566312,69.5538737500423,0.8470341119615115,0.8460089091391535,0.8498585769084359,20.7,1021.843
1791230709.4911866,69.55372829039841,0.8465740606723887,0.8466467904943331,0.8495761304137435,20.72,1021.842
1791230740.8267915,69.55640807156945,0.847704363738859,0.846364473153342,0.8498585769084359,20.73,1021.839
1791230772.1862109,69.5547133926013,0.8467516654668189,0.8475990049508962,0.8499282710541335,20.73,1021.841
1791230803.5197022,69.55450338434892,0.8469291078353243,0.8470341119615115,0.8495761304137435,20.7,1021.84
1791230834.8642,69.55358360662252,0.8464692189721265,0.8469291078353243,0.8497522812452352,20.72,1021.844
1791230866.2186286,69.54942263792493,0.8454132581685103,0.8474937425173064,0.8494699639042441,20.69,1021.842
1791230897.5602148,69.54695409094462,0.8457998384713598,0.8470341119615115,0.8497522812452352,20.69,1021.837
1791230928.905473,69.54977855589155,0.8470341119615115,0.8456218794880491,0.8497522812452352,20.67,1021.834
1791230960.2361283,69.55034293250225,0.8459776347792132,0.8456954464738617,0.8500345985862263,20.7,1021.83
1791230991.5835853,69.5505522326398,0.846364473153342,0.8462598230845647,0.8492579218982929,20.66,1021.823
1791231022.9160693,69.54935854749283,0.8460821558123508,0.8466789983858399,0.8502475456384173,20.69,1021.82
1791231054.266624,69.54900268686072,0.8462183629128545,0.846396293228911,0.849788755112058,20.67,1021.815
1791231085.613238,69.54864701854585,0.8466061980870002,0.8467840322444327,0.8500017696073351,20.69,1021.813
1791231116.9634395,69.55070021336574,0.8470668669102218,0.8460402695002778,0.8497188053139739,20.66,1021.808
1791231148.292939,69.55111912091314,0.8462183629128545,0.8460089091391535,0.849506049955129,20.69,1021.805
1791231179.6365573,69.55245975024032,0.8465011975786436,0.8458308829150533,0.849612378902324,20.69,1021.802
1791231210.9627955,69.55323451841983,0.846396293228911,0.8460089091391535,0.8492233447982,20.67,1021.802
1791231242.3034248,69.55549512455276,0.8474217879722414,0.8462914849057711,0.8493998183385646,20.66,1021.795
1791231273.639894,69.55267065960584,0.8456218794880491,0.8470341119615115,0.8493998183385646,20.65,1021.793
1791231304.9931924,69.55514069059545,0.8474217879722414,0.8461867724774341,0.8496823941051821,20.67,1021.789
1791231336.3488424,69.55493126573877,0.8461867724774341,0.8462914849057711,0.8493998183385646,20.66,1021.788
1791231367.694249,69.55570525757642,0.8455481777581243,0.8451611818393008,0.849293683919051,20.67,1021.789
1791231399.0328846,69.55302315490437,0.8462914849057711,0.8476325362418,0.8492233447982,20.66,1021.786
1791231430.364146,69.55231099317348,0.8454437576059184,0.8457998384713598,0.8498585769084359,20.7,1021.786
1791231461.6897852,69.55040372490689,0.8459355282470653,0.8468891623803615,0.8495761304137435,20.67,1021.785
1791231493.0263164,69.55400826042336,0.8471721266737227,0.8453698589154871,0.8498952135681132,20.65,1021.786
1791231524.3776703,69.55776222945923,0.8475605770056802,0.8456835924877448,0.8494719628976162,20.66,1021.785
1791231555.7290828,69.56080433549556,0.8476661598248072,0.8461451068066376,0.8496487271618697,20.65,1021.791
1791231587.0746922,69.55797339509748,0.845862012766829,0.8472774829658718,0.8490822793512803,20.63,1021.789
1791231618.3991919,69.55832906341234,0.8467840322444327,0.8466061980870002,0.8494358410206126,20.65,1021.794
1791231649.7366867,69.55457996384392,0.8453698589154871,0.8472444086996977,0.8490467095707458,20.63,1021.798
1791231681.0713093,69.55118750196077,0.8458308829150533,0.8475271138566267,0.849506049955129,20.66,1021.79
1791231712.4166229,69.55231832258849,0.8469617035427689,0.846396293228911,0.849506049955129,20.65,1021.789
1791231743.7639747,69.54984784102865,0.8454437576059184,0.8466789983858399,0.849788755112058,20.69,1021.793
1791231775.1124864,69.55231903196582,0.8462183629128545,0.8449827674442665,0.849506049955129,20.65,1021.794
1791231806.4540162,69.55231903196582,0.8456526935812763,0.8456526935812763,0.849612378902324,20.67,1021.795
1791231837.7916057,69.55303004287737,0.8469617035427689,0.8466061980870002,0.849612378902324,20.66,1021.787
1791231869.1471682,69.5554380529437,0.8461867724774341,0.8449827674442665,0.8492233447982,20.65,1021.79
1791231900.47545,69.5554380529437,0.8465011975786436,0.8465011975786436,0.8491528767272514,20.65,1021.785
1791231931.7578652,69.5542417439487,0.8460402695002778,0.8466384239977821,0.84954223528434,20.66,1021.78
1791231963.0994854,69.55558528574618,0.8476661598248072,0.8469943889260632,0.849365503256575,20.66,1021.777
1791231994.447841,69.5561512143329,0.8468891623803615,0.8466061980870002,0.8494358410206126,20.62,1021.774
1791232025.7853324,69.55487375656178,0.8460402695002778,0.8466789983858399,0.8490467095707458,20.65,1021.766
1791232057.1379642,69.55338545330804,0.8451913766201941,0.8459355282470653,0.849612378902324,20.65,1021.758
1791232088.518341,69.55204508299857,0.8455481777581243,0.8462183629128545,0.849329544236535,20.6,1021.751
1791232119.8559322,69.55451582333905,0.8469617035427689,0.845726333372536,0.8492233447982,20.62,1021.743
1791232151.2013812,69.55564664396677,0.8466789983858399,0.8461135880719821,0.849329544236535,20.6,1021.732
1791232182.545872,69.55168877176976,0.8458308829150533,0.8478098190135556,0.8490467095707458,20.63,1021.723
1791232213.8903608,69.55579159428659,0.8479869395054765,0.8459355282470653,0.849506049955129,20.62,1021.707
1791232245.2419121,69.56073766230247,0.8469943889260632,0.8445213549181197,0.849329544236535,20.62,1021.702
1791232276.5884485,69.55996186697044,0.8455789187270205,0.8459668163930394,0.849365503256575,20.6,1021.694
1791232307.91178,69.55600036686339,0.8454743409135552,0.8474550909670839,0.8491528767272514,20.63,1021.681
1791232339.255327,69.55748958358079,0.8464282008464462,0.8456835924877448,0.849365503256575,20.6,1021.662
1791232370.599815,69.55557992056072,0.8456835924877448,0.8466384239977821,0.849365503256575,20.62,1021.66
1791232401.9453166,69.55578965266432,0.8458932283796291,0.8457883623278319,0.8491179471696125,20.65,1021.653
1791232433.301619,69.55280566754044,0.8456406550842885,0.8471326476462301,0.8494015613872387,20.65,1021.649
1791232464.6563482,69.5552196751646,0.8465332642036286,0.8453262603915509,0.8491886090076327,20.62,1021.646
1791232495.9986105,69.55542973478353,0.8463550701077989,0.846250040298334,0.8499319510671641,20.65,1021.645
1791232527.332172,69.55280677544138,0.8455050084378486,0.8468164881089233,0.8490822793512803,20.63,1021.639
1791232558.67265,69.55337348322135,0.8463550701077989,0.8460717162178154,0.8494719628976162,20.63,1021.64
1791232590.0001287,69.5530174218561,0.8465332642036286,0.8467112948862546,0.84954223528434,20.65,1021.637
1791232621.350731,69.559602850752,0.8484098591251059,0.8451171446771556,0.84954223528434,20.63,1021.641
1791232652.6972358,69.55825892246413,0.8460717162178154,0.8467436803617462,0.8498620042961758,20.63,1021.644
1791232684.0356107,69.55676911871254,0.8457883623278319,0.8465332642036286,0.8496487271618697,20.65,1021.642
1791232715.376073,69.55435901737503,0.846250040298334,0.8474550909670839,0.849365503256575,20.63,1021.639
1791232746.7085605,69.55259709765132,0.8459355282470653,0.8468164881089233,0.8494358410206126,20.63,1021.645
1791232778.03825,69.55450870774926,0.846849033428604,0.8458932283796291,0.849508184379867,20.63,1021.645
1791232809.3845847,69.5521751040994,0.8458932283796291,0.8470600302045577,0.8495785203021367,20.62,1021.638
1791232840.7120085,69.55408697464453,0.8471326476462301,0.8461767123736681,0.8496851756048648,20.6,1021.634
1791232872.043664,69.55330936777625,0.8459981907757257,0.8463869942098646,0.8490471553729343,20.62,1021.635
1791232903.384984,69.55223942284262,0.8458932283796291,0.8464282008464462,0.8491886090076327,20.62,1021.63
1791232934.7214272,69.55563655132032,0.8475605770056802,0.845862012766829,0.8491886090076327,20.63,1021.626
1791232966.0631688,69.55903367979802,0.8472774829658718,0.8455789187270205,0.8496487271618697,20.59,1021.617
1791232997.4024763,69.55733433636625,0.8456835924877448,0.8465332642036286,0.8492591412445316,20.63,1021.612
1791233028.7519915,69.55882277389074,0.8472774829658718,0.8465332642036286,0.8496487271618697,20.6,1021.608
1791233060.0904737,69.56001908288574,0.8466384239977821,0.8460402695002778,0.8492591412445316,20.62,1021.599
1791233091.4399536,69.56150752041023,0.8472774829658718,0.8465332642036286,0.8496487271618697,20.62,1021.605
1791233122.7834592,69.56073113873211,0.8466061980870002,0.8469943889260632,0.8494358410206126,20.65,1021.591
1791233154.1168396,69.5591775456211,0.8455050084378486,0.8462818049933518,0.8495785203021367,20.63,1021.596
1791233185.449374,69.55747820218933,0.846250040298334,0.8470997120142179,0.8492591412445316,20.62,1021.596
1791233216.7838445,69.55875540790565,0.8474550909670839,0.8468164881089233,0.8497188053139739,20.62,1021.6
1791233248.1313045,69.55457540496104,0.8453262603915509,0.847416261863856,0.8496487271618697,20.62,1021.593
1791233279.479917,69.55514237294912,0.8473106483498243,0.8470271643557852,0.8494719628976162,20.6,1021.592
1791233310.8262658,69.55529021589675,0.8457145765580996,0.8456406550842885,0.8494377190388461,20.62,1021.591
1791233342.1597307,69.55699190120251,0.8471326476462301,0.8462818049933518,0.8496851756048648,20.63,1021.59
1791233373.5123248,69.55436646515996,0.8454309623404735,0.8467436803617462,0.8497553167875996,20.66,1021.588
1791233404.8576977,69.55081956191462,0.8453262603915509,0.8470997120142179,0.849508184379867,20.62,1021.59
1791233436.2043076,69.5523741963362,0.846849033428604,0.8460717162178154,0.8497553167875996,20.59,1021.581
1791233467.54669,69.54876492991498,0.8451171446771556,0.8469217778877656,0.849365503256575,20.6,1021.581
1791233498.8912606,69.54989886589114,0.8470271643557852,0.8464601963677072,0.8494719628976162,20.62,1021.583
1791233530.239595,69.55103228145107,0.8466384239977821,0.8460717162178154,0.8494719628976162,20.59,1021.579
1791233561.5822544,69.55195459751457,0.8473829359195125,0.8469217778877656,0.849365503256575,20.62,1021.576
1791233592.922571,69.55401372118239,0.8478057170144111,0.8467761551805039,0.8496851756048648,20.57,1021.572
1791233624.2602131,69.55231281721815,0.8458932283796291,0.8467436803617462,0.8496851756048648,20.57,1021.575
1791233655.6017804,69.55493747191917,0.8475941323438634,0.8462818049933518,0.8492950363080977,20.57,1021.572
1791233686.9381883,69.55607245016282,0.8469544833316832,0.8463869942098646,0.8497919289407763,20.54,1021.569
1791233718.220673,69.55756401772211,0.846849033428604,0.8461032496489553,0.8492950363080977,20.54,1021.566
1791233749.560398,69.55684946795209,0.8459245301083423,0.8462818049933518,0.8492244398189578,20.56,1021.563
1791233780.8845348,69.55649287863643,0.846670738770774,0.846849033428604,0.8495785203021367,20.54,1021.565
1791233812.218133,69.55869664289402,0.847205131777749,0.8461032496489553,0.8495785203021367,20.54,1021.564
1791233843.5386024,69.55983057887018,0.8467436803617462,0.8461767123736681,0.8494015613872387,20.54,1021.564
1791233874.8911407,69.55926335043492,0.846849033428604,0.8471326476462301,0.8496851756048648,20.54,1021.556
1791233906.2345319,69.55585841570401,0.8455357605271367,0.8472382278925926,0.849614905421042,20.54,1021.56
1791233937.5741508,69.55209878323814,0.8451473481228474,0.8470271643557852,0.8495785203021367,20.54,1021.561
1791233968.9204116,69.54997639972602,0.8463550701077989,0.847416261863856,0.8496851756048648,20.54,1021.568
1791234000.2560043,69.55054362816128,0.8465654192109778,0.8462818049933518,0.8496851756048648,20.53,1021.573
1791234031.5975163,69.55430789637677,0.8476277802526653,0.8457456461449209,0.8493310303969882,20.56,1021.575
1791234062.9469981,69.55678972938865,0.8479116552767192,0.846670738770774,0.8495445058799227,20.56,1021.579
1791234094.2674959,69.55941686403087,0.8475219724535019,0.8462084051323963,0.849614905421042,20.54,1021.582
1791234125.6139894,69.55998487524532,0.847449679788271,0.8471656741810459,0.8498286421905112,20.57,1021.584
1791234156.9643948,69.55807085948071,0.8456406550842885,0.846597662966596,0.8497217246460712,20.56,1021.589
1791234188.3088598,69.55828117044759,0.8462084051323963,0.8461032496489553,0.8495445058799227,20.53,1021.587
1791234219.6535854,69.55487310316089,0.8451776349304707,0.846881668573821,0.8494377190388461,20.56,1021.587
1791234250.984842,69.55771185340143,0.8450729050361809,0.8436535299159118,0.849508184379867,20.54,1021.581
1791234282.3242652,69.5535272920978,0.8461032496489553,0.8481955303007729,0.8498987804450958,20.54,1021.578
1791234313.6607428,69.5544512430747,0.8479116552767192,0.847449679788271,0.8494377190388461,20.54,1021.573
1791234344.9953935,69.55516501793574,0.8470600302045577,0.8467031427740362,0.8497217246460712,20.57,1021.561
1791234376.3418164,69.55459700672128,0.846597662966596,0.846881668573821,0.849508184379867,20.57,1021.557
1791234407.6943085,69.55324976327077,0.8463136573593709,0.8469872790846249,0.849935658190169,20.57,1021.553
1791234439.019849,69.55360688201452,0.8469872790846249,0.8468087197127512,0.8496513910558583,20.54,1021.544
1791234470.366257,69.5548898482739,0.846881668573821,0.8462401854441298,0.8495445058799227,20.59,1021.549
1791234501.7027788,69.55566875147763,0.8462401854441298,0.8458507338422703,0.8493671239215475,20.56,1021.547
1791234533.0562894,69.55808721711173,0.847733685395496,0.8465244525784406,0.8493671239215475,20.56,1021.541
1791234564.398654,69.56285017809654,0.8481582820951438,0.8457768016027378,0.8496513910558583,20.57,1021.54
1791234595.7431848,69.562134429121,0.8461665780906736,0.8465244525784406,0.8495809278126223,20.57,1021.527
1791234627.093707,69.56021773979519,0.8456716511755084,0.8466299958384104,0.8496513910558583,20.53,1021.53
1791234658.4302511,69.55467424389205,0.8449236073670653,0.847695355318637,0.8497583747025431,20.54,1021.519
1791234689.7807252,69.55617237315984,0.8457027330135912,0.8449536683796991,0.8495103345575289,20.59,1021.517
1791234721.124214,69.55503373184267,0.8457027330135912,0.8462720536721757,0.8492255429214145,20.56,1021.518
1791234752.465702,69.5542532654079,0.8459873933428834,0.8463776265602708,0.8496174505951023,20.54,1021.514
1791234783.8112032,69.55203837815809,0.8461245578437128,0.8472320014686139,0.8497246655439238,20.57,1021.507
1791234815.1567242,69.55296594118771,0.8472320014686139,0.8467682199538064,0.8497951261936433,20.54,1021.498
1791234846.498098,69.55317728184652,0.8464832968896768,0.8463776265602708,0.8496540746468124,20.59,1021.493
1791234877.849505,69.55353546390187,0.8472653029813577,0.8470862119536836,0.8495467932566476,20.59,1021.495
1791234909.1902215,69.55296509133305,0.8461245578437128,0.8464097441281241,0.8497246655439238,20.6,1021.501
1791234940.5376577,69.55617454214439,0.8477292832493829,0.8461245578437128,0.8500097201574296,20.59,1021.497
1791234971.8821857,69.55752793734607,0.8469069553234781,0.8462302577226407,0.8497614552383163,20.57,1021.493
1791235003.2245317,69.55809883732903,0.8466215053319942,0.8463360553405105,0.8498319795410589,20.6,1021.494
1791235034.5712328,69.55746425632199,0.8459449396456266,0.8462622301491438,0.849583353140829,20.6,1021.489
1791235065.915487,69.55539052983418,0.845405087589047,0.8464419508329512,0.8497983471309386,20.57,1021.49
1791235097.2469435,69.55574951034646,0.8471193727092408,0.8469398824531009,0.849583353140829,20.6,1021.487
1791235128.597624,69.55403681039756,0.8460506053490267,0.8469069553234781,0.8492977711128401,20.56,1021.493
1791235159.9541147,69.55496655530561,0.847192405314962,0.84672753286094,0.8498689351688179,20.57,1021.493
1791235191.2974963,69.55339966476441,0.8456908017757458,0.8464742470463451,0.8497983471309386,20.56,1021.49
1791235222.6441321,69.55619347840323,0.8474050868959396,0.8460081800765293,0.849727628247384,20.53,1021.499
1791235253.988411,69.56197862391846,0.8467930099612433,0.8439004372036251,0.8498353416482283,20.53,1021.496
1791235285.336058,69.56098303413383,0.8457964965819659,0.8462942914742874,0.8498353416482283,20.54,1021.494
1791235316.6853683,69.56091970590566,0.8459765159624448,0.8460081800765293,0.8497983471309386,20.52,1021.498
1791235348.0240288,69.55977579042,0.8473321836605852,0.8479041414034119,0.8495125006631548,20.53,1021.494
1791235379.3704445,69.55941548709687,0.8455106501141821,0.8456908017757458,0.849727628247384,20.53,1021.492
1791235410.7148802,69.55842002492906,0.8459765159624448,0.8464742470463451,0.8495125006631548,20.54,1021.486
1791235442.0564327,69.55663681130622,0.8456475026841395,0.8465391094955619,0.849727628247384,20.56,1021.487
1791235473.400907,69.55549077244706,0.8463264420693588,0.8468994614989418,0.8498724392189987,20.57,1021.482
1791235504.725532,69.55742366129635,0.8468258853717555,0.8458594409471041,0.849980420009887,20.56,1021.479
1791235536.036895,69.55591724029198,0.8457534226397759,0.8465066331419674,0.8497645586468564,20.52,1021.476
1791235567.377302,69.55727784077084,0.8472194097349901,0.8465391094955619,0.849980420009887,20.56,1021.468
1791235598.7117176,69.55413323672335,0.8454669129249843,0.8470392149487315,0.8495857964852919,20.54,1021.467
1791235630.0623572,69.55757774711421,0.8470392149487315,0.8453169597532971,0.8498015920168133,20.56,1021.463
1791235661.3948834,69.5557089961381,0.8468588525317793,0.8477932280198398,0.8503049650934935,20.53,1021.461
1791235692.743193,69.55621901459413,0.846252333619368,0.8459973243913508,0.849980420009887,20.56,1021.448
1791235724.0867825,69.55743457818983,0.8473599542140035,0.8467521724161591,0.8496225977418831,20.53,1021.445
1791235755.4322696,69.55449916489275,0.8450299172207247,0.8464976238692667,0.8500885011592381,20.54,1021.444
1791235786.784842,69.55277690969731,0.8461780873510143,0.8470392149487315,0.849443436953065,20.54,1021.441
1791235818.1401637,69.55063198423335,0.8457534226397759,0.8468258853717555,0.849478048932065,20.54,1021.44
1791235849.4855824,69.55256606745934,0.8461780873510143,0.8452110457380168,0.8496936441336932,20.53,1021.432
1791235880.8201602,69.55070883681131,0.8464651298835868,0.8473937452076021,0.8495514191032045,20.53,1021.423
1791235912.166624,69.54949210254875,0.8459545177805402,0.8465628849118167,0.8498759693956296,20.5,1021.425
1791235943.513053,69.55049495628255,0.8464559446474399,0.8459545177805402,0.8503101173460249,20.52,1021.424
1791235974.8507497,69.55403281134667,0.8474670664975202,0.845698138965461,0.8498759693956296,20.5,1021.421
1791236006.1750836,69.55698238921082,0.8476426194439398,0.8461678305118716,0.8498421412425425,20.54,1021.415
1791236037.5206594,69.55892878765141,0.8477502645071116,0.8467770652868111,0.849770835108832,20.54,1021.416
1791236068.866199,69.55625727856527,0.8460183468484939,0.8473541013915636,0.8501683139520243,20.54,1021.411
1791236100.204668,69.55848075481649,0.8473541013915636,0.8462423632659527,0.8497336200484544,20.54,1021.409
1791236131.5502656,69.55877782813394,0.8466370838931657,0.846488547234435,0.8499133142742598,20.54,1021.4
1791236162.9006464,69.55618759168829,0.8459115111296824,0.8472066293525118,0.8499170158088152,20.53,1021.399
1791236194.2460873,69.55820456400863,0.8477113445919655,0.8467028584317907,0.8501683139520243,20.54,1021.401
1791236225.5776403,69.55784112120976,0.84684335671257,0.8470250781120038,0.8498455792951516,20.54,1021.402
1791236256.925025,69.55488131798936,0.8458683030332791,0.847348204643485,0.8501350442388129,20.53,1021.392
1791236288.2606099,69.56060552538639,0.846339454233119,0.8434773505346008,0.8500259789370199,20.52,1021.393
1791236319.6060243,69.56038916947985,0.8470515719268136,0.8471597498800881,0.849777206180346,20.52,1021.393
1791236350.953386,69.55538551069893,0.8453521712987725,0.8478540006892301,0.8497023036010307,20.5,1021.396
1791236382.3000267,69.5556837633589,0.8467690032005877,0.8466198768706016,0.8501350442388129,20.52,1021.398
1791236413.6306205,69.55322864147686,0.8459321889390735,0.8471597498800881,0.8500301201113563,20.54,1021.388
1791236444.9778416,69.54873014035093,0.8450930129104401,0.8473422634734102,0.8495584884911985,20.53,1021.387
1791236476.3195105,69.55062193068294,0.8477067755462192,0.846760880380217,0.8498490432354675,20.52,1021.384
1791236507.665886,69.55105457881989,0.8473422634734102,0.847125939404935,0.8496677958461829,20.5,1021.377
1791236539.0074832,69.55251675385355,0.8473422634734102,0.8466111759565783,0.8502110267143584,20.53,1021.375
1791236570.3368304,69.55120429116134,0.8462872644466688,0.8469434957927766,0.8497052336412593,20.5,1021.376
1791236601.6755085,69.55221762649887,0.846503103637632,0.8459964359688624,0.8497052336412593,20.49,1021.376
1791236633.0288951,69.55249855824285,0.8465451032636508,0.8464046373916619,0.8495213279582401,20.5,1021.373
1791236664.3743365,69.55662428992542,0.8485422683204284,0.8464794024791389,0.8498831093058258,20.5,1021.369
1791236695.722961,69.55894000947471,0.847240394802199,0.8460825350275534,0.8494842720585274,20.49,1021.37
1791236727.0603428,69.55713779523656,0.8461574968029603,0.8470586039220362,0.8498455792951516,20.5,1021.367
1791236758.4049509,69.55698674120526,0.8457812768157001,0.8458568038313469,0.8496304636632902,20.49,1021.36
1791236789.7372575,69.55379456049364,0.8458888057404272,0.8474848960962407,0.8498148164686739,20.54,1021.352
1791236821.0858173,69.55103365260656,0.8458132021061503,0.8471936560496867,0.8498148164686739,20.52,1021.35
1791236852.4112852,69.55351328566117,0.8473764118204394,0.8461365952931341,0.850397296561782,20.52,1021.349
1791236883.7406993,69.54966330106788,0.845920898182427,0.8478458904790697,0.8498148164686739,20.5,1021.355
1791236915.070364,69.54944696126931,0.8461691148961484,0.8462772847954309,0.8498181852003187,20.5,1021.344
1791236946.4127095,69.54858037281464,0.8461691148961484,0.8466024091234827,0.8500003907879798,20.49,1021.343
1791236977.7633345,69.54792786973667,0.8465270519286809,0.8468533034676708,0.8497081858692858,20.5,1021.351
1791237009.1032267,69.55056997649048,0.8466776237247435,0.8453565703478374,0.8501824239877221,20.5,1021.351
1791237040.4561548,69.55553709782953,0.8482089399538736,0.8457253792843457,0.8500384966712118,20.49,1021.35
1791237071.7976696,69.55861360496985,0.8475884345769849,0.8460501810068275,0.849966328173292,20.46,1021.35
1791237103.1441638,69.55714504758227,0.8462017268449571,0.846936005538751,0.8497804278657007,20.49,1021.351
1791237134.4956684,69.55335722925459,0.84606104719328,0.8479549563571215,0.8498903572991405,20.5,1021.344
1791237165.8431535,69.55094795647251,0.8464185074896948,0.8476231438807341,0.8502207705233875,20.46,1021.341
1791237197.1846516,69.55520455557549,0.8481349653651036,0.8460066658136174,0.849894022596826,20.46,1021.339
1791237228.5339718,69.56219373705468,0.8467025646245503,0.843207973884952,0.8499321035795206,20.46,1021.343
1791237259.8854306,69.56116691063907,0.8464753780631307,0.8469887912709353,0.8502306631708256,20.46,1021.335
1791237291.2299223,69.55866446165298,0.8465512512378286,0.8478024757308772,0.8500085924355664,20.46,1021.329
1791237322.5075264,69.56064868393184,0.8475433623772608,0.8465512512378286,0.8498595933399822,20.44,1021.332
1791237353.8429382,69.56219108479331,0.8470713211472195,0.8463001207164842,0.8497489986430619,20.46,1021.323
1791237385.1885583,69.56086680513837,0.8463001207164842,0.8469622605439552,0.849894022596826,20.49,1021.328
1791237416.5429494,69.5559545922867,0.8456047437078446,0.8480608501336859,0.849894022596826,20.47,1021.319
1791237447.8833437,69.55199738375057,0.8456047437078446,0.847583347975906,0.8497111605380943,20.44,1021.32
1791237479.2329707,69.55273814406436,0.8466604798255402,0.8462900996686481,0.8496762794794395,20.44,1021.316
1791237510.568371,69.5536143712532,0.8477278671198738,0.8472897535254541,0.8498977158485158,20.47,1021.303
1791237541.9078805,69.553897923007,0.8467109892615173,0.84656921338462,0.8502207705233875,20.49,1021.299
1791237573.2603035,69.55265742112375,0.846375908133381,0.8469961590750023,0.8495281246480206,20.49,1021.298
1791237604.571063,69.55478918066993,0.8476928597273292,0.8466269799542457,0.8498595933399822,20.49,1021.288
1791237635.8982646,69.55441946676729,0.8471738247049212,0.8473586816562395,0.8501920100324227,20.49,1021.288
1791237667.2388139,69.55479009609594,0.8465846746807392,0.8463993600164096,0.8503030269666026,20.47,1021.283
1791237698.5902786,69.55465135009503,0.8473180443802428,0.8473874173807027,0.849790240839642,20.5,1021.283
1791237729.9116697,69.55405823826086,0.8463465164979266,0.8466430724150089,0.849682043795814,20.49,1021.276
1791237761.2622507,69.55702237366854,0.8477186672984084,0.8462365995945677,0.8498667616827219,20.5,1021.27
1791237792.60671,69.55730904758137,0.8465330131353357,0.8463896761789221,0.8497935620837855,20.5,1021.262
1791237823.9881246,69.55546345144208,0.8464994556879923,0.8474222537576402,0.850162890880597,20.5,1021.261
1791237855.3415368,69.55783248502509,0.8472015989018454,0.8460170821103448,0.849682043795814,20.54,1021.258
1791237886.6710036,69.5568677378698,0.8460170821103448,0.8464994556879923,0.8495706324848467,20.54,1021.257
1791237918.0176091,69.55308633435021,0.8459074812261855,0.847798182985974,0.8501241499916633,20.54,1021.254
1791237949.3590813,69.55455420028385,0.8476131826596466,0.8468792496928301,0.8496439755787782,20.52,1021.256
1791237980.6926658,69.55080450963105,0.845919011971198,0.8477938572975957,0.849603421664609,20.52,1021.261
1791238012.0330193,69.55339487182238,0.846829426676104,0.8455342455804421,0.8497171782293725,20.53,1021.265
1791238043.3734288,69.55501913908006,0.847015602085932,0.8462034684570889,0.8498667616827219,20.52,1021.268
1791238074.720996,69.55642165882666,0.8474628166472917,0.8467615567739922,0.8496439755787782,20.5,1021.263
1791238106.0695448,69.55731604359785,0.8468035811014293,0.8463563887158384,0.8498631638110592,20.5,1021.27
1791238137.3998983,69.5579747209549,0.846609340506095,0.8462800018275711,0.8497553152279301,20.49,1021.269
1791238168.7494726,69.55819441730594,0.8464230594837361,0.84631321130822,0.8498667616827219,20.46,1021.274
1791238200.1070623,69.5562642727597,0.8466430724150089,0.8476081446881281,0.8499783150969119,20.5,1021.272
1791238231.445318,69.55968712776554,0.8479044159892261,0.8461929884863048,0.8499437242253592,20.46,1021.276
1791238262.7898629,69.55878693388352,0.8465237886057466,0.8469738855467561,0.8494613832062693,20.49,1021.276
1791238294.137326,69.5572054319777,0.8458185895531888,0.846609340506095,0.849646740357499,20.46,1021.277
1791238325.4848485,69.55988379358632,0.847829296083338,0.8464901152790288,0.8498319192723053,20.46,1021.273
1791238356.826464,69.56083745249708,0.8474164577874697,0.8469396283320911,0.8494613832062693,20.49,1021.272
1791238388.1608586,69.5586119810948,0.8457086092985151,0.8468213449996543,0.8494613832062693,20.5,1021.265
1791238419.5223932,69.55667193810709,0.8458513235057955,0.8468213449996543,0.8496112666920592,20.46,1021.264
1791238450.863765,69.5535435388263,0.8460388682460911,0.8476030678864807,0.849573117416382,20.49,1021.261
1791238482.1882515,69.55250500695038,0.8466342679870857,0.8471535339250454,0.8499089665625565,20.49,1021.253
1791238513.5388594,69.55673556551143,0.8477140141813774,0.8455987349008567,0.8501334063167356,20.5,1021.253
1791238544.8874338,69.55658230499458,0.8465237886057466,0.8466004188641767,0.8494993525448236,20.47,1021.248
1791238576.2397847,69.55711166320046,0.8461160026087374,0.8458513235057955,0.850094465332639,20.5,1021.25
1791238607.5734484,69.56187486112842,0.8463365681165884,0.8439549691526096,0.8501334063167356,20.5,1021.243
1791238638.9136302,69.56105807621763,0.846149166991313,0.8465575594467073,0.8497969089387312,20.49,1021.244
1791238670.2581475,69.55799346533053,0.8458841523439138,0.8474164577874697,0.8497232888175247,20.47,1021.24
1791238701.603881,69.55889834429807,0.8468898475600309,0.8464374080762608,0.8496112666920592,20.47,1021.232
1791238732.9342268,69.55965080724584,0.8467364054895786,0.8463601740156894,0.8495398037311086,20.47,1021.222
1791238764.2807198,69.56292063419653,0.8460276900034139,0.8443927765280698,0.8495756215653104,20.47,1021.224
1791238795.606269,69.55881395783847,0.8456961702243511,0.8477495084033834,0.8498002817018613,20.47,1021.22
1791238826.9536593,69.55517021491612,0.8460388682460911,0.8478607397072672,0.8499089665625565,20.47,1021.212
1791238858.2971308,69.55256335249435,0.8457738217857007,0.8470772529965889,0.8500211323030424,20.49,1021.21
1791238889.6398928,69.55271750280798,0.8463700840490055,0.8462930088921911,0.8496878973127983,20.5,1021.204
1791238920.9770625,69.55548458832496,0.847521953421433,0.846138410662943,0.8499127748902633,20.49,1021.202
1791238952.3085039,69.55421930727265,0.8466253953706216,0.8472580358967762,0.8503638388032526,20.49,1021.192
1791238983.6630833,69.55251369644164,0.8454299846362064,0.8462827900517098,0.8499516215400362,20.52,1021.187
1791239015.007522,69.55505753037775,0.8477093250443171,0.8464374080762608,0.8495756215653104,20.5,1021.186
1791239046.3489494,69.5567837392393,0.8468132007625124,0.845950096331744,0.8495398037311086,20.49,1021.184
1791239077.697456,69.55633920210383,0.8465483808983049,0.8467706494660403,0.8497263796227563,20.49,1021.185
1791239108.9820125,69.55453736420489,0.846238824601617,0.8471397435510872,0.8495421940830078,20.5,1021.177
1791239140.336516,69.55785530654587,0.8468394372345971,0.8451804660641066,0.8493165839079161,20.52,1021.174
1791239171.6839364,69.55611748628213,0.8460050717710913,0.8468739819029608,0.8498071061654013,20.52,1021.169
1791239203.0284672,69.5553604538743,0.8460831412746964,0.8464616574786127,0.8495060677166381,20.47,1021.168
1791239234.3528707,69.55447003283945,0.8455598612536678,0.8460050717710913,0.8494676448950956,20.5,1021.157
1791239265.702459,69.55386824936572,0.8463840330115597,0.846684924748423,0.8496938421170558,20.53,1021.154
1791239297.0319183,69.55560835256613,0.8463840330115597,0.8455139814113599,0.8495060677166381,20.52,1021.145
1791239328.3683834,69.55538461608324,0.8466074423786986,0.8467193106201354,0.8493181101129303,20.54,1021.144
1791239359.7178295,69.5556078295992,0.8458484748563085,0.8457368680983357,0.8497326336420742,20.5,1021.138
1791239391.0643985,69.55704034874017,0.8472802938077845,0.8465640342372952,0.8495832515719062,20.49,1021.132
1791239422.410983,69.55567782371224,0.8462621125038341,0.8469433750177952,0.8492813298384451,20.49,1021.13
1791239453.7543452,69.55523102524188,0.8459268497806942,0.8461502490158753,0.8496580155865789,20.5,1021.121
1791239485.0829923,69.55704078562107,0.8460384948282006,0.845133614638606,0.8494697647711097,20.5,1021.115
1791239516.4314415,69.5558336889828,0.8458484748563085,0.8464520231754422,0.8497715389306765,20.47,1021.12
1791239547.765045,69.55787056655944,0.8467883853373077,0.845769946548987,0.8493196482770295,20.49,1021.121
1791239579.114319,69.55831646767955,0.8454678770972275,0.8452449265371751,0.8490927105183415,20.5,1021.117
1791239610.4558344,69.55764374335581,0.8464520231754422,0.8467883853373077,0.8494697647711097,20.49,1021.114
1791239641.8092957,69.55545046570451,0.8455795160786116,0.8466761549042654,0.8490927105183415,20.5,1021.109
1791239673.1578085,69.55726199610528,0.8471678777042174,0.8462621125038341,0.849508341169374,20.5,1021.112
1791239704.496277,69.55551734362466,0.8459936297304407,0.8468659559707564,0.8496220135994468,20.49,1021.106
1791239735.8436892,69.55770995334139,0.8462621125038341,0.845165807645468,0.8495832515719062,20.47,1021.105
1791239767.1753583,69.55907455502941,0.8465640342372952,0.8458817333932857,0.849508341169374,20.49,1021.096
1791239798.5087214,69.56089052566885,0.8465204133006683,0.8456124279809445,0.849547031033081,20.49,1021.088
1791239829.8532803,69.55840363857503,0.8450865337631891,0.8463299773101013,0.8497357974238219,20.49,1021.086
1791239861.2096722,69.55885247507065,0.8465204133006683,0.8462959950528579,0.8496608896943428,20.46,1021.086
1791239892.570286,69.55945809550416,0.8466327875268506,0.8463299773101013,0.8493196482770295,20.44,1021.07
1791239923.9096274,69.557797730938,0.8459150897541858,0.8467452720372597,0.8494719012907186,20.43,1021.063
1791239955.236162,69.55614090328542,0.845769946548987,0.8465983603752749,0.8492813298384451,20.44,1021.056
1791239986.5828211,69.55811410835892,0.8464081491966019,0.8454215466598536,0.8493196482770295,20.44,1021.047
1791240017.9272497,69.5580450511355,0.8466327875268506,0.846667316138567,0.84909336751639,20.47,1021.027
1791240049.2636912,69.55766327680375,0.8461731725504712,0.8463640597163392,0.8495106324977828,20.49,1021.021
1791240080.6181877,69.55833994573514,0.8470056506042635,0.846667316138567,0.8493211985413309,20.46,1021.019
1791240111.9445524,69.55598473640266,0.8460608032941113,0.847238407960349,0.849547031033081,20.43,1021.009
1791240143.2921486,69.56000991759579,0.847803425422197,0.8457908348256326,0.8496998803608458,20.47,1020.998
1791240174.6356885,69.56016735074579,0.8462070905370446,0.8461283739620475,0.8494740546507035,20.46,1020.993
1791240205.9561243,69.56746701770285,0.8470408323316809,0.8433909988531473,0.8493597834176455,20.44,1020.988
1791240237.3046045,69.5644284835782,0.8462070905370446,0.8477263575993699,0.8492456246616953,20.44,1020.981
1791240268.6432972,69.56298908425912,0.8456785430554093,0.846398242714948,0.8490176439175041,20.46,1020.976
1791240299.9775834,69.56177546246009,0.8461731725504712,0.8467799834499824,0.8493211985413309,20.43,1020.955
1791240331.3179407,69.56359679020305,0.8471963161745433,0.8462856523030629,0.8492072270480273,20.47,1020.954
1791240362.667587,69.56200109601724,0.8452629562012044,0.8460608032941113,0.8486765122404916,20.47,1020.947
1791240394.0201168,69.55836023062017,0.84556636165096,0.8473867943494937,0.8492072270480273,20.46,1020.937
1791240425.3585575,69.55593179362955,0.8453749884315824,0.8465892069268897,0.8490176439175041,20.43,1020.933
1791240456.6879358,69.55183348274056,0.8449916768871844,0.8470408323316809,0.8491315782168677,20.46,1020.925
1791240488.0325923,69.55116109753905,0.8448797229916594,0.8452159155924142,0.8490176439175041,20.44,1020.915
1791240519.3780065,69.55221802298438,0.8453282007283192,0.8447997380056569,0.8492841358272627,20.46,1020.908
1791240550.7253447,69.55206133369946,0.8465454115279941,0.8466237561704524,0.8496637864451114,20.47,1020.906
1791240582.0580134,69.55167826559445,0.8465799811871643,0.8467715152396709,0.8495129419135258,20.46,1020.901
1791240613.39439,69.55516827090368,0.8467366795418031,0.8449916768871844,0.8487517773627138,20.46,1020.899
1791240644.7447848,69.5556182566193,0.8462070905370446,0.845982097679236,0.8488278742722098,20.47,1020.897
1791240676.0794535,69.55357316276373,0.8449595507514488,0.845982097679236,0.8493211985413309,20.47,1020.892
1791240707.3839266,69.55440433647213,0.8456785430554093,0.8452629562012044,0.8488278742722098,20.46,1020.887
1791240738.728295,69.55440433647213,0.8457908348256326,0.8457908348256326,0.8490176439175041,20.44,1020.881
1791240770.056804,69.55440433647213,0.8457908348256326,0.8457908348256326,0.8492456246616953,20.44,1020.879
1791240801.3862607,69.55766677838783,0.8465109439495098,0.8448797229916594,0.8488278742722098,20.43,1020.875
1791240832.7138038,69.55721634964243,0.8460945387702903,0.8463197531429865,0.8487517773627138,20.44,1020.862
1791240864.054438,69.55577620924069,0.8449916768871844,0.8457117470880546,0.8486379178367652,20.44,1020.861
1791240895.4037948,69.55568412998635,0.8456325034282379,0.8456785430554093,0.8489798331273439,20.47,1020.855
1791240926.6832514,69.55401261741551,0.8461623093121474,0.8469980655975669,0.849551944460374,20.47,1020.849
1791240958.0327258,69.55568578135089,0.8474165631548504,0.8465799811871643,0.8494372961635432,20.44,1020.852
1791240989.3612251,69.55575331792039,0.8460042428359144,0.8459704745511608,0.84936150083489,20.46,1020.841
1791241020.7037423,69.55469146754632,0.8459704745511608,0.8465013997381975,0.8493227610491799,20.49,1020.834
1791241052.051276,69.55552673335066,0.8460833541353258,0.845665721233159,0.849551944460374,20.46,1020.832
1791241083.393573,69.5568113462866,0.8457784503145789,0.8451361438466136,0.8496275143671818,20.44,1020.829
1791241114.71414,69.55520828454142,0.8457784503145789,0.8465799811871643,0.8496275143671818,20.43,1020.832
1791241146.0668414,69.55726173943802,0.8462752278691625,0.8452485004208625,0.8493227610491799,20.42,1020.83
1791241177.392108,69.55626864155529,0.8452485004208625,0.8457450493622277,0.8493984824559125,20.44,1020.829
1791241208.7467465,69.55604407128348,0.8452159155924142,0.8453282007283192,0.8492841358272627,20.46,1020.829
1791241240.1023493,69.55581860155142,0.8461283739620475,0.8462411088280754,0.8491699018608256,20.43,1020.83
1791241271.4375505,69.55953467623289,0.8468497142279129,0.8449916768871844,0.8493984824559125,20.44,1020.835
1791241302.7881136,69.55953467623289,0.8460495021200348,0.8460495021200348,0.8489037359860023,20.43,1020.833
1791241334.1327205,69.56052929163829,0.8461963452659799,0.8456990375632802,0.8488655126065248,20.43,1020.84
1791241365.4761775,69.56037196406146,0.8465359895927683,0.8466146533811827,0.8490562955622559,20.42,1020.839
1791241396.82754,69.55915114297092,0.8460042428359144,0.8466146533811827,0.8490562955622559,20.42,1020.846
1791241428.1691856,69.55815743236802,0.8466146533811827,0.8471115086826329,0.8492468899881563,20.42,1020.847
1791241459.513632,69.5579975738691,0.8450562145971555,0.8451361438466136,0.8487895769402984,20.4,1020.851
1791241490.859135,69.55761481550722,0.8461283739620475,0.8463197531429865,0.8490940296981055,20.42,1020.858
1791241522.2015269,69.55572455702527,0.8449916768871844,0.8459368061281567,0.8493597834176455,20.43,1020.859
1791241553.5421104,69.55534127772222,0.8454077440605887,0.8455993837121145,0.8493597834176455,20.42,1020.858
1791241584.8916147,69.55572485625527,0.8452955302996494,0.8451037410331229,0.8487517773627138,20.43,1020.859
1791241616.2400236,69.55793028108586,0.846398242714948,0.8452955302996494,0.8489417712492302,20.44,1020.857
1791241647.5816746,69.5561741006588,0.8449916768871844,0.8458697671007156,0.8488278742722098,20.43,1020.848
1791241678.9280074,69.55291135980748,0.8451834269363171,0.8468147973619747,0.8491699018608256,20.42,1020.848
1791241710.2525506,69.55342696039621,0.8459032371245795,0.8456454368302139,0.8490557803901797,20.42,1020.845
1791241741.5930479,69.55297566482233,0.8458577063483859,0.8460833541353258,0.8491323923427961,20.42,1020.841
1791241772.943604,69.55397172365029,0.846230482271579,0.8457324528575965,0.8494762250509598,20.42,1020.836
1791241804.2820933,69.5541307187038,0.8458119503843493,0.8457324528575965,0.849094697125079,20.42,1020.838
1791241835.632627,69.55336056419327,0.8453139603080112,0.8456990375632802,0.848789038555308,20.4,1020.838
1791241866.972907,69.55442120995048,0.8458912907937622,0.8453609679151574,0.8492468899881563,20.42,1020.834
1791241898.3283806,69.5518263305095,0.8453609679151574,0.8466584076356489,0.8487132544131765,20.42,1020.831
1791241929.6820047,69.54901124840308,0.8458242211721697,0.8472317622253841,0.8488657490709478,20.4,1020.839
1791241961.0166001,69.54939392924612,0.8462070905370446,0.8460157501155205,0.8493597834176455,20.42,1020.835
1791241992.3680017,69.55067269924203,0.8452955302996494,0.8446561453016932,0.8486379178367652,20.44,1020.833
1791242023.7034361,69.55509233765581,0.8474583196277503,0.8452485004208625,0.8489798331273439,20.4,1020.83
1791242055.05896,69.55586065736492,0.8458577063483859,0.8454735464938318,0.8491323923427961,20.44,1020.834
1791242086.4024942,69.55791381155304,0.8459704745511608,0.8449438974571009,0.8491323923427961,20.44,1020.834
1791242117.745818,69.55874870928396,0.846962860393456,0.8465454115279941,0.8487895769402984,20.44,1020.837
1791242149.093523,69.5595801034304,0.8454871308809748,0.8450714338077556,0.8486379178367652,20.44,1020.835
1791242180.4338667,69.55852020364297,0.8452485004208625,0.8457784503145789,0.8486379178367652,20.46,1020.832
1791242211.7732418,69.55852020364297,0.8460381114273675,0.8460381114273675,0.8492094596634332,20.46,1020.823
1791242243.1247919,69.55630310079937,0.8456194676292004,0.8467280190510019,0.849094697125079,20.46,1020.814
1791242274.4692528,69.5543121251983,0.8453139603080112,0.8463094481085485,0.8486367810437211,20.44,1020.807
1791242305.8127692,69.55043247689656,0.8448316910888065,0.8467715152396709,0.8490180077311783,20.46,1020.805
1791242337.1593251,69.55459504005702,0.8470408323316809,0.8449595507514488,0.8488278742722098,20.44,1020.799
1791242368.518853,69.553224316873,0.8451510340274276,0.84583639561944,0.8489417074865985,20.43,1020.793
1791242399.8603442,69.55625093460542,0.8471257368471509,0.8456124279809445,0.8488659836788389,20.42,1020.788
1791242431.1989024,69.55421059017601,0.8442103057928566,0.8452304780075602,0.8489796197815194,20.42,1020.784
1791242462.5504954,69.55459244157034,0.8464765780002268,0.8462856523030629,0.8490176439175041,20.4,1020.787
1791242493.8948767,69.55436779292693,0.8454077440605887,0.845520068382292,0.8491699018608256,20.44,1020.784
1791242525.2233326,69.55497669844254,0.8463539548778419,0.8460495021200348,0.8489798331273439,20.44,1020.773
1791242556.5649211,69.55580920986537,0.8462070905370446,0.8457908348256326,0.8489417712492302,20.46,1020.775
1791242587.9132237,69.55634804968074,0.8467019466596057,0.8464325267519254,0.8491699018608256,20.46,1020.772
1791242619.2577507,69.55939558286076,0.845665721233159,0.8441419546431503,0.8485991330222408,20.43,1020.773
1791242650.600217,69.5558839607772,0.8454267942878252,0.8471826053296093,0.8489419002927253,20.44,1020.772
1791242681.9455957,69.55388735115568,0.844960454452228,0.8459587592629884,0.8490183744295409,20.44,1020.778
1791242713.2391455,69.55212221396192,0.8448958817176967,0.8457784503145789,0.8489418355159387,20.43,1020.782
1791242744.5888474,69.55212221396192,0.8452485004208625,0.8452485004208625,0.8490180077311783,20.42,1020.781
1791242775.9351358,69.55622216640643,0.8468497142279129,0.8447997380056569,0.8488657490709478,20.43,1020.782
1791242807.2806416,69.55644703649833,0.8456325034282379,0.845520068382292,0.8488657490709478,20.42,1020.779
1791242838.6193354,69.5600067132033,0.8467715152396709,0.8449916768871844,0.8491699018608256,20.4,1020.779
1791242869.9635894,69.55773257695829,0.8447997380056569,0.8459368061281567,0.8486755304274253,20.42,1020.78
1791242901.3100154,69.55901892707631,0.8465799811871643,0.8459368061281567,0.8485991330222408,20.42,1020.782
1791242932.6585634,69.55847630500477,0.8448797229916594,0.8451510340274276,0.8493211985413309,20.42,1020.779
1791242964.0060904,69.5588580022411,0.8462516519122695,0.8460608032941113,0.8487901110941621,20.43,1020.773
1791242995.3285072,69.55665519910072,0.8446561453016932,0.8457575468718834,0.8489796197815194,20.42,1020.765
1791243026.6599462,69.55924360429876,0.8467019466596057,0.8454077440605887,0.8488278742722098,20.44,1020.762
1791243057.9994946,69.55940343246806,0.8449916768871844,0.8449117628025362,0.8483712277275065,20.43,1020.75
1791243089.3489306,69.55764332046957,0.8448316910888065,0.8457117470880546,0.8486755304274253,20.44,1020.749
1791243120.6905797,69.55764332046957,0.8449595507514488,0.8449595507514488,0.8482574434911923,20.43,1020.745
1791243152.0362077,69.55506285581795,0.8449275192016203,0.8462177515274271,0.8485630248728989,20.42,1020.738
1791243183.3714778,69.55264156163202,0.8447044426612207,0.8459150897541858,0.8485630248728989,20.43,1020.731
1791243214.727917,69.55400467666713,0.8466417482879303,0.8459601907703731,0.8488662164519762,20.4,1020.727
1791243246.072499,69.55521354592582,0.8461839507079596,0.8455795160786116,0.8486390457133572,20.42,1020.721
1791243277.4129245,69.55432323483552,0.8446413782180416,0.8450865337631891,0.8485644422924095,20.43,1020.708
1791243308.7545469,69.55486368648528,0.845165807645468,0.8448955818205928,0.848601689225352,20.43,1020.695
1791243340.1052217,69.55100929317081,0.8442905548701891,0.8462177515274271,0.8492061238547,20.43,1020.684
1791243371.4444003,69.55221934707161,0.8455006087709964,0.8448955818205928,0.8490552692608444,20.44,1020.676
1791243402.777888,69.55311021845664,0.845007104434462,0.844561668741949,0.8489417074865985,20.44,1020.669
1791243434.1153789,69.55215466185871,0.8448319879087411,0.8453097662077033,0.8487531353969844,20.46,1020.665
1791243465.464882,69.55554922423943,0.8469277591979183,0.8452304780075602,0.8486755304274253,20.46,1020.662
1791243496.8044362,69.55433619855052,0.8448477776051999,0.8454542904496556,0.848600416148516,20.46,1020.669
1791243528.1499095,69.55471797288226,0.8463640597163392,0.8461731725504712,0.8488278742722098,20.46,1020.673
1791243559.4973025,69.55449478693173,0.844815926226355,0.8449275192016203,0.8489796197815194,20.47,1020.665
1791243590.8788455,69.55682102494534,0.8465983603752749,0.8454352413684708,0.8485630248728989,20.44,1020.677
1791243622.2194564,69.55478503454619,0.8448637381937084,0.8458817333932857,0.8489039065400259,20.44,1020.676
1791243653.5510957,69.55631283554227,0.8458031222461982,0.8450392217481584,0.8488282569982164,20.43,1020.675
1791243684.9104671,69.55548240037687,0.8453423292891862,0.8457575468718834,0.8484868546719343,20.44,1020.679
1791243716.2468383,69.55426937468796,0.8448477776051999,0.8454542904496556,0.8483734046994639,20.42,1020.689
1791243747.586492,69.55577381693521,0.8464765780002268,0.8457243568766029,0.8487901110941621,20.4,1020.69
1791243778.9398334,69.55434446905997,0.844037829898908,0.8447525038365287,0.8485644422924095,20.42,1020.69
1791243810.2873445,69.55329282209544,0.8452772987639375,0.8458031222461982,0.848790641066582,20.43,1020.69
1791243841.6209037,69.55253041859645,0.8456124279809445,0.8459936297304407,0.8494332839486202,20.44,1020.695
1791243872.962396,69.55418768483243,0.8464081491966019,0.8455795160786116,0.8484885716148224,20.43,1020.696
1791243904.3058035,69.5504735913813,0.8442595992901895,0.8461166460157478,0.848941644222136,20.43,1020.697
1791243935.661245,69.55222107146469,0.8464861680226337,0.8456124279809445,0.848790641066582,20.43,1020.699
1791243966.9867637,69.5549709583483,0.8460945387702903,0.8447195953284817,0.8487901110941621,20.42,1020.696
1791243998.3311794,69.55337098977726,0.8449117628025362,0.8457117470880546,0.8487895769402984,20.44,1020.693
1791244029.6796274,69.55231568754583,0.8447678791839289,0.8452955302996494,0.8488278742722098,20.42,1020.685
1791244061.0121815,69.55062497665811,0.8443527398519376,0.8451980952957945,0.848600416148516,20.43,1020.679
1791244092.3697445,69.55189486072291,0.8452449265371751,0.8446099845047783,0.848677486371523,20.44,1020.675
1791244123.6972277,69.5557229389671,0.8461610587369643,0.8442470196148728,0.8489039908191117,20.42,1020.673
1791244155.036716,69.55676963950307,0.8458936063314796,0.8453702560634881,0.8489039908191117,20.42,1020.668
1791244186.3831508,69.55480919256952,0.8450695108955935,0.8460497343623695,0.8483409688170475,20.4,1020.666
1791244217.7057812,69.55367312576436,0.8451483769886211,0.8457164103911974,0.8489415814500276,20.42,1020.66
1791244249.0542839,69.55607207571616,0.8462052557474768,0.8450057807715762,0.8484165405287364,20.42,1020.66
1791244280.3855467,69.55576047178072,0.8458274103472846,0.8459832123150084,0.8484919654922601,20.42,1020.655
1791244311.7441888,69.55433993432864,0.8456836345783069,0.8463939033043452,0.8486794119453219,20.4,1020.655
1791244343.0816586,69.55411858042137,0.8453840568416052,0.8454947337952387,0.8489415191645477,20.39,1020.652
1791244374.4291751,69.55063993547891,0.8449113168069722,0.8466506392782018,0.8487157395053233,20.38,1020.652
1791244405.7635174,69.55041737498316,0.8454027011634843,0.8455139814113599,0.8487911669064659,20.39,1020.639
1791244437.1072295,69.55175737876046,0.8466417482879303,0.8459717463992772,0.8488662164519762,20.39,1020.636
1791244468.4676452,69.55242463956806,0.8457038864672879,0.8453702560634881,0.8489039908191117,20.4,1020.631
1791244499.800187,69.55210954014984,0.8449269293957966,0.8450844791049038,0.8484919654922601,20.38,1020.623
1791244531.099704,69.55444660326354,0.8456055182595266,0.8444369867026764,0.8490165694481896,20.39,1020.619
1791244562.4321425,69.5530259268873,0.8444060432836257,0.8451163814717443,0.848716554988463,20.4,1020.61
1791244593.7716253,69.55273721018843,0.8459832123150084,0.8461275706644471,0.8486042056992785,20.4,1020.596
1791244625.100021,69.55087296440553,0.8448952874558343,0.8458274103472846,0.8486042056992785,20.42,1020.591
1791244656.4345896,69.54891119306939,0.8448795743272435,0.8458604599953161,0.8488664474117992,20.4,1020.584
1791244687.7791286,69.54755637153659,0.8447849013682023,0.8454623121346028,0.8484919654922601,20.39,1020.574
1791244719.1114848,69.5496659609932,0.8454299846362064,0.8443751899078988,0.848754472365254,20.4,1020.567
1791244750.4510553,69.55183780849977,0.8468475231815852,0.8457615994282984,0.8485672441346463,20.39,1020.566
1791244781.785532,69.54981543011436,0.8451163814717443,0.8461275706644471,0.8479323951428497,20.42,1020.563
1791244813.1329684,69.5506389837794,0.8461610587369643,0.8457492819044533,0.8487538064836145,20.42,1020.554
1791244844.4785411,69.55013415742857,0.8445163525522911,0.8447687657276989,0.8483409688170475,20.42,1020.555
1791244875.8279898,69.5528970207893,0.8465298086689826,0.8451483769886211,0.8488286367354926,20.38,1020.555
1791244907.1743681,69.55460500968654,0.8457492819044533,0.8448952874558343,0.8484165405287364,20.38,1020.545
1791244938.5118308,69.5554897446776,0.8458723521317372,0.8454299846362064,0.8482678116898787,20.4,1020.543
1791244969.8464844,69.55646254758457,0.8458841523439138,0.8453977508904312,0.8484936427363668,20.42,1020.545
1791245001.191818,69.56020410709026,0.8468132007625124,0.844942421009672,0.8486054493261217,20.4,1020.544
1791245032.5284042,69.55683910193243,0.8442345739017912,0.8459170764807078,0.8488669039756015,20.39,1020.538
1791245063.8779337,69.55349205304978,0.8440757574631311,0.8457492819044533,0.8482286928845854,20.42,1020.537
1791245095.2113156,69.55371353152911,0.8449586637703713,0.844847924530705,0.8483409688170475,20.4,1020.532
1791245126.5720005,69.55251347369021,0.8448163670120177,0.8454163959314709,0.8488290135189105,20.42,1020.529
1791245157.8953342,69.54989796023591,0.8442651629598206,0.8455729196869696,0.8486794119453219,20.43,1020.522
1791245189.2397203,69.54976639585122,0.8458065699393962,0.8458723521317372,0.8487173641558482,20.43,1020.507
1791245220.5684447,69.55283322146994,0.8455598612536678,0.8440264484443089,0.8486412751335376,20.42,1020.498
1791245251.8947597,69.55431561999401,0.8453056495155513,0.8445644502535161,0.848716554988463,20.4,1020.496
1791245283.2353156,69.55460038523127,0.8454299846362064,0.8452876020175761,0.848306741232187,20.4,1020.488
1791245314.5769134,69.5521474697908,0.8449893268544074,0.8462157845746427,0.8483819442296308,20.42,1020.48
1791245345.9304676,69.55346771211859,0.8452414184229898,0.8445812972590915,0.8486803635635506,20.4,1020.473
1791245377.2718592,69.55488060969859,0.845585877180745,0.8448794283907437,0.8488669039756015,20.4,1020.47
1791245408.615418,69.55666767061169,0.8464470104768307,0.8455534800202777,0.8487181670805671,20.42,1020.463
1791245439.9590003,69.55726163834741,0.8460829339431752,0.8457859500753149,0.8484953070531266,20.39,1020.461
1791245471.2964616,69.55741645683825,0.8456761441462741,0.8455987349008567,0.8486445549505821,20.39,1020.453
1791245502.6409411,69.55688525389441,0.8450360066362081,0.8453016081081326,0.8485700028280971,20.39,1020.456
1791245533.9892278,69.55407166158093,0.84419193874412,0.8455987349008567,0.8484588048860576,20.42,1020.454
1791245565.3217144,69.55592125889697,0.8460388682460911,0.8451140695880741,0.8486434701208905,20.4,1020.456
1791245596.6612594,69.55726545539996,0.8458958616935807,0.8452237634420915,0.8485700028280971,20.4,1020.45
1791245628.0037742,69.55823421377553,0.8461929884863048,0.8457086092985151,0.8486813078507204,20.39,1020.461
1791245659.3473454,69.56061581273951,0.8469319678575831,0.8457411683755937,0.8486066833631005,20.39,1020.465
1791245690.691733,69.55883047437607,0.8447384502423004,0.8456311194240235,0.8487927201086753,20.4,1020.469
1791245722.0343268,69.55547752450038,0.8449577930492425,0.8466342679870857,0.8483091269691928,20.39,1020.471
1791245753.378783,69.553846617612,0.8443621060782072,0.8451775595223961,0.8492394445992285,20.42,1020.48
1791245784.724223,69.5505567477065,0.8445812972590915,0.8462262322118388,0.8482340713899366,20.43,1020.482
1791245816.065753,69.54839553359884,0.8448480687641017,0.8459286758179312,0.8486066833631005,20.42,1020.486
1791245847.4141843,69.55218745604158,0.8469319678575831,0.8450360066362081,0.8484953070531266,20.4,1020.485
1791245878.752731,69.55040211767813,0.8450360066362081,0.8459286758179312,0.8483091269691928,20.39,1020.482
1791245910.0942557,69.5546260291593,0.8461160026087374,0.844004046868153,0.8488671296208212,20.36,1020.479
1791245941.4438007,69.55387665876741,0.8455211764976402,0.8458958616935807,0.8486066833631005,20.36,1020.473
1791245972.7862995,69.55521984776716,0.8460829339431752,0.8454113394432946,0.8485700028280971,20.38,1020.471
1791246004.1358063,69.56268267352243,0.8455211764976402,0.8417897636200027,0.8488297583609717,20.38,1020.456
1791246035.48129,69.56365316274402,0.8463365681165884,0.8458513235057955,0.8480835248957107,20.33,1020.454
1791246066.8447447,69.55970811911223,0.8444408938483926,0.8464134156642862,0.8483840379954999,20.36,1020.441
1791246098.2002237,69.55695272770264,0.8444408938483926,0.8458185895531888,0.8484204672100698,20.36,1020.43
1791246129.5417173,69.55391846844367,0.844004046868153,0.8455211764976402,0.8484588048860576,20.38,1020.424
1791246160.8851113,69.55473346708425,0.8459286758179312,0.8455211764976402,0.8486066833631005,20.36,1020.42
1791246192.211619,69.55295156387709,0.8448949984717339,0.8457859500753149,0.8483840379954999,20.39,1020.414
1791246223.5612063,69.55360976653436,0.8457859500753149,0.8454568487466797,0.8483477138701513,20.36,1020.409
1791246254.8847299,69.55086254229943,0.844676348463376,0.8460499605808443,0.8486445549505821,20.38,1020.403
1791246286.233164,69.54923814879376,0.845050945431495,0.8458631421843256,0.8489043214614811,20.38,1020.407
1791246317.5247378,69.55155058084202,0.8455664437540882,0.8444102277299605,0.8482728760353732,20.36,1020.408
1791246348.8241856,69.54895837343793,0.8448637369125152,0.8461598406145631,0.848533428056462,20.36,1020.411
1791246380.1495492,69.55127080548618,0.8455664437540882,0.8444102277299605,0.848533428056462,20.38,1020.42
1791246411.4991727,69.55224049719904,0.8457086092985151,0.8452237634420915,0.8486813078507204,20.36,1020.42
1791246442.8486087,69.55509705805973,0.8454434685050964,0.8440151880747491,0.8482703536492638,20.36,1020.414
1791246474.1871061,69.55471984991748,0.8453518117651833,0.8455404158363075,0.8480440923147067,20.38,1020.411
1791246505.5346339,69.55538036781263,0.8460388682460911,0.8457086092985151,0.8484953070531266,20.4,1020.408
1791246536.888108,69.55656887498353,0.8458958616935807,0.8453016081081326,0.8492758475611615,20.4,1020.41
1791246568.2295952,69.55597519282267,0.8447856209049818,0.8450824619854125,0.8488301264866994,20.4,1020.403
1791246599.5760665,69.5552248276092,0.8448167997328536,0.8451919823395942,0.8488671296208212,20.4,1020.392
1791246630.9156868,69.55588113606912,0.8454568487466797,0.8451286945167193,0.8486079079207128,20.38,1020.385
1791246662.2692025,69.55528830898758,0.845050945431495,0.8453473589722631,0.8486822448912212,20.39,1020.37
1791246693.614744,69.55506960095494,0.8455021399789613,0.8456114939952821,0.848275379073413,20.38,1020.366
1791246724.9719012,69.55269715361828,0.8451602928295974,0.8463465164979266,0.8491268249169368,20.38,1020.356
1791246756.3154504,69.55254165544784,0.845050945431495,0.8451286945167193,0.8484224079175027,20.35,1020.347
1791246787.6569352,69.55054419465439,0.8444581183499587,0.8454568487466797,0.8486445549505821,20.36,1020.338
1791246819.0015752,69.55085581768277,0.8451602928295974,0.8450044813154085,0.848718963834585,20.38,1020.328
1791246850.3389215,69.55431964312062,0.8463465164979266,0.8446146037790006,0.8485713663043164,20.36,1020.328
1791246881.692605,69.55328807669649,0.8453473589722631,0.8458631421843256,0.848200687290324,20.35,1020.324
1791246913.0369542,69.55148442980897,0.8449730468936134,0.8458748703373782,0.8487197544887646,20.33,1020.324
1791246944.3834062,69.55185726476708,0.8455793081918401,0.8453928907127806,0.8488304917927584,20.36,1020.318
1791246975.7258537,69.55229545822988,0.8460170821103448,0.8457979853789481,0.8484605939788307,20.35,1020.319
1791247007.0694163,69.55251380819637,0.8451286945167193,0.8450195195334753,0.8491633407661232,20.35,1020.317
1791247038.4111054,69.55170333547392,0.8456885944177107,0.8460938307789352,0.8486456314670124,20.38,1020.317
1791247069.760382,69.55148441763954,0.8456114939952821,0.8457209529124696,0.8488673535352199,20.36,1020.319
1791247101.107215,69.55170326137124,0.8455342455804421,0.8454248237145945,0.84879322989252,20.33,1020.319
1791247132.4544883,69.55282565874491,0.8455342455804421,0.8449730468936134,0.84879322989252,20.33,1020.32
1791247163.7788985,69.55348111376641,0.8451602928295974,0.8448325653188441,0.8486079079207128,20.32,1020.323
1791247195.1263626,69.55260194612133,0.845753404663762,0.8461929884863048,0.8485700028280971,20.33,1020.324
1791247226.464934,69.55319448872352,0.8464230594837361,0.8461267881826381,0.8486079079207128,20.33,1020.319
1791247257.7973757,69.55484768288048,0.8466004188641767,0.8457738217857007,0.8486803635635506,20.33,1020.327
1791247289.1350644,69.55544250899158,0.8449263503865428,0.8446289373309943,0.8483091269691928,20.33,1020.325
1791247320.4883747,69.5552886956488,0.8460829339431752,0.8461598406145631,0.848533428056462,20.33,1020.317
1791247351.8338647,69.55557421265723,0.8461598406145631,0.8460170821103448,0.8486079079207128,20.32,1020.315
1791247383.1603198,69.55357880356955,0.8453155067643786,0.84631321130822,0.8486822448912212,20.33,1020.308
1791247414.494847,69.55971250976097,0.8466855215789091,0.8436186684831996,0.8485713663043164,20.31,1020.305
1791247445.8502915,69.55600873035306,0.8450195195334753,0.8468714092374314,0.8487564393788175,20.35,1020.297
1791247477.191808,69.55320729691343,0.8448792851077594,0.8462800018275711,0.8487197544887646,20.33,1020.294
1791247508.534304,69.55342594304297,0.8458748703373782,0.8457655472726068,0.8483499277620823,20.33,1020.291
1791247539.8849413,69.55149980729203,0.8448792851077594,0.8458423529832237,0.8489044025407348,20.33,1020.288
1791247571.2263846,69.54913531012772,0.845283746046302,0.8464659946284542,0.8486456314670124,20.32,1020.29
1791247602.557047,69.54795249530801,0.8450971870078504,0.8456885944177107,0.8485349296472204,20.36,1020.286
1791247633.8973124,69.5498799093537,0.8456563287780755,0.844692621755226,0.8491260539382964,20.31,1020.289
1791247665.2378266,69.55385936361297,0.8463563887158384,0.8443666615862047,0.8488304917927584,20.32,1020.297
1791247696.5874343,69.55423212462235,0.8454701265509911,0.845283746046302,0.8484243337671488,20.33,1020.296
1791247727.9287252,69.55600380122016,0.8459516082110445,0.8450657699121374,0.8487197544887646,20.35,1020.303
1791247759.282271,69.55637584963046,0.8458423529832237,0.8456563287780755,0.8487937357772618,20.33,1020.298
1791247790.6439652,69.5569664084964,0.8459516082110445,0.8456563287780755,0.8487197544887646,20.35,1020.306
1791247822.0044463,69.55643941035481,0.8451747058293753,0.8454382049001621,0.8489044025407348,20.35,1020.312
1791247853.344789,69.55525772746834,0.8457655472726068,0.8463563887158384,0.8489044025407348,20.36,1020.32
1791247884.6872346,69.55902064796221,0.8469472301590699,0.8450657699121374,0.8489044025407348,20.38,1020.315
1791247916.0328603,69.55864859955192,0.8456563287780755,0.8458423529832237,0.8490888740566657,20.33,1020.319
1791247947.3622017,69.55687861598756,0.8448482103787093,0.8457332021608887,0.8489781720288797,20.36,1020.315
1791247978.710814,69.55982577226018,0.8458099287618841,0.8443363506255703,0.8491624321153793,20.38,1020.314
1791248010.047324,69.55960796089528,0.8453292992177105,0.8454382049001621,0.8488675757386356,20.33,1020.313
1791248041.3947558,69.56196343714358,0.8464753780631307,0.8452976399389854,0.8490518006617745,20.32,1020.321
1791248072.7311907,69.56093746456959,0.8455152131346213,0.8460281994216151,0.8487937357772618,20.33,1020.321
1791248104.0529454,69.55842317537366,0.8453610493451064,0.846618193943068,0.8487570850345119,20.31,1020.311
1791248135.3501396,69.55835848515022,0.8457332021608887,0.8457655472726068,0.8488675757386356,20.35,1020.311
1791248166.6816957,69.55814004816116,0.8456563287780755,0.8457655472726068,0.8491260539382964,20.33,1020.307
1791248198.027332,69.55947633791578,0.8456563287780755,0.8449881839007639,0.8490151752103804,20.35,1020.304
1791248229.358776,69.55873301482016,0.8460609679942226,0.8464326295420314,0.8490151752103804,20.35,1020.304
1791248260.6821432,69.55770410571023,0.8457655472726068,0.8462800018275711,0.8490151752103804,20.36,1020.298
1791248292.0157533,69.55446347044266,0.8453610493451064,0.8469813669788959,0.8489044025407348,20.35,1020.3
1791248323.3551984,69.5529081037836,0.8450971870078504,0.8458748703373782,0.8489413351719427,20.33,1020.298
1791248354.7047849,69.55010455271838,0.845283746046302,0.8466855215789091,0.8488304917927584,20.33,1020.3
1791248386.0411544,69.55408865283906,0.8457979853789481,0.8438059353186119,0.8490522847788045,20.35,1020.301
1791248417.3935468,69.55778916850237,0.8476482432106064,0.8457979853789481,0.8492370388768727,20.32,1020.302
1791248448.738161,69.55822696340879,0.8463563887158384,0.8461374912626275,0.8489413351719427,20.36,1020.298
1791248480.0776422,69.55639297589825,0.8452204975073586,0.8461374912626275,0.8491624321153793,20.35,1020.3
1791248511.4041307,69.55499566547161,0.8455152131346213,0.8462138683479418,0.8490518006617745,20.33,1020.304
1791248542.7455857,69.55462389936844,0.8459516082110445,0.8461374912626275,0.8490888740566657,20.35,1020.301
1791248574.0982146,69.55669941133165,0.847208188464521,0.8461704324829161,0.8490888740566657,20.33,1020.298
1791248605.44366,69.55610856988842,0.8457655472726068,0.8460609679942226,0.8490151752103804,20.35,1020.286
1791248636.789119,69.55685331704144,0.8460609679942226,0.8456885944177107,0.8490151752103804,20.35,1020.283
1791248668.1286774,69.55663501539678,0.8457332021608887,0.8458423529832237,0.8489781720288797,20.36,1020.27
1791248699.4769804,69.55952007890943,0.8468035811014293,0.8453610493451064,0.8489781720288797,20.33,1020.267
1791248730.8225763,69.56216397065917,0.8463563887158384,0.8450344428409667,0.8490888740566657,20.36,1020.265
1791248762.1610496,69.56113589919394,0.8458423529832237,0.8463563887158384,0.8493840123360694,20.35,1020.251
1791248793.5065877,69.56135384503533,0.8453610493451064,0.8452520764244161,0.8490151752103804,20.33,1020.242
1791248824.8509407,69.5589927388001,0.8449569381450123,0.8461374912626275,0.8488675757386356,20.33,1020.237
1791248856.177397,69.55656320692749,0.8458423529832237,0.8470571189195302,0.8492731692896063,20.35,1020.229
1791248887.509995,69.55389688388023,0.8449569381450123,0.8462900996686481,0.8486466997653761,20.33,1020.224
1791248918.8575199,69.55197655402321,0.8455152131346213,0.8464753780631307,0.8490518006617745,20.35,1020.216
1791248950.1999044,69.5523475996308,0.8457775972738195,0.8455920744700217,0.8491252888424573,20.32,1020.209
1791248981.5415323,69.55389793515954,0.8457009496444662,0.8449257818800958,0.8490518006617745,20.35,1020.209
1791249012.8839962,69.55492264710789,0.8456241555944544,0.845111799620284,0.8488308543114211,20.35,1020.209
1791249044.2333357,69.55389849788885,0.8448172246081932,0.8453292992177105,0.8488675757386356,20.32,1020.206
1791249075.584016,69.55116626285155,0.8452520764244161,0.846618193943068,0.8493840123360694,20.35,1020.212
1791249106.9464989,69.55181867130878,0.8455152131346213,0.8451890089060057,0.8489412747774672,20.32,1020.225
1791249138.3030019,69.55218964378155,0.8456687893262946,0.8454833030899126,0.8494197233734937,20.32,1020.225
1791249169.6519883,69.55197161247055,0.8458865090010581,0.8459955246565571,0.8491252888424573,20.32,1020.229
1791249201.0039058,69.5539573748162,0.8471738247049212,0.8461809435320944,0.8490518006617745,20.32,1020.234
1791249232.3515704,69.55610053521006,0.8464326295420314,0.8453610493451064,0.849199681973704,20.29,1020.242
1791249263.67586,69.55610053521006,0.8457332021608887,0.8457332021608887,0.8490888740566657,20.31,1020.245
1791249295.0244946,69.56013993659585,0.847022906100839,0.8450032054079492,0.8490518006617745,20.31,1020.25
1791249326.393832,69.55697699805026,0.8450032054079492,0.8465846746807392,0.8487570850345119,20.32,1020.246
1791249357.7383409,69.5582170325325,0.8455920744700217,0.8449720572289031,0.8487942378074639,20.31,1020.251
1791249389.0759625,69.55836976613483,0.8460718914577263,0.8459955246565571,0.8492358497895582,20.35,1020.256
1791249420.4234052,69.5569726641606,0.8459955246565571,0.8466940756436724,0.8488675757386356,20.33,1020.247
1791249451.7628314,69.55675498715611,0.8454063746323751,0.8455152131346213,0.8490518006617745,20.33,1020.248
1791249483.1113193,69.55911046340441,0.8461809435320944,0.8450032054079492,0.8491252888424573,20.33,1020.247
1791249514.4589412,69.55793103789743,0.845919011971198,0.8465087247246856,0.8492358497895582,20.32,1020.238
1791249545.8183596,69.55631702899711,0.8452976399389854,0.8461046443891469,0.8489412747774672,20.33,1020.232
1791249577.1758802,69.55845870543826,0.8469131912037946,0.8458423529832237,0.8490888740566657,20.33,1020.225
1791249608.5153906,69.55712483434469,0.8452520764244161,0.845919011971198,0.8487937357772618,20.33,1020.217
1791249639.8588889,69.5604440999501,0.8466940756436724,0.8450344428409667,0.8491624321153793,20.33,1020.214
1791249671.2092228,69.55852306177754,0.8456241555944544,0.8465846746807392,0.8486831747681534,20.32,1020.207
1791249702.5568428,69.55867807116944,0.8450344428409667,0.8449569381450123,0.8489781720288797,20.33,1020.195
1791249733.8762586,69.55610533285518,0.8451890089060057,0.8464753780631307,0.8488308543114211,20.32,1020.195
1791249765.2117722,69.55294799228338,0.8454514841776144,0.8470301544635127,0.8490882516981224,20.32,1020.186
1791249796.5563781,69.55288248642054,0.8460718914577263,0.8461046443891469,0.8489412747774672,20.32,1020.179
1791249827.893773,69.55353867496939,0.846618193943068,0.8462900996686481,0.8491624321153793,20.31,1020.176
1791249859.244214,69.55530781322985,0.8465087247246856,0.8456241555944544,0.8488675757386356,20.33,1020.17
1791249890.5848615,69.55493612035306,0.8458423529832237,0.8460281994216151,0.8489781720288797,20.33,1020.167
1791249921.8782253,69.55434640759958,0.8465087247246856,0.8468035811014293,0.8488675757386356,20.36,1020.17
1791249953.2148173,69.55353852842747,0.8458099287618841,0.8462138683479418,0.8489781720288797,20.36,1020.175
1791249984.5583234,69.555157713014,0.845984298122641,0.8451747058293753,0.8492370388768727,20.35,1020.172
1791250015.8927042,69.55568270146256,0.8465757055325013,0.84631321130822,0.8490522847788045,20.36,1020.176
1791250047.2301903,69.55745692369214,0.845984298122641,0.8450971870078504,0.8491260539382964,20.36,1020.176
1791250078.5767612,69.55936140566048,0.8464994556879923,0.84554721470382,0.8489413351719427,20.36,1020.175
1791250109.9051008,69.5538971438573,0.8453610493451064,0.8480931802467003,0.849199681973704,20.36,1020.171
1791250141.2536342,69.55182222390346,0.84554721470382,0.8465846746807392,0.8485727193618917,20.35,1020.168
1791250172.5892656,69.55395868105288,0.845962943296806,0.8448947147220989,0.8491986369724304,20.38,1020.17
1791250203.9206414,69.55337121279123,0.8453429866807776,0.8456367208115966,0.8489779715075086,20.36,1020.172
1791250235.2552395,69.55498131886523,0.8456687893262946,0.8448637362892987,0.8486840975633507,20.38,1020.169
1791250266.5957701,69.55587452291651,0.8464421266821957,0.8459955246565571,0.8487942378074639,20.38,1020.164
1791250297.9471178,69.5535145448307,0.8457332021608887,0.8469131912037946,0.8490518006617745,20.39,1020.164
1791250329.2896607,69.5533596693761,0.8450657699121374,0.8451432076394357,0.8491624321153793,20.36,1020.166
1791250360.6293263,69.55217911625849,0.8452520764244161,0.8458423529832237,0.8487937357772618,20.36,1020.157
1791250391.962648,69.55690132872894,0.8464326295420314,0.8440715233068008,0.8490888740566657,20.38,1020.154
1791250423.3062086,69.55624432199728,0.8461374912626275,0.8464659946284542,0.8489044025407348,20.38,1020.149
1791250454.6377306,69.55335543071475,0.8449881839007639,0.8464326295420314,0.8490151752103804,20.36,1020.15
1791250485.9780166,69.5537276994353,0.8461704324829161,0.845984298122641,0.8488304917927584,20.38,1020.145
1791250517.3246841,69.55313600863532,0.8457979853789481,0.8460938307789352,0.8488673535352199,20.39,1020.138
1791250548.670155,69.55580974700004,0.8463563887158384,0.8450195195334753,0.8488304917927584,20.38,1020.139
1791250580.0045412,69.55690015066794,0.8455021399789613,0.8449569381450123,0.8488673535352199,20.36,1020.137
1791250611.3529968,69.55739832624643,0.8455920744700217,0.8453429866807776,0.8491252888424573,20.35,1020.138
1791250642.7044632,69.55702820532323,0.8456367208115966,0.8458217812731947,0.849161530381424,20.35,1020.126
1791250674.030117,69.5562226959837,0.8457453581217722,0.8461481127915371,0.849161530381424,20.35,1020.118
1791250705.3545578,69.55607038851326,0.8461809435320944,0.8462570972673173,0.8490148332967952,20.33,1020.114
1791250736.6999004,69.55628841982426,0.8459955246565571,0.8458865090010581,0.8489412747774672,20.31,1020.114
1791250768.0516286,69.55585327343299,0.8452976399389854,0.8455152131346213,0.8488675757386356,20.33,1020.1
1791250799.4050388,69.55535260515701,0.8455152131346213,0.8457655472726068,0.8490888740566657,20.35,1020.101
1791250830.7453768,69.55594372944809,0.8461704324829161,0.8458748703373782,0.8493105959319961,20.35,1020.094
1791250862.0939794,69.55668705254371,0.8464326295420314,0.8460609679942226,0.8488304917927584,20.35,1020.086
1791250893.4264922,69.55662217633103,0.8457655472726068,0.8457979853789481,0.8494216160838346,20.35,1020.088
1791250924.7672095,69.55550665792173,0.8458748703373782,0.8464326295420314,0.8491260539382964,20.36,1020.08
1791250956.1134608,69.5554411207765,0.8460281994216151,0.8460609679942226,0.8489044025407348,20.35,1020.078
1791250987.4619653,69.55351951987463,0.8453292992177105,0.8462900996686481,0.8490518006617745,20.36,1020.075
1791251018.819519,69.5552844436977,0.8465512512378286,0.8456687893262946,0.8491252888424573,20.35,1020.073
1791251050.1649075,69.55308490957728,0.8454514841776144,0.8465512512378286,0.8490882516981224,20.32,1020.071
1791251081.5093803,69.5540456056677,0.8463993600164096,0.845919011971198,0.8488675757386356,20.36,1020.071
1791251112.8380017,69.55743099306056,0.8469131912037946,0.8452204975073586,0.8486831747681534,20.33,1020.056
1791251144.1773303,69.55513961679202,0.8452204975073586,0.8463661856416332,0.8489412747774672,20.32,1020.054
1791251175.5098603,69.55485623595091,0.8458865090010581,0.8460281994216151,0.8486466997653761,20.33,1020.053
1791251206.8573277,69.55500984737215,0.8458423529832237,0.8457655472726068,0.8487197544887646,20.32,1020.054
1791251238.2069023,69.55538225182632,0.8456563287780755,0.8454701265509911,0.848498597497858,20.32,1020.048
1791251269.5485804,69.55448330382843,0.8456114939952821,0.8460609679942226,0.8490522847788045,20.35,1020.05
1791251300.8919098,69.55662738488041,0.8465421670769826,0.8454701265509911,0.8490151752103804,20.36,1020.053
1791251332.239492,69.55640943903903,0.8452520764244161,0.8453610493451064,0.8487197544887646,20.35,1020.049
1791251363.5810637,69.55640943903903,0.8455021399789613,0.8455021399789613,0.8490151752103804,20.36,1020.049
1791251394.9244587,69.55647375967537,0.8457009496444662,0.8456687893262946,0.8491252888424573,20.36,1020.045
1791251426.2679045,69.55690766302958,0.8451890089060057,0.8449720572289031,0.8486103290314078,20.32,1020.045
1791251457.6165214,69.55440395886059,0.8452660711195615,0.8465179232040534,0.8489779715075086,20.33,1020.051
1791251488.966807,69.55579672925757,0.8463331060100879,0.8456367208115966,0.8490882516981224,20.33,1020.051
1791251520.3112597,69.5563850371986,0.845962943296806,0.8456687893262946,0.8489044830019191,20.33,1020.055
1791251551.6522732,69.5557305376443,0.8457009496444662,0.8460281994216151,0.8486831747681534,20.32,1020.052
1791251582.9752474,69.55780832797227,0.8471327259429207,0.8460938307789352,0.8489413351719427,20.33,1020.06
1791251614.3228323,69.55721606957651,0.8454248237145945,0.8457209529124696,0.84879322989252,20.32,1020.058
1791251645.6712763,69.55693164603058,0.8458748703373782,0.8460170821103448,0.8490522847788045,20.33,1020.064
1791251677.0139055,69.55559419949768,0.8457209529124696,0.8463896761789221,0.8488673535352199,20.33,1020.065
1791251708.3062477,69.55522106904007,0.8458305168815401,0.8460170821103448,0.8489043214614811,20.32,1020.064
1791251739.635872,69.56233841105005,0.845753404663762,0.8421947336587745,0.8492007350022492,20.32,1020.059
1791251770.9851196,69.56293152288421,0.8469396283320911,0.8466430724150089,0.84879322989252,20.32,1020.058
1791251802.3236141,69.55782238662839,0.8454248237145945,0.8479793918425096,0.84879322989252,20.31,1020.048
1791251833.6721022,69.5571397188034,0.8452379742793441,0.8455793081918401,0.8488673535352199,20.33,1020.048
1791251865.0176983,69.55552627209553,0.8450032054079492,0.8458099287618841,0.8486466997653761,20.32,1020.053
1791251896.344219,69.5555922768982,0.8462900996686481,0.8462570972673173,0.8486466997653761,20.33,1020.043
1791251927.6726017,69.55369331249709,0.8458540989008786,0.8468035811014293,0.8489779715075086,20.33,1020.046
1791251959.0222175,69.55273106102415,0.8452520764244161,0.8457332021608887,0.8485727193618917,20.36,1020.049
1791251990.3627465,69.55450528325373,0.845984298122641,0.8450971870078504,0.8493105959319961,20.31,1020.05
1791252021.704119,69.55584216219086,0.8466855215789091,0.8460170821103448,0.8492007350022492,20.32,1020.047
1791252053.048648,69.55761893737811,0.8469054697039703,0.8460170821103448,0.8489043214614811,20.26,1020.045
1791252084.3980794,69.55680818126555,0.845984298122641,0.8463896761789221,0.8489783740890964,20.33,1020.051
1791252115.7416823,69.55400421095722,0.8448014833029203,0.8462034684570889,0.8486822448912212,20.32,1020.052
1791252147.0641298,69.55369405417574,0.8452697453238509,0.8454248237145945,0.8492007350022492,20.31,1020.052
1791252178.4155889,69.55553264882658,0.8459074812261855,0.8449881839007639,0.8488673535352199,20.32,1020.055
1791252209.7610495,69.55537771934192,0.8453473589722631,0.8454248237145945,0.8488673535352199,20.35,1020.061
1791252241.099587,69.55774675292491,0.8457209529124696,0.8445364361209691,0.8485713663043164,20.35,1020.061
1791252272.4430192,69.55877536689978,0.8456114939952821,0.8450971870078504,0.849089501193618,20.31,1020.063
1791252303.7836072,69.55943300267676,0.8465757055325013,0.8462468876440136,0.8490522847788045,20.29,1020.061
1791252335.138116,69.55825244955913,0.8458423529832237,0.8464326295420314,0.8487937357772618,20.31,1020.066
1791252366.4806376,69.55545509502852,0.8448482103787093,0.8462468876440136,0.8490151752103804,20.35,1020.059
1791252397.8250508,69.5549547510997,0.8450971870078504,0.8453473589722631,0.848718963834585,20.31,1020.057
1791252429.165551,69.55458003490105,0.8453016081081326,0.8454889662074545,0.8486813078507204,20.29,1020.054
1791252460.5101113,69.55598680000715,0.8462698263071357,0.8455664437540882,0.8491268249169368,20.29,1020.051
1791252491.852431,69.55480114584408,0.8459401860537994,0.8465330131353357,0.8491268249169368,20.28,1020.044
1791252523.1969259,69.55399046334963,0.8455021399789613,0.8459074812261855,0.8491633407661232,20.28,1020.04
1791252554.5445044,69.55377176855343,0.845050945431495,0.8451602928295974,0.8483114943799448,20.29,1020.039
1791252585.8830433,69.5554902927406,0.8451602928295974,0.8443010307360134,0.8483477138701513,20.28,1020.033
1791252617.2185385,69.55474265987147,0.8456761441462741,0.8460499605808443,0.848755788753918,20.32,1020.026
1791252648.5581563,69.55711624731336,0.8458631421843256,0.844676348463376,0.8486445549505821,20.31,1020.018
1791252679.9065168,69.55614921365985,0.8455664437540882,0.8460499605808443,0.8486445549505821,20.31,1020.013
1791252711.2519119,69.55415040311622,0.8448637369125152,0.8458631421843256,0.848755788753918,20.31,1020.01
1791252742.5874448,69.55386769338091,0.8453928907127806,0.8455342455804421,0.848718963834585,20.31,1020.01
1791252773.9372,69.55806002902257,0.8456563287780755,0.8435601609572481,0.8488675757386356,20.26,1020.003
1791252805.2804694,69.55771651627916,0.8449569381450123,0.8451286945167193,0.8486831747681534,20.29,1019.993
1791252836.6279294,69.55943212456704,0.8464565390448003,0.8455987349008567,0.848755788753918,20.31,1019.987
1791252867.9543529,69.55914723375321,0.8456761441462741,0.8458185895531888,0.8484953070531266,20.32,1019.982
1791252899.2979276,69.5568389585349,0.8450824619854125,0.8462365995945677,0.848533428056462,20.32,1019.98
1791252930.642391,69.55727742481756,0.8459401860537994,0.8457209529124696,0.8492007350022492,20.32,1019.972
1791252961.9898942,69.55855895072149,0.8451602928295974,0.844519529877633,0.8481618210181973,20.32,1019.968
1791252993.3442888,69.5569291651844,0.8454113394432946,0.8462262322118388,0.848755788753918,20.32,1019.968
1791253024.6948237,69.55871536440739,0.8463365681165884,0.8454434685050964,0.8490158669510646,20.33,1019.967
1791253056.0414445,69.55893538743776,0.8455534800202777,0.8454434685050964,0.8487181670805671,20.32,1019.963
1791253087.3818374,69.55624811730011,0.8458513235057955,0.8471949585746177,0.8489042397570081,20.32,1019.959
1791253118.7242947,69.55543319356234,0.8450360066362081,0.8454434685050964,0.8487181670805671,20.29,1019.951
1791253150.067834,69.5537180929814,0.8454889662074545,0.8463465164979266,0.8484953070531266,20.28,1019.947
1791253181.4133503,69.5544639961325,0.8462034684570889,0.8458305168815401,0.8483861156933461,20.29,1019.94
1791253212.7597709,69.55477442400206,0.8453155067643786,0.8451602928295974,0.8486079079207128,20.29,1019.938
1791253244.0954053,69.55321520705891,0.845753404663762,0.8465330131353357,0.848718963834585,20.29,1019.925
1791253275.4538026,69.55440257138063,0.8456761441462741,0.8450824619854125,0.8486445549505821,20.26,1019.912
1791253306.783442,69.55299196094869,0.8453335630301158,0.8460388682460911,0.8490527726217783,20.32,1019.9
1791253338.1228316,69.5516461825467,0.8447384502423004,0.8454113394432946,0.8486434701208905,20.29,1019.882
1791253369.4652703,69.5522410086578,0.8449263503865428,0.8446289373309943,0.8486066833631005,20.31,1019.874
1791253400.7966433,69.55193130059334,0.8457738217857007,0.8459286758179312,0.8480474956425524,20.32,1019.866
1791253432.1461928,69.55305653223516,0.8454889662074545,0.8449263503865428,0.8485700028280971,20.31,1019.858
1791253463.4877727,69.55424790617724,0.8455534800202777,0.8449577930492425,0.8483091269691928,20.31,1019.85
1791253494.8361285,69.55712866434332,0.8455534800202777,0.8441131009372365,0.8487551331022242,20.32,1019.836
1791253526.127621,69.5564476131241,0.8456437725130312,0.845984298122641,0.8489783740890964,20.31,1019.834
1791253557.4722247,69.55703902053396,0.8456885944177107,0.8453928907127806,0.8486456314670124,20.31,1019.829
1791253588.8147142,69.55891110831405,0.8454248237145945,0.8444887798245508,0.8490155197516672,20.29,1019.826
1791253620.1582108,69.55966003114304,0.8455664437540882,0.8451919823395942,0.8483477138701513,20.28,1019.821
1791253651.5106266,69.55891197676468,0.8452697453238509,0.8456437725130312,0.848755788753918,20.31,1019.82
1791253682.853156,69.56271812934379,0.846829426676104,0.8449263503865428,0.8484588048860576,20.28,1019.821
1791253714.1845763,69.55959189318743,0.8448167997328536,0.8463799178110355,0.8487927201086753,20.28,1019.818
1791253745.5110826,69.558403957716,0.8451919823395942,0.8457859500753149,0.8484588048860576,20.28,1019.822
1791253776.854556,69.5561827683267,0.8445980146038736,0.8457086092985151,0.848755788753918,20.29,1019.825
1791253808.1841962,69.55521242860384,0.8450360066362081,0.8455211764976402,0.8487927201086753,20.28,1019.84
1791253839.5285976,69.55662246512944,0.8454434685050964,0.8447384502423004,0.8486066833631005,20.33,1019.838
1791253870.8771114,69.5545286105155,0.8450360066362081,0.8460829339431752,0.8492758475611615,20.29,1019.84
1791253902.2195086,69.55512315022594,0.8457086092985151,0.8454113394432946,0.8485700028280971,20.29,1019.84
1791253933.5481086,69.55474763661417,0.8450360066362081,0.8452237634420915,0.8485700028280971,20.28,1019.851
1791253964.8895125,69.5556273535391,0.8461160026087374,0.8456761441462741,0.8488671296208212,20.28,1019.845
1791253996.235919,69.55518806735698,0.8454889662074545,0.8457086092985151,0.8489785777059409,20.28,1019.848
1791254027.5775342,69.55340787677555,0.8449730468936134,0.8458631421843256,0.8488301264866994,20.28,1019.846
1791254058.918,69.55453202589194,0.8456761441462741,0.8451140695880741,0.848533428056462,20.29,1019.854
1791254090.2484043,69.554000024244,0.8448480687641017,0.8451140695880741,0.8488297583609717,20.29,1019.848
1791254121.5970345,69.55772554415547,0.8467108287198347,0.8448480687641017,0.8486066833631005,20.28,1019.855
1791254152.9384484,69.55988618435677,0.8465237886057466,0.8454434685050964,0.8483091269691928,20.28,1019.86
1791254184.2838738,69.56070089632064,0.8456311194240235,0.8452237634420915,0.8487927201086753,20.29,1019.858
1791254215.622631,69.55810413318353,0.8444102277299605,0.8457086092985151,0.8485700028280971,20.29,1019.864
1791254246.9688146,69.55528698745769,0.843924990167192,0.8453335630301158,0.8483091269691928,20.28,1019.866
1791254278.29948,69.55409561351561,0.8452556365347601,0.8458513235057955,0.8487181670805671,20.28,1019.866
1791254309.6412013,69.55512998610054,0.8452556365347601,0.8447384502423004,0.8483454828817214,20.29,1019.868
1791254340.9903672,69.55334292518744,0.8443621060782072,0.8452556365347601,0.8488297583609717,20.28,1019.869
1791254372.3279123,69.55475167871701,0.8455211764976402,0.8448167997328536,0.8486813078507204,20.28,1019.875
1791254403.680323,69.55447133166251,0.8445671809954328,0.8447073545226846,0.8486445549505821,20.31,1019.874
1791254435.0198154,69.55425229095415,0.8450824619854125,0.8451919823395942,0.848533428056462,20.29,1019.871
1791254466.361294,69.55068333428757,0.8443315242754456,0.8461160026087374,0.8487927201086753,20.28,1019.868
1791254497.7097619,69.5490580987994,0.844676348463376,0.8454889662074545,0.8489413960310129,20.26,1019.864
1791254529.0555208,69.55202650960372,0.8459729852267048,0.8444887798245508,0.8485700028280971,20.26,1019.857
1791254560.3897583,69.5557445639089,0.8468635084679973,0.8450044813154085,0.8484588048860576,20.25,1019.855
1791254591.745332,69.55471117354443,0.8450044813154085,0.8455211764976402,0.8482728760353732,20.26,1019.842
1791254623.0848498,69.55768530409992,0.8455211764976402,0.8440341112198969,0.8484953070531266,20.26,1019.835
1791254654.4314399,69.55546013175615,0.8444408938483926,0.8455534800202777,0.8487927201086753,20.28,1019.83
1791254685.771733,69.55627476854075,0.845145768634599,0.8447384502423004,0.8486066833631005,20.28,1019.821
1791254717.117441,69.55671318234745,0.8450360066362081,0.8448167997328536,0.8483091269691928,20.29,1019.808
1791254748.4657555,69.55827762493344,0.8450044813154085,0.8442222600224125,0.8488671296208212,20.29,1019.8
1791254779.8112252,69.55834051025884,0.8449577930492425,0.8449263503865428,0.8489042397570081,20.33,1019.793
1791254811.1436677,69.5565577495025,0.8453016081081326,0.8461929884863048,0.8488671296208212,20.31,1019.786
1791254842.4842827,69.55787136460764,0.8454113394432946,0.8447545318907267,0.8486813078507204,20.32,1019.785
1791254873.8267384,69.55868261442575,0.8464994556879923,0.8460938307789352,0.848718963834585,20.33,1019.778
1791254905.1701875,69.5553518183286,0.8446146037790006,0.8462800018275711,0.8484605939788307,20.35,1019.77
1791254936.5167038,69.55291554305597,0.8449417029782461,0.8461598406145631,0.8485713663043164,20.38,1019.757
1791254967.86527,69.55135418265814,0.8450824619854125,0.8458631421843256,0.8484588048860576,20.35,1019.752
1791254999.2096927,69.55313694341449,0.8455987349008567,0.8447073545226846,0.8489785777059409,20.33,1019.745
1791255030.5411818,69.55216955047791,0.8456761441462741,0.8461598406145631,0.8489413960310129,20.31,1019.743
1791255061.8666003,69.55416708558771,0.8465330131353357,0.8455342455804421,0.8488301264866994,20.31,1019.732
1791255093.2411435,69.55335457324325,0.8449730468936134,0.8453793030658433,0.8491268249169368,20.31,1019.721
1791255124.5816936,69.55513819237457,0.8457086092985151,0.8448167997328536,0.8483840379954999,20.32,1019.715
1791255155.930206,69.55654516855438,0.8457859500753149,0.8450824619854125,0.8486445549505821,20.29,1019.706
1791255187.2766695,69.55535837483343,0.844676348463376,0.8452697453238509,0.8488301264866994,20.32,1019.699
1791255218.6271834,69.55136267300162,0.8438652912684222,0.8458631421843256,0.8486079079207128,20.31,1019.686
1791255249.969503,69.55697995135662,0.8472361842491735,0.8444275450716684,0.8490155197516672,20.29,1019.68
1791255281.303028,69.5607534822886,0.8467193307848341,0.8448325653188441,0.8483114943799448,20.29,1019.673
1791255312.5907125,69.55934757308367,0.844676348463376,0.8453793030658433,0.8484588048860576,20.31,1019.656
1791255343.9279728,69.5578741989633,0.8450044813154085,0.8457411683755937,0.8484204672100698,20.29,1019.655
1791255375.2525158,69.55668454674111,0.8455211764976402,0.8461160026087374,0.8493135668215618,20.31,1019.652
1791255406.598121,69.55377569514137,0.8443315242754456,0.8457859500753149,0.8484953070531266,20.29,1019.648
1791255437.9374626,69.5517713309553,0.8446289373309943,0.8456311194240235,0.8483091269691928,20.31,1019.64
1791255469.27514,69.55079990492378,0.8453656104900311,0.8458513235057955,0.8484204672100698,20.31,1019.64
1791255500.609486,69.55557000303021,0.8472644774439625,0.8448794283907437,0.8484570019705718,20.29,1019.636
1791255531.9549527,69.55340568987496,0.8448794283907437,0.8459615849683693,0.8483819442296308,20.29,1019.637
1791255563.3014705,69.55108761026248,0.8447696360116931,0.8459286758179312,0.8486434701208905,20.29,1019.644
1791255594.648259,69.55033694464831,0.8450360066362081,0.8454113394432946,0.8481978939975781,20.28,1019.637
1791255625.973363,69.5490882573774,0.8444581183499587,0.8450824619854125,0.8484224079175027,20.26,1019.64
1791255657.305903,69.55167833508939,0.8465330131353357,0.8452379742793441,0.8486445549505821,20.25,1019.639
1791255688.651021,69.55211764421092,0.8461598406145631,0.8459401860537994,0.8483114943799448,20.29,1019.633
1791255719.9948447,69.55271075604509,0.8448637369125152,0.8445671809954328,0.8484224079175027,20.28,1019.634
1791255751.3323934,69.5555266340569,0.8467872420717528,0.8453793030658433,0.8486445549505821,20.29,1019.63
1791255782.6808724,69.5562744151354,0.8461598406145631,0.8457859500753149,0.848755788753918,20.26,1019.628
1791255814.025385,69.55708834255388,0.8452237634420915,0.8448167997328536,0.8483091269691928,20.29,1019.62
1791255845.3758278,69.55946650139565,0.8466004188641767,0.8454113394432946,0.8482728760353732,20.31,1019.617
1791255876.7291975,69.55931124786733,0.8454113394432946,0.8454889662074545,0.8486445549505821,20.31,1019.615
1791255908.0618753,69.5551514727692,0.8444102277299605,0.8464901152790288,0.8485700028280971,20.28,1019.604
1791255939.4033406,69.55455721918375,0.8444102277299605,0.8447073545226846,0.8486813078507204,20.29,1019.605
1791255970.7508352,69.55590286102093,0.8458185895531888,0.845145768634599,0.8481227673395725,20.26,1019.601
1791256002.0903246,69.5539625429085,0.8447384502423004,0.8457086092985151,0.8483091269691928,20.28,1019.608
1791256033.4307845,69.55633727155194,0.8444887798245508,0.8433014155028277,0.8484588048860576,20.29,1019.616
1791256064.7852395,69.55671177634207,0.8458958616935807,0.8457086092985151,0.8484588048860576,20.29,1019.606
1791256096.124629,69.55427085215631,0.8441131009372365,0.8453335630301158,0.8485700028280971,20.28,1019.606
1791256127.4552605,69.5538952028662,0.844519529877633,0.8447073545226846,0.8480867681402793,20.26,1019.616
1791256158.7867537,69.5506390679895,0.8441131009372365,0.8457411683755937,0.8488671296208212,20.28,1019.618
1791256190.126201,69.55048193111472,0.8445503688936042,0.8446289373309943,0.8486066833631005,20.31,1019.616
1791256221.4735224,69.55216997490662,0.8448480687641017,0.844004046868153,0.8484204672100698,20.29,1019.612
1791256252.8141723,69.5503863557753,0.844519529877633,0.8454113394432946,0.8484953070531266,20.28,1019.606
1791256284.1485093,69.55060482533395,0.8445980146038736,0.8444887798245508,0.8483091269691928,20.29,1019.606
1791256315.4901047,69.55179218965567,0.8450824619854125,0.8444887798245508,0.8485700028280971,20.26,1019.606
1791256346.827585,69.55097897038287,0.8448949984717339,0.8453016081081326,0.8477540317092896,20.26,1019.604
1791256378.1461017,69.55157379649397,0.8452237634420915,0.8449263503865428,0.8484953070531266,20.25,1019.606
1791256409.496575,69.5491956376522,0.8442222600224125,0.8454113394432946,0.8485700028280971,20.28,1019.609
1791256440.8359802,69.5491956376522,0.84419193874412,0.84419193874412,0.8483477138701513,20.29,1019.604
1791256472.1844625,69.55172632763566,0.8462698263071357,0.8450044813154085,0.8484588048860576,20.29,1019.603
1791256503.5349545,69.55269659214983,0.8451140695880741,0.8446289373309943,0.8483840379954999,20.28,1019.612
1791256534.872387,69.55366463018834,0.8459729852267048,0.8454889662074545,0.8481618210181973,20.29,1019.615
1791256566.2259452,69.55338205554996,0.8450044813154085,0.845145768634599,0.8484204672100698,20.29,1019.61
1791256597.5854943,69.5524127249244,0.8451140695880741,0.8455987349008567,0.8482728760353732,20.26,1019.607
1791256628.9239419,69.55137919832987,0.8448167997328536,0.8453335630301158,0.8483840379954999,20.26,1019.603
1791256660.271421,69.55748415980226,0.8463031490089562,0.8432506682727618,0.8484953070531266,20.22,1019.596
1791256691.60407,69.5594905936113,0.8447696360116931,0.8437664191071719,0.8484204672100698,20.25,1019.589
1791256722.9365869,69.56052540347831,0.8457411683755937,0.8452237634420915,0.8481227673395725,20.25,1019.579
1791256754.2738433,69.56208898768932,0.8458958616935807,0.8451140695880741,0.8480867681402793,20.23,1019.576
1791256785.619537,69.55874149822199,0.843924990167192,0.8455987349008567,0.8479757492426491,20.23,1019.567
1791256816.9438777,69.55561354614147,0.843924990167192,0.8454889662074545,0.8478648371503371,20.23,1019.563
1791256848.279442,69.55517570541214,0.844519529877633,0.8447384502423004,0.848011570575285,20.25,1019.555
1791256879.6299577,69.55436227528136,0.8447073545226846,0.8451140695880741,0.8480867681402793,20.25,1019.55
1791256910.9773283,69.55949632257321,0.8451140695880741,0.8425470459421537,0.8477894982850589,20.23,1019.552
1791256942.309766,69.55764723719464,0.8446289373309943,0.8455534800202777,0.8486066833631005,20.31,1019.548
1791256973.653449,69.55451279824752,0.844471648772524,0.8460388682460911,0.8481227673395725,20.29,1019.545
1791257004.9989402,69.55250764893411,0.8444408938483926,0.8454434685050964,0.8481978939975781,20.28,1019.556
1791257036.3243287,69.5523496339546,0.844173661533355,0.844252669023107,0.8482340713899366,20.28,1019.55
1791257067.66391,69.55413497231805,0.8459286758179312,0.8450360066362081,0.8483091269691928,20.26,1019.564
1791257099.011293,69.55153198901607,0.8443621060782072,0.8456635977292002,0.8482340713899366,20.26,1019.57
1791257130.2918377,69.5507166416418,0.8446599495637248,0.8450676232508622,0.848011570575285,20.29,1019.575
1791257161.6393936,69.54736491500533,0.8445503688936042,0.8462262322118388,0.848011570575285,20.28,1019.578
1791257192.9837816,69.54557957664188,0.8444408938483926,0.8453335630301158,0.848011570575285,20.28,1019.588
1791257224.3143625,69.54721005983474,0.8453656104900311,0.8445503688936042,0.8483454828817214,20.26,1019.594
1791257255.6576927,69.54943094661802,0.8444408938483926,0.8433304504567508,0.8481227673395725,20.28,1019.594
1791257286.9902909,69.54905630516552,0.8451919823395942,0.8453793030658433,0.8482728760353732,20.29,1019.599
1791257318.3396604,69.549588427447,0.8448949984717339,0.8446289373309943,0.8482728760353732,20.25,1019.589
1791257349.6833158,69.55293950499785,0.8452237634420915,0.8435482246666696,0.8483091269691928,20.26,1019.59
1791257381.0257106,69.55672949422407,0.8468213449996543,0.8449263503865428,0.8484204672100698,20.29,1019.592
1791257412.367164,69.55635462862232,0.8455211764976402,0.8457086092985151,0.8483840379954999,20.28,1019.596
1791257443.7045946,69.55651018144867,0.8454113394432946,0.8453335630301158,0.8481978939975781,20.28,1019.6
1791257475.0472097,69.55547709247136,0.8443315242754456,0.8448480687641017,0.8481978939975781,20.26,1019.595
1791257506.3866005,69.55137779040773,0.8441433374544849,0.8461929884863048,0.8479004809420294,20.28,1019.602
1791257537.733064,69.5549398833729,0.8456761441462741,0.8438950976636893,0.8482367296262247,20.28,1019.595
1791257569.07671,69.55293901447838,0.844004046868153,0.8450044813154085,0.8484588048860576,20.29,1019.593
1791257600.4103372,69.55234447476795,0.8451140695880741,0.8454113394432946,0.8481978939975781,20.29,1019.595
1791257631.7556493,69.54996746042616,0.8447073545226846,0.8458958616935807,0.8480867681402793,20.26,1019.585
1791257663.1021662,69.55040430710258,0.8443315242754456,0.8441131009372365,0.8487927201086753,20.25,1019.589
1791257694.4436097,69.55109089996185,0.8453793030658433,0.8450360066362081,0.8487927201086753,20.28,1019.591
1791257725.787063,69.55331222497156,0.8452237634420915,0.8441131009372365,0.8488671296208212,20.28,1019.59
1791257757.127495,69.55650245858615,0.8464901152790288,0.8448949984717339,0.8488301264866994,20.26,1019.582
1791257788.4709196,69.56081720218867,0.8466769016788958,0.844519529877633,0.8482728760353732,20.26,1019.588
1791257819.8214808,69.56156684568954,0.8453793030658433,0.8450044813154085,0.848755788753918,20.25,1019.583
1791257851.1678667,69.5585955777623,0.8441131009372365,0.8455987349008567,0.8484588048860576,20.22,1019.589
1791257882.5105329,69.55503177134798,0.844004046868153,0.8457859500753149,0.8477540317092896,20.25,1019.585
1791257913.851949,69.55324986814082,0.8445980146038736,0.8454889662074545,0.8482728760353732,20.26,1019.592
1791257945.1852534,69.5497511525496,0.844004046868153,0.845753404663762,0.8483477138701513,20.28,1019.588
1791257976.5247552,69.5491563264385,0.8443315242754456,0.8446289373309943,0.8479004809420294,20.26,1019.592
1791258007.8704576,69.55093994556982,0.8460058791537357,0.8451140695880741,0.8484953070531266,20.26,1019.594
1791258039.2107868,69.55547357931742,0.8463799178110355,0.8441131009372365,0.8480508727897205,20.26,1019.593
1791258070.5636208,69.55406667815863,0.8443010307360134,0.8450044813154085,0.848011570575285,20.26,1019.592
1791258101.9257777,69.55243746569892,0.8451140695880741,0.8459286758179312,0.8480867681402793,20.26,1019.598
1791258133.2622762,69.55049802106456,0.8442222600224125,0.8451919823395942,0.8488671296208212,20.26,1019.595
1791258164.6029701,69.55368604372694,0.8457859500753149,0.84419193874412,0.8483477138701513,20.29,1019.601
1791258195.9511998,69.55643655612232,0.8453793030658433,0.844004046868153,0.8484588048860576,20.26,1019.597
1791258227.2947896,69.5574056006229,0.8458958616935807,0.8454113394432946,0.8482728760353732,20.26,1019.599
1791258258.6362352,69.5598476088969,0.8461160026087374,0.8448949984717339,0.8478648371503371,20.25,1019.593
1791258289.982798,69.55881650863503,0.8438159741445125,0.8443315242754456,0.8477894982850589,20.28,1019.587
1791258321.3152056,69.55703288950372,0.844519529877633,0.8454113394432946,0.8480867681402793,20.26,1019.587
1791258352.6511912,69.55355721448356,0.8443010307360134,0.8460388682460911,0.8482728760353732,20.28,1019.572
1791258384.0001507,69.55161963523638,0.8447073545226846,0.8456761441462741,0.8482728760353732,20.28,1019.562
1791258415.345564,69.55058796244886,0.8441131009372365,0.8446289373309943,0.8482728760353732,20.28,1019.55
1791258446.6890686,69.55080622203168,0.8444887798245508,0.8443796500331388,0.8481618210181973,20.26,1019.537
1791258478.0247319,69.55458493813042,0.8464565390448003,0.8445671809954328,0.8478648371503371,20.25,1019.523
1791258509.377049,69.55230390133408,0.8446454316771481,0.8457859500753149,0.8479044159892261,20.25,1019.513
1791258540.7126052,69.55314724004296,0.8449104491789874,0.8444887798245508,0.8484224079175027,20.23,1019.501
1791258572.071153,69.55715189833467,0.8455211764976402,0.8435188473517884,0.8482728760353732,20.23,1019.494
1791258603.4135642,69.55455406538421,0.8442222600224125,0.8455211764976402,0.8478648371503371,20.25,1019.482
1791258634.7519784,69.5537402134505,0.8443315242754456,0.8447384502423004,0.8480867681402793,20.23,1019.479
1791258666.096719,69.55564151775046,0.844519529877633,0.8435688777276542,0.8484588048860576,20.26,1019.477
1791258697.4450448,69.55445472402951,0.8449730468936134,0.8455664437540882,0.8481258520004203,20.23,1019.475
1791258728.7785366,69.55758339886579,0.8458958616935807,0.8443315242754456,0.8478648371503371,20.26,1019.482
1791258760.1311076,69.5563948916949,0.8438159741445125,0.8444102277299605,0.8474922284298383,20.23,1019.478
1791258791.4665833,69.55305398557317,0.8440829516029014,0.845753404663762,0.8475327401662558,20.29,1019.483
1791258822.820012,69.54955970927418,0.8443796500331388,0.8461267881826381,0.847829296083338,20.26,1019.486
1791258854.1645517,69.5499346958174,0.8444581183499587,0.8442706250783505,0.8480150808391766,20.28,1019.488
1791258885.5129654,69.55068460999333,0.8448637369125152,0.8444887798245508,0.8474571906288589,20.29,1019.492
1791258916.799424,69.54830873905044,0.8443010307360134,0.8454889662074545,0.8483840379954999,20.31,1019.495
1791258948.1519172,69.54668464531278,0.8440829516029014,0.8448949984717339,0.8477540317092896,20.26,1019.493
1791258979.4794393,69.547120803579,0.8443010307360134,0.8440829516029014,0.8484953070531266,20.28,1019.497
1791259010.8059018,69.55008921438332,0.8453793030658433,0.8438950976636893,0.8483477138701513,20.26,1019.497
1791259042.151337,69.55105976529813,0.8448167997328536,0.8443315242754456,0.8481978939975781,20.29,1019.497
1791259073.492907,69.55105976529813,0.8448637369125152,0.8448637369125152,0.8482367296262247,20.28,1019.493
1791259104.8253477,69.55586706523783,0.8464565390448003,0.8440528890749522,0.847829296083338,20.26,1019.494
1791259136.1689332,69.55564837044163,0.845050945431495,0.8451602928295974,0.8475327401662558,20.28,1019.496
1791259167.5182803,69.55624233817736,0.8454889662074545,0.8451919823395942,0.8479400311959873,20.26,1019.491
1791259198.873801,69.5572724641793,0.8445980146038736,0.8440829516029014,0.8478648371503371,20.28,1019.487
1791259230.2162404,69.55845925790025,0.844676348463376,0.8440829516029014,0.848533428056462,20.26,1019.485
1791259261.5569453,69.55683516416259,0.8440829516029014,0.8448949984717339,0.8482728760353732,20.26,1019.49
1791259292.9011168,69.55511578407386,0.844004046868153,0.8448637369125152,0.8481258520004203,20.26,1019.485
1791259324.2487752,69.55430475656517,0.8446454316771481,0.845050945431495,0.8479044159892261,20.28,1019.485
1791259355.5892365,69.55187041513119,0.8438652912684222,0.8450824619854125,0.8479400311959873,20.26,1019.484
1791259386.9427445,69.55149484138336,0.8444102277299605,0.8445980146038736,0.8478648371503371,20.25,1019.482
1791259418.2872903,69.5524643828669,0.8448949984717339,0.8444102277299605,0.8480508727897205,20.25,1019.483
1791259449.6327262,69.5534969286978,0.8455987349008567,0.8450824619854125,0.8480508727897205,20.26,1019.49
1791259480.9731667,69.55252839455967,0.8444887798245508,0.8449730468936134,0.8481618210181973,20.28,1019.49
1791259512.3026288,69.55527554368692,0.8447545318907267,0.8433809573271036,0.8480150808391766,20.28,1019.494
1791259543.6442327,69.55861580464833,0.8447545318907267,0.8430844014100214,0.8474977280997207,20.25,1019.494
1791259574.9936202,69.55839689965983,0.8451602928295974,0.8452697453238509,0.8481258520004203,20.26,1019.492
1791259606.3240423,69.55952379611169,0.8441617048091905,0.8435982565832585,0.8476433327657499,20.28,1019.491
1791259637.671676,69.5569955511519,0.8443796500331388,0.8456437725130312,0.847829296083338,20.25,1019.481
1791259669.0121517,69.55499759568721,0.8439740691612683,0.8449730468936134,0.8479400311959873,20.26,1019.475
1791259700.355502,69.55462253376263,0.8443796500331388,0.8445671809954328,0.847829296083338,20.23,1019.471
1791259731.696979,69.55580818792569,0.845050945431495,0.8444581183499587,0.8476081446881281,20.25,1019.471
1791259763.0426278,69.55418493397791,0.8444581183499587,0.8452697453238509,0.8481258520004203,20.25,1019.463
1791259794.377053,69.55106086148523,0.8435982565832585,0.8451602928295974,0.8476433327657499,20.23,1019.458
1791259825.7145627,69.55068630999538,0.8443491603760501,0.8445364361209691,0.8479793918425096,20.23,1019.458
1791259857.0500891,69.54928019054016,0.84419193874412,0.8448949984717339,0.8480508727897205,20.25,1019.457
1791259888.3945124,69.55305862161258,0.8461598406145631,0.8442706250783505,0.8477540317092896,20.25,1019.455
1791259919.735901,69.55483624941917,0.8449417029782461,0.8440528890749522,0.847829296083338,20.25,1019.458
1791259951.0745552,69.55468175258949,0.8455342455804421,0.8456114939952821,0.8477938572975957,20.26,1019.454
1791259982.4189603,69.55365303506005,0.8438652912684222,0.8443796500331388,0.8479044159892261,20.28,1019.447
1791260013.764304,69.55677039389504,0.84631321130822,0.8447545318907267,0.8477186672984084,20.26,1019.444
1791260045.0969024,69.55558587710354,0.8442403069230938,0.8448325653188441,0.8480150808391766,20.25,1019.447
1791260076.421318,69.55386922861113,0.8443796500331388,0.8452379742793441,0.8476081446881281,20.25,1019.446
1791260107.7698114,69.55440176175583,0.844131557840765,0.8438652912684222,0.848496958591422,20.25,1019.438
1791260139.1014857,69.55312202275515,0.8443796500331388,0.8450195195334753,0.8481258520004203,20.26,1019.435
1791260170.450935,69.55365364484038,0.8445364361209691,0.8442706250783505,0.8480150808391766,20.23,1019.426
1791260201.7822983,69.553279018186,0.8444581183499587,0.8446454316771481,0.8480150808391766,20.25,1019.426
1791260233.1278753,69.55290431639541,0.8445671809954328,0.8447545318907267,0.8479400311959873,20.23,1019.421
1791260264.4702406,69.5542447644993,0.8458305168815401,0.8451602928295974,0.848200687290324,20.23,1019.41
1791260295.8197765,69.55305740017758,0.8447856209049818,0.8453793030658433,0.8478648371503371,20.21,1019.405
1791260327.177146,69.55489566511376,0.8445671809954328,0.8436480485273435,0.847829296083338,20.22,1019.398
1791260358.5207307,69.55349414280484,0.8443187583790136,0.8450195195334753,0.8479793918425096,20.22,1019.38
1791260389.8642566,69.55527177061143,0.8461267881826381,0.8452379742793441,0.848089986495471,20.23,1019.376
1791260421.2076292,69.55608222916143,0.8444581183499587,0.8440528890749522,0.8477938572975957,20.23,1019.363
1791260452.5531902,69.55365062689843,0.844131557840765,0.8453473589722631,0.8476081446881281,20.23,1019.353
1791260483.896611,69.554085831969,0.8443491603760501,0.844131557840765,0.8476081446881281,20.26,1019.353
1791260515.2211428,69.5520915586171,0.844131557840765,0.8451286945167193,0.8481647485788437,20.25,1019.342
1791260546.5688765,69.55177752134868,0.8440229129790267,0.8441799316132302,0.8479793918425096,20.23,1019.337
1791260577.9120126,69.55075017570118,0.844692621755226,0.8452062945789743,0.8480185642418278,20.25,1019.324
1791260609.2506952,69.55236921214865,0.8455021399789613,0.844692621755226,0.8478334923239172,20.23,1019.316
1791260640.593061,69.55727762175341,0.844676348463376,0.8422221436609911,0.8482367296262247,20.23,1019.313
1791260671.9425797,69.5543092109491,0.8450824619854125,0.8465666673875666,0.8479757492426491,20.25,1019.304
1791260703.2812226,69.55312127547766,0.844004046868153,0.8445980146038736,0.847678622449925,20.25,1019.293
1791260734.564714,69.55058987856627,0.844004046868153,0.8452697453238509,0.847678622449925,20.25,1019.286
1791260765.9139466,69.55296118689242,0.8453473589722631,0.8441617048091905,0.8477186672984084,20.25,1019.275
1791260797.2613828,69.55754603063112,0.8462365995945677,0.8439441777252187,0.847829296083338,20.23,1019.266
1791260828.6050045,69.5550217969236,0.8439441777252187,0.8452062945789743,0.8477186672984084,20.23,1019.255
1791260859.9915211,69.55383898210388,0.84450577959799,0.8450971870078504,0.8478689031788567,20.22,1019.244
1791260891.334882,69.55502236370383,0.8455021399789613,0.8449104491789874,0.8476834046116062,20.25,1019.236
1791260922.67727,69.55427316976758,0.844676348463376,0.845050945431495,0.8482367296262247,20.26,1019.234
1791260954.0248902,69.55196471323748,0.8438652912684222,0.8450195195334753,0.8477186672984084,20.22,1019.234
1791260985.3574686,69.55121540124405,0.8440528890749522,0.8444275450716684,0.8476081446881281,20.25,1019.226
1791261016.703982,69.55049901295078,0.8443491603760501,0.8447073545226846,0.8489413960310129,20.26,1019.218
1791261048.0404787,69.55087546260135,0.8444408938483926,0.844252669023107,0.8480474956425524,20.26,1019.213
1791261079.3858836,69.55012467625131,0.8444102277299605,0.8447856209049818,0.8481618210181973,20.26,1019.205
1791261110.7273629,69.55309451492992,0.8451919823395942,0.8437070630002926,0.8481618210181973,20.26,1019.207
1791261142.0739632,69.55471662931983,0.844676348463376,0.8438652912684222,0.8476433327657499,20.28,1019.203
1791261173.420254,69.55390581139882,0.8448325653188441,0.8452379742793441,0.8479793918425096,20.28,1019.198
1791261204.761714,69.55331298431729,0.8453473589722631,0.8456437725130312,0.8481258520004203,20.28,1019.196
1791261236.0983922,69.55347075723088,0.8439441777252187,0.8438652912684222,0.8479044159892261,20.25,1019.193
1791261267.4488645,69.5549305862096,0.8438652912684222,0.8431353767790658,0.8478689031788567,20.29,1019.19
1791261298.7931871,69.55427553600887,0.8449104491789874,0.8452379742793441,0.8479793918425096,20.26,1019.186
1791261330.1407104,69.55249961262345,0.8447235323025718,0.8456114939952821,0.8479793918425096,20.28,1019.183
1791261361.4842558,69.55057035275082,0.84421007589306,0.8451747058293753,0.8477938572975957,20.26,1019.173
1791261392.816757,69.55181697293986,0.8456114939952821,0.8449881839007639,0.847758520352222,20.23,1019.174
1791261424.159195,69.5541826025793,0.8456885944177107,0.84450577959799,0.8478689031788567,20.23,1019.168
1791261455.4997153,69.55427553081148,0.845050945431495,0.8450044813154085,0.8481618210181973,20.25,1019.162
1791261486.822237,69.55540815391973,0.8440642625926895,0.8434979510385635,0.8476383844189013,20.23,1019.158
1791261518.1736226,69.55568833429074,0.8443137517188568,0.844173661533355,0.8478965154481511,20.22,1019.155
1791261549.5251856,69.56050621350762,0.8461160026087374,0.8437070630002926,0.8476030678864807,20.25,1019.154
1791261580.8795843,69.55953674759483,0.844004046868153,0.8444887798245508,0.8479757492426491,20.23,1019.156
1791261612.2191832,69.55969227356334,0.8452697453238509,0.8451919823395942,0.8477540317092896,20.26,1019.16
1791261643.5676858,69.55953547122158,0.8444887798245508,0.8445671809954328,0.8479400311959873,20.28,1019.16
1791261674.9071243,69.55819475290673,0.8443491603760501,0.8450195195334753,0.8477186672984084,20.25,1019.162
1791261706.2506,69.5536152914399,0.8434312221790528,0.8457209529124696,0.8476081446881281,20.25,1019.17
1791261737.6021276,69.55221115237033,0.8449417029782461,0.8456437725130312,0.8474977280997207,20.26,1019.178
1791261768.928638,69.55389128567869,0.8443796500331388,0.8435395833789581,0.8477186672984084,20.22,1019.184
1791261800.264067,69.5522694399761,0.8445364361209691,0.8453473589722631,0.8479044159892261,20.21,1019.19
1791261831.617782,69.55220879741951,0.84419193874412,0.8442222600224125,0.847829296083338,20.25,1019.197
1791261862.9629428,69.55095625987191,0.8443315242754456,0.8449577930492425,0.8475273675985777,20.22,1019.199
1791261894.306502,69.55171070728059,0.8445812972590915,0.8442040735547514,0.8478607397072672,20.22,1019.2
1791261925.6523128,69.55001234698057,0.8439357212181875,0.8447849013682023,0.8478965154481511,20.22,1019.203
1791261957.0003562,69.5521844088225,0.8455404158363075,0.8444543849153422,0.8485303899694852,20.22,1019.203
1791261988.344904,69.55089143553883,0.8440757574631311,0.8447222441049683,0.847968379245111,20.21,1019.207
1791262019.6883476,69.5497607677432,0.8439850349957867,0.8445503688936042,0.8482703536492638,20.25,1019.21
1791262051.031897,69.5517640609832,0.8455211764976402,0.844519529877633,0.8477140141813774,20.22,1019.216
1791262082.3743958,69.55235745784368,0.8440829516029014,0.8437862531726639,0.8477540317092896,20.22,1019.212
1791262113.716926,69.55332736071924,0.8450044813154085,0.844519529877633,0.8478648371503371,20.22,1019.212
1791262145.0603564,69.55160969243363,0.8445980146038736,0.8454568487466797,0.8474922284298383,20.21,1019.218
1791262176.4117668,69.54998685829456,0.8446454316771481,0.8454568487466797,0.848200687290324,20.21,1019.217
1791262207.7552214,69.55105412550539,0.8448167997328536,0.8442831661274391,0.8478250674690752,20.22,1019.214
1791262239.1031487,69.55956574638238,0.8454756906540485,0.8412198802155518,0.8475979518040433,20.23,1019.21
1791262270.4292107,69.56337537124635,0.8462492386150244,0.8443444261830365,0.8478566104841673,20.26,1019.205
1791262301.768744,69.56217706029955,0.8444853236315008,0.8450844791049038,0.8481922423225581,20.29,1019.195
1791262333.1183438,69.55858038226312,0.8433966716073236,0.8451950106255365,0.8476689468003433,20.28,1019.197
1791262364.4547298,69.55445084471259,0.8439961179467278,0.846060886721994,0.8478925191528559,20.26,1019.197
1791262395.8101842,69.55056372506715,0.8441061745396505,0.8460497343623695,0.8482678116898787,20.28,1019.188
1791262427.1647072,69.55072056623432,0.845527250030122,0.8454488294465373,0.8480406625005574,20.29,1019.185
1791262458.4962218,69.54711338133454,0.8434556700621297,0.8452592625120195,0.8481529015677823,20.23,1019.178
1791262489.840697,69.54651218385125,0.8449586637703713,0.8452592625120195,0.8477762174066445,20.23,1019.172
1791262521.1252072,69.54477013302315,0.8439768991166536,0.844847924530705,0.8480769625745391,20.26,1019.165
1791262552.477552,69.54629154066735,0.8449586637703713,0.8441979599482701,0.8484145542015198,20.23,1019.165
1791262583.8241,69.54749628188257,0.8444991452520737,0.8438967746444667,0.8480008754728221,20.25,1019.151
1791262615.1725879,69.5500651496972,0.8457038864672879,0.8444194525599734,0.8482259721311047,20.25,1019.151
1791262646.5170236,69.54797267169779,0.8440873756389004,0.845133614638606,0.8482259721311047,20.26,1019.145
1791262677.816758,69.54857622001693,0.8452449265371751,0.8449431523776083,0.8483755646380617,20.28,1019.144
1791262709.157016,69.54933844162107,0.845133614638606,0.8447525038365287,0.8479608939732759,20.26,1019.139
1791262740.4994886,69.5510514665201,0.8452449265371751,0.8443884140876636,0.848186502163063,20.25,1019.132
1791262771.8479788,69.55029445704199,0.8453379056521466,0.8457164103911974,0.8483777077424337,20.23,1019.13
1791262803.1764727,69.55007391570417,0.8442163380925646,0.8443266087614715,0.8483409688170475,20.23,1019.132
1791262834.5221379,69.55061264149906,0.8444060432836257,0.8441366803861865,0.848528853201748,20.23,1019.136
1791262865.8704834,69.55317943720446,0.8454813578009699,0.8441979599482701,0.8484145542015198,20.23,1019.14
1791262897.2179675,69.55657478415351,0.8468312881131268,0.845133614638606,0.8485273044332986,20.26,1019.151
1791262928.5576649,69.55476236744295,0.844561668741949,0.8454678770972275,0.848601689225352,20.26,1019.15
1791262959.908955,69.55635172456596,0.8453563473034509,0.844561668741949,0.8484885716148224,20.28,1019.153
1791262991.2554586,69.55838542824449,0.844561668741949,0.8435448169026843,0.8480736429046006,20.29,1019.158
1791263022.5961215,69.55937176646896,0.8456912644080234,0.8451980952957945,0.8487149176321953,20.29,1019.162
1791263053.952386,69.55822605426353,0.8447044426612207,0.8452772987639375,0.8484125523097781,20.28,1019.161
1791263085.2949126,69.55822605426353,0.8459936297304407,0.8459936297304407,0.8484125523097781,20.28,1019.161
1791263116.6364856,69.55460122084241,0.84395752983843,0.845769946548987,0.848186502163063,20.26,1019.156
1791263147.9679735,69.55422035990166,0.8455795160786116,0.845769946548987,0.8489039065400259,20.28,1019.155
1791263179.3234494,69.55217450931724,0.8447059120276009,0.8457288373198103,0.8483019139215854,20.28,1019.155
1791263210.6689658,69.55059876326358,0.8450844791049038,0.8458723521317372,0.8483043369553033,20.28,1019.152
1791263242.0104334,69.55189118899054,0.8461275706644471,0.8454813578009699,0.8487916886619623,20.28,1019.155
1791263273.3598323,69.55566760097935,0.8458153137135538,0.8439271077191465,0.8488286367354926,20.25,1019.148
1791263304.6833308,69.55611437560094,0.8456912644080234,0.8454678770972275,0.848790641066582,20.28,1019.146
1791263336.0158925,69.55369781998687,0.844561668741949,0.845769946548987,0.8492813298384451,20.25,1019.145
1791263367.3563728,69.55445993773745,0.8465204133006683,0.8461393544253799,0.8486765122404916,20.25,1019.143
1791263398.7038252,69.55726143406957,0.8470131761470054,0.8456124279809445,0.8483363839401159,20.23,1019.15
1791263430.029338,69.5534104415882,0.8446728641345894,0.8465983603752749,0.8487149176321953,20.25,1019.15
1791263461.3719382,69.5534104415882,0.8450865337631891,0.8450865337631891,0.8486390457133572,20.25,1019.152
1791263492.7162917,69.55379309489143,0.8447044426612207,0.8445131160096059,0.8484125523097781,20.25,1019.154
1791263524.0498214,69.55274043013335,0.845007104434462,0.8455334368135001,0.8486390457133572,20.25,1019.154
1791263555.4073555,69.55136970694933,0.8451510340274276,0.84583639561944,0.8483734046994639,20.25,1019.16
1791263586.7517502,69.55015787172557,0.8452304780075602,0.84583639561944,0.848449648827346,20.28,1019.159
1791263618.0884292,69.55269883407277,0.8467193106201354,0.8454488294465373,0.849205029267875,20.28,1019.161
1791263649.4398267,69.55045263985812,0.8452270897129592,0.8463501868202856,0.848528853201748,20.26,1019.163
1791263680.7792053,69.54814354392269,0.8447059120276009,0.8458604599953161,0.8486412751335376,20.26,1019.167
1791263712.1177163,69.54852283078351,0.8456710012313826,0.8454813578009699,0.8487911669064659,20.29,1019.163
1791263743.4721448,69.55147382662464,0.8469433750177952,0.8454678770972275,0.8490927105183415,20.28,1019.154
1791263774.8126192,69.55004381132983,0.8454352413684708,0.8461502490158753,0.8488662164519762,20.28,1019.152
1791263806.1562624,69.55096296287124,0.8458484748563085,0.8453888990856063,0.8483755646380617,20.25,1019.151
1791263837.4916847,69.55255403174053,0.8459936297304407,0.8451980952957945,0.8487149176321953,20.23,1019.14
1791263868.8442369,69.55140920845223,0.845007104434462,0.8455795160786116,0.8488282569982164,20.25,1019.131
1791263900.1977324,69.54907748771684,0.8453888990856063,0.8465547594532973,0.8486390457133572,20.23,1019.121
1791263931.5472696,69.5484050601844,0.8453423292891862,0.8456785430554093,0.8482970106987605,20.23,1019.113
1791263962.8987691,69.5484050601844,0.845520068382292,0.845520068382292,0.84856159628107,20.26,1019.104
1791263994.2422402,69.5518937247076,0.8469277591979183,0.8451834269363171,0.8484477743352478,20.25,1019.099
1791264025.591834,69.54955266882455,0.8451834269363171,0.8463539548778419,0.8487140892936774,20.25,1019.092
1791264056.9311182,69.54984400012478,0.8457450493622277,0.8455993837121145,0.8487895769402984,20.23,1019.083
1791264088.2756531,69.54930450038296,0.8453097662077033,0.8455795160786116,0.8491307704734182,20.25,1019.078
1791264119.618315,69.54854392095251,0.8450224114482617,0.8454027011634843,0.8485273044332986,20.23,1019.081
1791264150.969498,69.54879758020785,0.8450224114482617,0.8448955818205928,0.8485273044332986,20.25,1019.075
1791264182.323033,69.54879758020785,0.8459936297304407,0.8459936297304407,0.8492061238547,20.21,1019.073
1791264213.6687117,69.55348323248737,0.847238407960349,0.8448955818205928,0.8486390457133572,20.23,1019.074
1791264245.0120375,69.55150718692404,0.8454542904496556,0.8464423132313198,0.8488659836788389,20.21,1019.074
1791264276.353594,69.55090067407959,0.8457575468718834,0.8460608032941113,0.8486765122404916,20.22,1019.083
1791264307.6453176,69.55377701987851,0.8465892069268897,0.8451510340274276,0.8489038215982716,20.23,1019.087
1791264338.9775543,69.55377701987851,0.84583639561944,0.84583639561944,0.8489796197815194,20.22,1019.09
1791264370.3211312,69.5567458813431,0.844815926226355,0.8433314954940605,0.8483734046994639,20.23,1019.102
1791264401.6634407,69.55696964745572,0.8450714338077556,0.8449595507514488,0.848600416148516,20.22,1019.107
1791264433.0170178,69.55546524126142,0.8451510340274276,0.8459032371245795,0.8482204663828945,20.22,1019.114
1791264464.3516357,69.55607354684118,0.845520068382292,0.8452159155924142,0.8488657490709478,20.21,1019.124
1791264495.6969507,69.5569476223165,0.8459704745511608,0.8455334368135001,0.8488278742722098,20.23,1019.133
1791264527.0414407,69.55980846151388,0.8465640342372952,0.845133614638606,0.849508341169374,20.22,1019.133
1791264558.3819091,69.55701828698126,0.8446099845047783,0.8460050717710913,0.8488286367354926,20.19,1019.136
1791264589.7303886,69.55377961330193,0.8450224114482617,0.8466417482879303,0.8486401647779918,20.21,1019.142
1791264621.0759509,69.55476402169454,0.8466761549042654,0.8461839507079596,0.848601689225352,20.19,1019.146
1791264652.4164057,69.5540893440376,0.8463299773101013,0.846667316138567,0.8486765122404916,20.21,1019.145
1791264683.7578511,69.55348283119315,0.8457575468718834,0.8460608032941113,0.8483734046994639,20.22,1019.149
1791264715.104271,69.55121285515547,0.8449595507514488,0.8460945387702903,0.8488278742722098,20.22,1019.144
1791264746.440923,69.54977405311972,0.8450714338077556,0.8457908348256326,0.8488278742722098,20.23,1019.141
1791264777.788336,69.54894065596768,0.8450238980284005,0.8454405966044207,0.8483712277275065,20.23,1019.138
1791264809.1348572,69.54779261288213,0.8458242211721697,0.846398242714948,0.8490557803901797,20.22,1019.135
1791264840.4644933,69.54673597257866,0.8451834269363171,0.8457117470880546,0.8488278742722098,20.23,1019.128
1791264871.8059044,69.54961320013034,0.8455993837121145,0.8441607699362752,0.8488278742722098,20.21,1019.123
1791264903.149338,69.55082741862564,0.8462856523030629,0.8456785430554093,0.8487140892936774,20.21,1019.117
1791264934.477823,69.5512087298997,0.8456912644080234,0.8455006087709964,0.8488282569982164,20.21,1019.109
1791264965.8043923,69.55181286880321,0.8454678770972275,0.845165807645468,0.848790641066582,20.22,1019.095
1791264997.1537902,69.54999956491517,0.8455795160786116,0.8464861680226337,0.8489039065400259,20.25,1019.083
1791265028.4922724,69.55114551063367,0.8453888990856063,0.844815926226355,0.8486390457133572,20.25,1019.077
1791265059.825856,69.55076351563496,0.8457575468718834,0.8459485443712417,0.8486765122404916,20.23,1019.067
1791265091.172227,69.55273927259168,0.8475770854052507,0.8465892069268897,0.8487901110941621,20.25,1019.061
1791265122.511798,69.55235712284922,0.845982097679236,0.8461731725504712,0.848600416148516,20.25,1019.06
1791265153.8512917,69.55440199600541,0.8467799834499824,0.8457575468718834,0.8489038215982716,20.22,1019.044
1791265185.1976259,69.55410942151954,0.8460608032941113,0.8462070905370446,0.8487901110941621,20.21,1019.038
1791265216.5433178,69.55577035601677,0.8453749884315824,0.844544521182972,0.8493597834176455,20.22,1019.029
1791265247.8916528,69.55350097696889,0.8446561453016932,0.8457908348256326,0.8491315782168677,20.23,1019.03
1791265279.2321186,69.55266950491234,0.84556636165096,0.845982097679236,0.8487140892936774,20.23,1019.016
1791265310.565746,69.55237814867883,0.8456785430554093,0.8458242211721697,0.8487140892936774,20.25,1019.022
1791265341.9090946,69.54820683478806,0.8449275192016203,0.8470131761470054,0.8488282569982164,20.26,1019.019
1791265373.2495875,69.54842995785327,0.8451980952957945,0.8450865337631891,0.8485257435230147,20.29,1019.021
1791265404.594367,69.54963941914293,0.8459936297304407,0.8453888990856063,0.8487149176321953,20.28,1019.015
1791265435.936582,69.55040419424851,0.8447841684407719,0.8444017808879793,0.8484125523097781,20.28,1019.022
1791265467.28611,69.55199660398367,0.8462177515274271,0.8454215466598536,0.8490552692608444,20.26,1019.025
1791265498.6296895,69.54995373865417,0.8447361142071306,0.8457575468718834,0.8486765122404916,20.26,1019.022
1791265529.9591794,69.5517741713527,0.8461731725504712,0.8452629562012044,0.8492072270480273,20.26,1019.028
1791265561.289549,69.55155046878946,0.8452304780075602,0.8453423292891862,0.8488659836788389,20.28,1019.023
1791265592.626141,69.5525390540207,0.8463640597163392,0.8458697671007156,0.8487901110941621,20.29,1019.022
1791265623.9695377,69.55056225841602,0.84556636165096,0.8465547594532973,0.8486765122404916,20.29,1019.023
1791265655.3151736,69.55062883432352,0.8457908348256326,0.8457575468718834,0.8489038215982716,20.26,1019.018
1791265686.6625974,69.55283133940884,0.8460608032941113,0.8449595507514488,0.8487901110941621,20.26,1019.02
1791265718.0090644,69.55283133940884,0.8449595507514488,0.8449595507514488,0.8487901110941621,20.26,1019.021
1791265749.3444698,69.54957373861879,0.8448477776051999,0.8464765780002268,0.8489417712492302,20.26,1019.019
1791265780.6980076,69.54912642621368,0.8448477776051999,0.8450714338077556,0.8486765122404916,20.28,1019.019
1791265812.036704,69.54670275576616,0.8449275192016203,0.8461393544253799,0.8485630248728989,20.26,1019.02
1791265843.366199,69.54753245368533,0.84583639561944,0.8454215466598536,0.8485630248728989,20.25,1019.016
1791265874.7094283,69.5457147008497,0.8452304780075602,0.8461393544253799,0.8488659836788389,20.22,1019.008
1791265906.0560913,69.5460973693466,0.8454542904496556,0.8452629562012044,0.8486765122404916,20.21,1019.01
1791265937.4035223,69.55034504564317,0.8473867943494937,0.8452629562012044,0.8492072270480273,20.23,1019.012
1791265968.7469409,69.55034504564317,0.8457908348256326,0.8457908348256326,0.8486379178367652,20.23,1019.008
1791266000.0785637,69.55095245353249,0.8460945387702903,0.8457908348256326,0.8487140892936774,20.28,1019.0
1791266031.429995,69.55277467720043,0.8454871308809748,0.8445760190470016,0.8486379178367652,20.26,1018.995
1791266062.7755294,69.55398889569574,0.845982097679236,0.8453749884315824,0.8490176439175041,20.25,1018.999
1791266094.1229177,69.55641733268635,0.8465892069268897,0.8453749884315824,0.8487140892936774,20.21,1018.989
1791266125.405397,69.5585508095783,0.8472738289830227,0.8462070905370446,0.8487140892936774,20.23,1018.988
1791266156.7359462,69.56271115937375,0.8474225041869049,0.8453423292891862,0.8488278742722098,20.25,1018.982
1791266188.0754504,69.56149872920963,0.8441298991250751,0.8447361142071306,0.8484868546719343,20.23,1018.979
1791266219.4079242,69.56006370803534,0.844815926226355,0.8455334368135001,0.8486390457133572,20.22,1018.975
1791266250.7323046,69.55968230856143,0.8463640597163392,0.8465547594532973,0.8486765122404916,20.23,1018.968
1791266282.071895,69.55626774934044,0.8442412647607441,0.8459485443712417,0.84909336751639,20.22,1018.963
1791266313.4132693,69.55361755556001,0.8442412647607441,0.84556636165096,0.8484868546719343,20.23,1018.959
1791266344.7557867,69.55217927260395,0.8452629562012044,0.845982097679236,0.8487140892936774,20.23,1018.968
1791266376.1144464,69.55179720021717,0.8458697671007156,0.8460608032941113,0.8487140892936774,20.23,1018.951
1791266407.4528768,69.55058357841814,0.8446561453016932,0.8452629562012044,0.848600416148516,20.19,1018.959
1791266438.7873597,69.55217703375018,0.8467452720372597,0.8459485443712417,0.8487901110941621,20.19,1018.952
1791266470.1438448,69.55096400806127,0.844544521182972,0.8451510340274276,0.8489038215982716,20.19,1018.955
1791266501.48621,69.55339125165932,0.8464765780002268,0.8452629562012044,0.84909336751639,20.19,1018.959
1791266532.8367624,69.55354821038291,0.8462516519122695,0.8461731725504712,0.8487901110941621,20.22,1018.954
1791266564.194281,69.5511197733923,0.8453749884315824,0.8465892069268897,0.8484105346698505,20.23,1018.96
1791266595.5718179,69.54967955514455,0.8457908348256326,0.8465109439495098,0.8488278742722098,20.23,1018.96
1791266626.9142282,69.55242403392334,0.8467799834499824,0.8454077440605887,0.8490176439175041,20.25,1018.963
1791266658.2408078,69.55235976461421,0.8449117628025362,0.8449438974571009,0.8480669250275877,20.22,1018.968
1791266689.585245,69.55364141769631,0.8456325034282379,0.8449916768871844,0.8482574434911923,20.21,1018.964
1791266720.9297776,69.55479215385319,0.8454871308809748,0.8449117628025362,0.8484477743352478,20.22,1018.976
1791266752.2672582,69.55243088829315,0.8451834269363171,0.8463640597163392,0.8487901110941621,20.22,1018.985
1791266783.619901,69.55182437544869,0.8454542904496556,0.8457575468718834,0.8481835982497063,20.23,1018.99
1791266814.9622326,69.5522076400557,0.8448477776051999,0.8446561453016932,0.84909336751639,20.22,1019.004
1791266846.3087225,69.55402807275424,0.84556636165096,0.8446561453016932,0.848600416148516,20.22,1019.019
1791266877.6534436,69.55441127391688,0.8454871308809748,0.8452955302996494,0.8488278742722098,20.25,1019.036
1791266908.9876904,69.55585089429341,0.8459032371245795,0.8451834269363171,0.8484105346698505,20.23,1019.048
1791266940.3360684,69.55888644053168,0.8453749884315824,0.8438572153124485,0.8485241703275521,20.23,1019.064
1791266971.6615677,69.55425295552425,0.8445760190470016,0.8468927615507165,0.8491315782168677,20.22,1019.081
1791267003.0141551,69.55303754187439,0.8449916768871844,0.8455993837121145,0.8488278742722098,20.21,1019.093
1791267034.3555832,69.55319737004369,0.8449916768871844,0.8449117628025362,0.8484851241824913,20.22,1019.102
1791267065.6941903,69.55121019387754,0.8447514612791538,0.8457450493622277,0.8487895769402984,20.25,1019.116
1791267097.0436723,69.54845636851175,0.8447514612791538,0.8461283739620475,0.8484851241824913,20.26,1019.132
1791267128.3870304,69.54602434429202,0.8451037410331229,0.8463197531429865,0.8487517773627138,20.25,1019.142
1791267159.7255292,69.54663175218134,0.8457908348256326,0.8454871308809748,0.8484105346698505,20.25,1019.147
1791267191.0792098,69.547238861429,0.8456785430554093,0.8453749884315824,0.8488278742722098,20.25,1019.162
1791267222.4205785,69.54663145353967,0.8448797229916594,0.8451834269363171,0.8487140892936774,20.23,1019.166
1791267253.7560303,69.54883680019815,0.8453749884315824,0.8442723151023439,0.8487140892936774,20.22,1019.163
1791267285.0945818,69.54982876271426,0.8454077440605887,0.8449117628025362,0.8486379178367652,20.22,1019.171
1791267316.4400024,69.54944593836538,0.8454871308809748,0.8456785430554093,0.8482574434911923,20.21,1019.172
1791267347.776484,69.5464088989188,0.8454871308809748,0.8470056506042635,0.8488278742722098,20.21,1019.171
1791267379.1250594,69.54724029306524,0.8454871308809748,0.8450714338077556,0.8488278742722098,20.22,1019.168
1791267410.469538,69.54800600634904,0.8454542904496556,0.8450714338077556,0.8482970106987605,20.23,1019.164
1791267441.8029733,69.54899556368731,0.8458697671007156,0.8453749884315824,0.8487140892936774,20.21,1019.171
1791267473.1454778,69.54937914222036,0.8452955302996494,0.8451037410331229,0.8482574434911923,20.21,1019.176
1791267504.473898,69.55241618166694,0.846398242714948,0.8448797229916594,0.8483340644243,20.21,1019.181
1791267535.798437,69.555069202198,0.8457908348256326,0.844464324560102,0.8488278742722098,20.22,1019.187
1791267567.1380763,69.55567661008732,0.8451834269363171,0.8448797229916594,0.8484105346698505,20.23,1019.191
1791267598.4813764,69.55567661008732,0.8454871308809748,0.8454871308809748,0.8485241703275521,20.23,1019.2
1791267629.8349364,69.55865136529302,0.8457908348256326,0.8443034572227807,0.8487517773627138,20.23,1019.219
1791267661.1774554,69.55788383029879,0.8449117628025362,0.8452955302996494,0.84856159628107,20.21,1019.223
1791267692.5079608,69.55567683206095,0.8447997380056569,0.8459032371245795,0.8481437713077818,20.22,1019.232
1791267723.8372915,69.55628453888589,0.8452955302996494,0.8449916768871844,0.8484477743352478,20.22,1019.241
1791267755.181936,69.55468787229997,0.8450714338077556,0.8458697671007156,0.8482204663828945,20.23,1019.249
1791267786.5243533,69.55711750385723,0.8467019466596057,0.8454871308809748,0.8490176439175041,20.23,1019.249
1791267817.8669693,69.55612719374088,0.8455993837121145,0.8460945387702903,0.8485241703275521,20.22,1019.253
1791267849.2073996,69.55400380391362,0.8453609679151574,0.8464226628287844,0.8487895769402984,20.21,1019.258
1791267880.55916,69.55271296929966,0.8446541893875744,0.845299606694553,0.8478311465667071,20.18,1019.255
1791267911.855439,69.55261598200383,0.8447991342635853,0.8448476279115043,0.8483293701634181,20.22,1019.262
1791267943.186791,69.55429257271096,0.8453798100496664,0.8445415146961008,0.8478311465667071,20.31,1019.259
1791267974.5313392,69.55584027334686,0.8455729845815353,0.8447991342635853,0.8482148732809417,20.32,1019.245
1791268005.8728392,69.55684561682581,0.8453988590440662,0.8448961873045895,0.8483645925724737,20.36,1019.243
1791268037.2152734,69.55733369700964,0.8450425591014701,0.8447985190095589,0.8484780635013238,20.39,1019.243
1791268068.5649252,69.55678022169819,0.8452558530363042,0.8455325906920313,0.8484381759077873,20.4,1019.24
1791268099.9132233,69.55508444336868,0.8448800288160182,0.8457279179807718,0.8482063152373397,20.44,1019.236
1791268131.2508264,69.55602727312144,0.8455797335430099,0.8451083186666298,0.8482063152373397,20.49,1019.233
1791268162.5933132,69.55625681324473,0.845207703812386,0.8450929337507433,0.8487475717644608,20.49,1019.229
1791268193.9488199,69.55230996156409,0.843869120038346,0.8458425458786659,0.8484381759077873,20.46,1019.245
1791268225.2852561,69.54705372252393,0.8443748279272915,0.8470029474473724,0.8481280650353488,20.47,1019.211
1791268256.6328146,69.54388392794495,0.8444067345660877,0.8459916318555798,0.8479710920351351,20.47,1019.207
1791268287.9782069,69.547217397242,0.8453704741162803,0.8437037394677555,0.8482818272179101,20.47,1019.204
1791268319.3116925,69.5431353589386,0.8445530050246102,0.8465940241763047,0.8485512719027575,20.5,1019.208
1791268350.6535473,69.54244073447404,0.8453416285582681,0.8456889407905486,0.8483938035918596,20.5,1019.205
1791268382.0038173,69.54230480840228,0.8454572818224048,0.8455252448582884,0.8479216399897409,20.47,1019.205
1791268413.3542755,69.54083139322697,0.8444528102940837,0.845189517881743,0.8481280650353488,20.43,1019.206
1791268444.7007859,69.54080046922974,0.8450254127144088,0.8450408747130226,0.8482869692394263,20.42,1019.203
1791268476.052278,69.54224516286521,0.845281181849327,0.8445588350315907,0.8485225847013022,20.4,1019.204
1791268507.3755684,69.5461204660758,0.8462411088280754,0.8443034572227807,0.8481437713077818,20.38,1019.205
1791268538.7061067,69.55188529809443,0.8461173066065669,0.843234890597256,0.848217680880555,20.36,1019.205
1791268570.0486445,69.5602198876522,0.8459809530518,0.8418136582729198,0.8480972060472004,20.38,1019.211
1791268601.3831596,69.56028479931032,0.8448474753706418,0.844815019541574,0.8479377188171052,20.39,1019.215
1791268632.7275398,69.56213247173405,0.844053356917137,0.8431295207052792,0.8477487017645684,20.38,1019.214
1791268664.0841463,69.5611959647251,0.8453988590440662,0.8458671125485363,0.848479849812413,20.36,1019.216
1791268695.4246051,69.55527999109206,0.8431823367147339,0.8461403235312547,0.8484043853804795,20.36,1019.226
1791268726.7641628,69.55185084791844,0.8438785123500934,0.8455930839369,0.8483645925724737,20.35,1019.238
1791268758.1176999,69.5466798139528,0.8438070801110525,0.8463925970938735,0.847900629712599,20.33,1019.234
1791268789.4490614,69.54560655639622,0.8442294266813491,0.8447660554596402,0.8481312565775138,20.33,1019.239
1791268820.7895572,69.54576892389925,0.8450425591014701,0.8449613753499596,0.8476286944724588,20.33,1019.246
1791268852.114987,69.54785117942951,0.8452705544464847,0.8442294266813491,0.8481312565775138,20.33,1019.25
1791268883.4574764,69.54629284836342,0.8448474753706418,0.8456266409036913,0.8479377188171052,20.32,1019.246
1791268914.8030741,69.54597066982039,0.8453182340205119,0.8454793232920264,0.8478636516587437,20.32,1019.256
1791268946.1285837,69.54512863106206,0.8449446566373913,0.8453656760165568,0.8480972060472004,20.31,1019.255
1791268977.4820092,69.54759096613638,0.8454793232920264,0.8442481557548612,0.8477487017645684,20.31,1019.25
1791269008.8185418,69.54704002030151,0.844442760463692,0.8447182333811296,0.8479416583663566,20.28,1019.243
1791269040.1650198,69.54843287688453,0.8453656760165568,0.8446692477250423,0.8478267841575297,20.28,1019.244
1791269071.5115225,69.54658520446081,0.8446692477250423,0.8455930839369,0.8483645925724737,20.31,1019.242
1791269102.855867,69.54895296534082,0.8456266409036913,0.844442760463692,0.848056647168521,20.35,1019.242
1791269134.1974292,69.55075149668181,0.8447168454385262,0.843817579768032,0.8480122321851078,20.36,1019.236
1791269165.539926,69.55353238751907,0.845715030313807,0.844324584895175,0.8481656839431275,20.35,1019.239
1791269196.8893123,69.55228756724851,0.8436516784741869,0.8442740886094665,0.8475813200029984,20.33,1019.236
1791269228.2357826,69.55143995637509,0.8441789196954169,0.8446027251321276,0.8476234808768086,20.32,1019.24
1791269259.579542,69.55195843222866,0.8445705397502933,0.844311301823512,0.8478223868299095,20.31,1019.24
1791269290.906903,69.5493277540683,0.844311301823512,0.8456266409036913,0.847900629712599,20.29,1019.238
1791269322.2463834,69.54944998608232,0.8436631756919216,0.8436020596849101,0.8478267841575297,20.31,1019.238
1791269353.5888784,69.54828535885127,0.8448637395234438,0.8454460531389707,0.8483269949782567,20.31,1019.241
1791269384.9163938,69.5471237675188,0.8449122172260751,0.8454930128923154,0.8484816219175533,20.31,1019.244
1791269416.2539322,69.54644661670318,0.8444605588557762,0.8447991342635853,0.8480601003534934,20.31,1019.25
1791269447.5905952,69.5466724774179,0.8446051906497801,0.8444922602924214,0.8484816219175533,20.28,1019.246
1791269478.9377804,69.54958169736936,0.8451387208966272,0.8436841109208953,0.8479824829890242,20.29,1019.242
1791269510.2903621,69.54773678554707,0.8443296860299611,0.8452521419411063,0.8479047110777183,20.31,1019.243
1791269541.6438627,69.54973707172444,0.8461061513234297,0.8451060082347494,0.8480601003534934,20.26,1019.245
1791269572.9873004,69.55084379396605,0.8445559476391525,0.8440025865183449,0.8481717507355783,20.26,1019.253
1791269604.3296847,69.54993037202584,0.8444887193524879,0.8449454303225944,0.847739234745982,20.23,1019.251
1791269635.6801493,69.54937428662184,0.8446673876205933,0.8449454303225944,0.8475813200029984,20.22,1019.254
1791269667.0257602,69.54973183987522,0.844749316376981,0.8445705397502933,0.8477022769984732,20.26,1019.256
1791269698.3702018,69.5488880544034,0.8445879344014224,0.8450098271373323,0.8479787163362592,20.28,1019.251
1791269729.6468403,69.55180275083974,0.8449771931289949,0.8435198449108272,0.8479787163362592,20.28,1019.256
1791269760.986251,69.54895112512928,0.8443613023210897,0.8457871151763177,0.8481717507355783,20.29,1019.253
1791269792.3326495,69.54778557861432,0.8445559476391525,0.8451387208966272,0.8477487017645684,20.29,1019.254
1791269823.666167,69.54710640534825,0.8447991342635853,0.8451387208966272,0.8482895095653192,20.28,1019.254
1791269855.0077827,69.54979679491058,0.8447826608903969,0.8434374661092319,0.8478636516587437,20.26,1019.247
1791269886.3371077,69.55008777402402,0.8447826608903969,0.8446371713336761,0.8474407563606159,20.25,1019.245
1791269917.6798594,69.551215957204,0.8447182333811296,0.8441541417911462,0.8477533788358335,20.26,1019.242
1791269949.028226,69.55131446601135,0.8445415146961008,0.8444922602924214,0.8481747479463894,20.28,1019.233
1791269980.3686886,69.5484028007315,0.8449122172260751,0.8463680498660011,0.8483269949782567,20.25,1019.23
1791270011.7091894,69.54879162247147,0.8446371713336761,0.844442760463692,0.8477900267139211,20.28,1019.23
1791270043.0557208,69.55164517221758,0.8452851385329475,0.8438583636598929,0.847900629712599,20.28,1019.225
1791270074.39921,69.55171027910833,0.8448800288160182,0.8448474753706418,0.8476654304075422,20.23,1019.227
1791270105.744767,69.55507856635141,0.8453988590440662,0.843714715422531,0.8477071701803492,20.28,1019.222
1791270137.0772595,69.55792014522632,0.8459130497298731,0.8444922602924214,0.8477900267139211,20.26,1019.22
1791270168.402599,69.55830756683025,0.8448798744612008,0.8446861636592329,0.8476389974012157,20.25,1019.219
1791270199.745123,69.5593088165992,0.844992885176893,0.8444922602924214,0.8483668218711535,20.22,1019.216
1791270231.0916634,69.55824265631293,0.8446861636592329,0.8452192438023699,0.8480601003534934,20.29,1019.213
1791270262.4280698,69.55501349511742,0.8446051906497801,0.8462197712475331,0.8481747479463894,20.25,1019.209
1791270293.7796414,69.555465343648,0.845459854342311,0.8452339300770207,0.8482148732809417,20.26,1019.208
1791270325.1072743,69.55195478894112,0.8440106902042784,0.8457659675577144,0.8479862197906909,20.26,1019.205
1791270356.4526446,69.55150447419096,0.8442354014806975,0.8444605588557762,0.8484439806959672,20.23,1019.211
1791270387.7970083,69.5505056744108,0.844960454452228,0.845459854342311,0.8482148732809417,20.26,1019.208
1791270419.1326895,69.5502127537528,0.8453798100496664,0.8455262703786649,0.8484043853804795,20.26,1019.209
1791270450.4831338,69.54775654114245,0.8442981640734852,0.8455262703786649,0.8482120433200617,20.26,1019.213
1791270481.8226404,69.55048931465953,0.8452044402077565,0.8438380534492194,0.8481344226751513,20.26,1019.221
1791270513.1730149,69.5510093380342,0.8448800288160182,0.8446200171286791,0.8481312565775138,20.28,1019.225
1791270544.5135748,69.55000430220792,0.8452044402077565,0.8457069581209009,0.8476704634330922,20.25,1019.229
1791270575.843188,69.55029037113641,0.8435502645830582,0.8434072301188159,0.8479416583663566,20.22,1019.231
1791270607.1854966,69.55096776271505,0.844992885176893,0.8446541893875744,0.8482521358323303,20.23,1019.234
1791270638.528112,69.55313593076073,0.8441541417911462,0.8430700577683055,0.8482148732809417,20.21,1019.235
1791270669.8765278,69.55374724790028,0.8460381114273675,0.8457324528575965,0.8486356352280717,20.22,1019.243
1791270701.2191114,69.5520733438413,0.8456990375632802,0.8465359895927683,0.8482548001620897,20.23,1019.244
1791270732.565773,69.55139815461459,0.8445905254954792,0.8449281201088351,0.8485601563843072,20.22,1019.248
1791270763.9080603,69.55200947175413,0.8454267942878252,0.845121135718054,0.8484833799855368,20.23,1019.25
1791270795.2546,69.55200947175413,0.8445098185785117,0.8445098185785117,0.8494003556948502,20.26,1019.248
1791270826.5952785,69.55246055426585,0.844960454452228,0.8447349131963674,0.8481375636313371,20.25,1019.244
1791270857.9395072,69.54972287614196,0.8448958817176967,0.8462647207796435,0.8481406797443534,20.26,1019.246
1791270889.265915,69.54852177198968,0.8445559476391525,0.8451564997152882,0.8477854890859474,20.25,1019.244
1791270920.6095762,69.55414764364578,0.8461980917360602,0.8433851559080109,0.8478223868299095,20.23,1019.25
1791270951.9421213,69.5546021378033,0.8452044402077565,0.8449771931289949,0.8478636516587437,20.22,1019.246
1791270983.2915416,69.55495568279233,0.8445064585244715,0.8443296860299611,0.8478636516587437,20.23,1019.238
1791271014.6351056,69.55204417773183,0.8441038747145714,0.8455596272448213,0.8480972060472004,20.21,1019.236
1791271045.9584548,69.55378519504106,0.8447182333811296,0.8438477247265161,0.8479824829890242,20.21,1019.223
1791271077.3019803,69.55484745051913,0.8448476279115043,0.8443165001724641,0.8477168400341107,20.21,1019.224
1791271108.6476183,69.552945366127,0.8442354014806975,0.8451864436767581,0.8481375636313371,20.21,1019.219
1791271139.9948888,69.55578084519959,0.8463781939885212,0.844960454452228,0.8480231050987644,20.19,1019.213
1791271171.3433974,69.55739088147175,0.8459587592629884,0.8451537411269077,0.8481004898795751,20.23,1019.208
1791271202.6838255,69.55538815724954,0.8438785123500934,0.8448798744612008,0.8480601003534934,20.22,1019.198
1791271234.0265415,69.55500166364651,0.8448476279115043,0.8450408747130226,0.8484064513962304,20.22,1019.197
1791271265.356844,69.5537118056852,0.8445415146961008,0.8451864436767581,0.8480601003534934,20.23,1019.195
1791271296.697408,69.54942622066955,0.8436231750498906,0.8457659675577144,0.8477168400341107,20.23,1019.187
1791271328.043987,69.54975194330058,0.8442667360300864,0.8441038747145714,0.8476754564127295,20.22,1019.187
1791271359.3852563,69.55170865396516,0.8448474753706418,0.843869120038346,0.8478267841575297,20.25,1019.194
1791271390.731923,69.55561805878503,0.8459572889282798,0.8440025865183449,0.8478593954943766,20.26,1019.191
1791271422.0783436,69.551752519404,0.843693871213178,0.8456266409036913,0.8476286944724588,20.26,1019.199
1791271453.4088478,69.55304825689633,0.8458671125485363,0.8452192438023699,0.8480972060472004,20.23,1019.195
1791271484.7412682,69.55143218290127,0.8447182333811296,0.8455262703786649,0.8479824829890242,20.23,1019.2
1791271516.0389497,69.54943221592768,0.8442667360300864,0.8452667195168817,0.8478678739752253,20.19,1019.201
1791271547.37237,69.55072109853833,0.8450733929850365,0.8444289516797121,0.8481004898795751,20.18,1019.207
1791271578.7086957,69.55162243235976,0.8454267942878252,0.8449761273771093,0.8478354744717193,20.18,1019.209
1791271610.0484314,69.55200914928164,0.8446223101406495,0.8444289516797121,0.8478720628459945,20.19,1019.215
1791271641.407869,69.5511720201369,0.8446223101406495,0.8450408747130226,0.8477580188775252,20.18,1019.219
1791271672.7422512,69.55201162879395,0.8446051906497801,0.8441853863212574,0.8481747479463894,20.19,1019.224
1791271704.074808,69.55107645828735,0.8447991342635853,0.8452667195168817,0.8480601003534934,20.19,1019.227
1791271735.420197,69.55052931513326,0.8446223101406495,0.8448958817176967,0.8482920297588764,20.21,1019.225
1791271766.7448082,69.54840240810586,0.8441229901630568,0.8451864436767581,0.8480231050987644,20.19,1019.232
1791271798.0924153,69.55072962742234,0.8463680498660011,0.8452044402077565,0.8479047110777183,20.21,1019.232
1791271829.4377315,69.55111830397982,0.845171531407735,0.8449771931289949,0.8475973788353749,20.19,1019.238
1791271860.7713435,69.55034088598335,0.8445559476391525,0.8449446566373913,0.8477120243708266,20.18,1019.236
1791271892.1096268,69.55140809116243,0.8449446566373913,0.8444110540478506,0.8475973788353749,20.18,1019.237
1791271923.4573224,69.55147039934374,0.8441038747145714,0.8440727206239128,0.8477900267139211,20.19,1019.24
1791271954.7949007,69.55314654211408,0.8455729845815353,0.8447349131963674,0.8479087600655382,20.21,1019.244
1791271986.1412783,69.55321157865811,0.8450733929850365,0.8450408747130226,0.8479087600655382,20.21,1019.245
1791272017.4826932,69.55504643846722,0.8446223101406495,0.8437048802360928,0.8482920297588764,20.16,1019.25
1791272048.7091563,69.56010752002327,0.8450408747130226,0.8425103339349989,0.8481004898795751,20.18,1019.243
1791272080.0007856,69.56278473360592,0.8462990612435567,0.844960454452228,0.8482148732809417,20.18,1019.241
1791272111.3462768,69.55955909807192,0.8439601668145291,0.8455729845815353,0.8478311465667071,20.18,1019.242
1791272142.6727753,69.55710532593064,0.8440727206239128,0.845299606694553,0.8480601003534934,20.19,1019.241
1791272174.01933,69.55334000169252,0.843929288265294,0.8458119503843493,0.8482920297588764,20.19,1019.237
1791272205.360701,69.55315249159514,0.8439714285950886,0.8440651836437788,0.8475920686954965,20.19,1019.236
1791272236.7011817,69.55220597562031,0.8439515616188435,0.8444248196062613,0.8476234808768086,20.21,1019.232
1791272268.0526679,69.55353909733847,0.844442760463692,0.8437761996046147,0.8479787163362592,20.21,1019.235
1791272299.3781736,69.55444537077258,0.8449771931289949,0.8445240564119404,0.848056647168521,20.25,1019.233
1791272330.727585,69.55351024826646,0.8444605588557762,0.8449281201088351,0.8476389974012157,20.21,1019.229
1791272362.0943024,69.55151746037406,0.8443974383444435,0.845393832290646,0.8482548001620897,20.23,1019.224
1791272393.4426956,69.54978295568034,0.8444467079611521,0.8453139603080112,0.8479494439398721,20.23,1019.215
1791272424.7902033,69.55322458556364,0.8459249749503897,0.8442041600087405,0.8481777214157655,20.23,1019.212
1791272456.1515818,69.55322458556364,0.844815477148283,0.844815477148283,0.8481777214157655,20.25,1019.207
1791272487.4912007,69.55795114644607,0.8468414969139575,0.8444782164727436,0.8482548001620897,20.22,1019.199
1791272518.8186224,69.55611810251894,0.8440919310232542,0.8450084529868219,0.8479494439398721,20.22,1019.195
1791272550.1491666,69.55450685265679,0.843929288265294,0.8447349131963674,0.8482148732809417,20.21,1019.187
1791272581.4895923,69.55250396741465,0.8442981640734852,0.845299606694553,0.8477900267139211,20.21,1019.178
1791272612.8301222,69.55046658813437,0.8439911374971903,0.8450098271373323,0.8479824829890242,20.19,1019.17
1791272644.17555,69.54839094084498,0.8438583636598929,0.8448961873045895,0.8476704634330922,20.22,1019.167
1791272675.5240495,69.55034251078075,0.8448961873045895,0.8439204023367027,0.8481717507355783,20.22,1019.166
1791272706.8665843,69.55024355602399,0.8445705397502933,0.8446200171286791,0.8477439872186862,20.19,1019.153
1791272738.2130125,69.54946909737238,0.8446861636592329,0.8450733929850365,0.8481747479463894,20.19,1019.149
1791272769.5536387,69.55253936313532,0.8461403235312547,0.8446051906497801,0.8481747479463894,20.21,1019.14
1791272800.8959734,69.55231327767262,0.8446051906497801,0.8447182333811296,0.8480972060472004,20.23,1019.141
1791272832.2375417,69.5510870008104,0.8445733052456437,0.8451864436767581,0.8478311465667071,20.22,1019.131
1791272863.5711596,69.5525983767076,0.8446541893875744,0.8438985014389695,0.8480231050987644,20.19,1019.129
1791272894.9135022,69.55498031699751,0.8453139603080112,0.8441229901630568,0.8478720628459945,20.18,1019.118
1791272926.260042,69.55514315933198,0.8441541417911462,0.8440727206239128,0.8480231050987644,20.21,1019.115
1791272957.600632,69.55414482247373,0.8444289516797121,0.8449281201088351,0.8477945283629199,20.22,1019.117
1791272988.9449348,69.55109427775156,0.8443660184326739,0.8458912907937622,0.8476440877176545,20.22,1019.122
1791273020.293513,69.54659791265703,0.8434508550160209,0.8456990375632802,0.8478354744717193,20.21,1019.133
1791273051.648438,69.54848689040966,0.8441038747145714,0.8431593858382558,0.8481375636313371,20.22,1019.13
1791273082.9884984,69.54793686294347,0.8447503989813135,0.8450254127144088,0.8475973788353749,20.22,1019.128
1791273114.3220904,69.54936591849506,0.8447991342635853,0.844084606487794,0.8479824829890242,20.28,1019.096
1791273145.6676183,69.55021114813547,0.8443430171569092,0.8439204023367027,0.8475500614909028,20.32,1019.099
1791273177.0129564,69.55262089306342,0.8460033914735348,0.8447985190095589,0.8480905593294431,20.35,1019.102
1791273208.3363912,69.55431480784485,0.8447985190095589,0.8439515616188435,0.8477809150459303,20.35,1019.107
1791273239.6719067,69.55386034618606,0.8445064585244715,0.8447336893538656,0.8479377188171052,20.36,1019.104
1791273271.0065236,69.5533762448393,0.8449771931289949,0.8452192438023699,0.8482091907297016,20.36,1019.098
1791273302.3551815,69.55353694112304,0.8451537411269077,0.8450733929850365,0.8480231050987644,20.33,1019.096
1791273333.6364875,69.55598706164027,0.8458792496461889,0.8446541893875744,0.8481004898795751,20.32,1019.088
1791273364.9630096,69.55776124734169,0.8456862271142965,0.8447991342635853,0.847945566616773,20.29,1019.082
1791273396.3105092,69.55559917441265,0.8446051906497801,0.8456862271142965,0.8480601003534934,20.29,1019.075
1791273427.6389635,69.55427982373605,0.8444289516797121,0.8450886270180119,0.8477168400341107,20.29,1019.067
1791273458.9833229,69.55231084409033,0.8439601668145291,0.8449446566373913,0.8477900267139211,20.28,1019.064
1791273490.3279114,69.5540291012306,0.8452521419411063,0.8443930133709735,0.848056647168521,20.26,1019.055
1791273521.672335,69.55269444278133,0.8434677927214352,0.8441351219460703,0.8477854890859474,20.28,1019.047
1791273553.0208533,69.55097524831984,0.8435198449108272,0.8443794421415728,0.8477487017645684,20.26,1019.042
1791273584.364413,69.55181418383255,0.8451864436767581,0.8447669759204063,0.8477168400341107,20.25,1019.038
1791273615.6819136,69.55455478393759,0.8446051906497801,0.843234890597256,0.8478678739752253,20.26,1019.033
1791273647.034417,69.5531052050432,0.8444289516797121,0.8451537411269077,0.8480231050987644,20.25,1019.034
1791273678.370972,69.5550327305526,0.846230482271579,0.8452667195168817,0.8482920297588764,20.23,1019.03
1791273709.7182891,69.55219443697192,0.843541307661886,0.844960454452228,0.8481375636313371,20.26,1019.027
1791273741.059802,69.54997384874119,0.8443165001724641,0.8454267942878252,0.8481004898795751,20.25,1019.02
1791273772.4073036,69.55052118025785,0.8445588350315907,0.8442851692732616,0.8481406797443534,20.28,1019.017
1791273803.7487926,69.55151579566325,0.8461963452659799,0.8456990375632802,0.8480266720992858,20.26,1019.014
1791273835.0803683,69.55412750526445,0.8440106902042784,0.8427048354036805,0.8480231050987644,20.26,1019.008
1791273866.4207947,69.55229264545534,0.8437048802360928,0.8446223101406495,0.8479862197906909,20.25,1019.002
1791273897.7682488,69.55231979015963,0.8455461630441802,0.8455325906920313,0.8474045390671116,20.25,1019.001
1791273929.0928183,69.54951282920435,0.8439002803001909,0.8453037607778294,0.8476654304075422,20.22,1018.994
1791273960.4383283,69.54863173530688,0.844147387452693,0.8445879344014224,0.8477854890859474,20.22,1018.989
1791273991.7808022,69.54707876862953,0.844442760463692,0.8452192438023699,0.8479047110777183,20.23,1018.982
1791274023.1232133,69.54797939879471,0.8445733052456437,0.8441229901630568,0.8478311465667071,20.21,1018.975
1791274054.4707367,69.55014516384462,0.845299606694553,0.8442167241695969,0.8481375636313371,20.22,1018.972
1791274085.8143058,69.54865142353403,0.8436325719862788,0.8443794421415728,0.8480195096745416,20.22,1018.965
1791274117.162895,69.54903876488355,0.8447669759204063,0.8445733052456437,0.847945566616773,20.25,1018.964
1791274148.5193615,69.54675266303829,0.8440106902042784,0.8451537411269077,0.8479087600655382,20.23,1018.956
1791274179.8468547,69.54575424640194,0.8448476279115043,0.8453468362296779,0.8479862197906909,20.25,1018.947
1791274211.1921947,69.5446912408569,0.8444289516797121,0.844960454452228,0.8481004898795751,20.25,1018.947
1791274242.5326402,69.5441754091834,0.844815477148283,0.8450733929850365,0.8486356352280717,20.23,1018.943
1791274273.8832524,69.5441754091834,0.8445415146961008,0.8445415146961008,0.8478311465667071,20.23,1018.949
1791274305.2257953,69.54243267416378,0.8445415146961008,0.8454128822059134,0.8483293701634181,20.26,1018.927
1791274336.5473354,69.54050988042871,0.8444567214561667,0.8454181183237008,0.8479787163362592,20.29,1018.92
1791274367.8957553,69.5460239537323,0.8466573169519849,0.8439002803001909,0.847739234745982,20.31,1018.915
1791274399.2402916,69.55159475691535,0.8454990069474679,0.8427136053559439,0.8476654304075422,20.35,1018.91
1791274430.5919042,69.55104340707726,0.8450425591014701,0.8453182340205119,0.8481312565775138,20.38,1018.91
1791274461.949241,69.55042751626935,0.844053356917137,0.8443613023210897,0.8477487017645684,20.36,1018.902
1791274493.2767704,69.54897081333141,0.8443296860299611,0.8450580374989352,0.8478267841575297,20.36,1018.905
1791274524.6013224,69.54887281585582,0.8446051906497801,0.8446541893875744,0.847945566616773,20.35,1018.905
1791274555.9467602,69.54774351060742,0.8442667360300864,0.8448313886542839,0.8486356352280717,20.35,1018.905
1791274587.2932217,69.55013399359534,0.8460266301482413,0.8448313886542839,0.8476754564127295,20.32,1018.907
1791274618.639759,69.54728759335447,0.8439093919272534,0.845332592047688,0.8477900267139211,20.33,1018.906
1791274649.9812014,69.54757630048633,0.8445733052456437,0.8444289516797121,0.8480601003534934,20.32,1018.931
1791274681.3276432,69.5504133780672,0.8461855147108426,0.8447669759204063,0.8476804098225053,20.35,1018.932
1791274712.6601405,69.55592888523054,0.8469118953728169,0.8441541417911462,0.8478678739752253,20.38,1018.936
1791274744.0186868,69.55632016192628,0.8451083186666298,0.8449126803187622,0.8480158854855163,20.42,1018.936
1791274775.3551402,69.55305960312755,0.8442927699454932,0.8459230493448546,0.8485161148944107,20.42,1018.948
1791274806.7046452,69.55547107776236,0.8462326936283673,0.8450269563109645,0.8478179541629104,20.38,1018.948
1791274838.0522435,69.55035436954977,0.843869120038346,0.8464274741446426,0.8480122321851078,20.38,1018.948
1791274869.3996296,69.54742572728999,0.8439204023367027,0.8453847234665876,0.8481687294978503,20.38,1018.948
1791274900.728088,69.54709978883368,0.8445384510259955,0.844701420254153,0.8482844085389919,20.38,1018.953
1791274932.0656807,69.54810574761795,0.8447826608903969,0.8442796814982556,0.8481717507355783,20.39,1018.95
1791274963.3962212,69.54771613242643,0.844815019541574,0.8450098271373323,0.8485952221425931,20.42,1018.942
1791274994.7416747,69.54392322932063,0.8436631756919216,0.8455596272448213,0.848056647168521,20.39,1018.939
1791275026.0852156,69.54369708045317,0.8443296860299611,0.844442760463692,0.8475973788353749,20.39,1018.931
1791275057.4305885,69.54337530885732,0.8451387208966272,0.845299606694553,0.8481344226751513,20.4,1018.916
1791275088.7741764,69.54392492863445,0.8444289516797121,0.8441541417911462,0.848520986496345,20.36,1018.908
1791275120.0547884,69.54508926413136,0.8445733052456437,0.8439911374971903,0.8484816219175533,20.35,1018.892
1791275151.385017,69.54369982192455,0.8442981640734852,0.844992885176893,0.847482847380642,20.33,1018.889
1791275182.7315617,69.54750996351098,0.8443930133709735,0.8424879425777582,0.8484401263251182,20.33,1018.876
1791275214.0720954,69.5491018284934,0.8447985190095589,0.8440025865183449,0.8482063152373397,20.33,1018.863
1791275245.417521,69.5477965077392,0.8442927699454932,0.8449454303225944,0.8475445262038281,20.35,1018.856
1791275276.7640595,69.54606404774776,0.8444708371876795,0.845337067183403,0.8482034165660621,20.33,1018.852
1791275308.1005883,69.54882584685102,0.8447660554596402,0.8433851559080109,0.8480531663152113,20.33,1018.848
1791275339.4380186,69.54564842149932,0.8431295207052792,0.8447182333811296,0.8485952221425931,20.33,1018.841
1791275370.7615516,69.54480736634213,0.8452192438023699,0.845639771380967,0.8480972060472004,20.31,1018.841
1791275402.1110063,69.54380465373718,0.8445240564119404,0.8450254127144088,0.8477900267139211,20.29,1018.844
1791275433.4516382,69.54250871933864,0.8446371713336761,0.8452851385329475,0.8478267841575297,20.32,1018.84
1791275464.7959535,69.54564386392423,0.8449446566373913,0.8433770843446005,0.847482847380642,20.35,1018.843
1791275496.1404402,69.54703225758877,0.8465613093808045,0.8458671125485363,0.8481747479463894,20.32,1018.84
1791275527.492078,69.54703225758877,0.844442760463692,0.844442760463692,0.8482494502506478,20.31,1018.842
1791275558.8316128,69.54357180449946,0.8442167241695969,0.8459469507142463,0.8479047110777183,20.31,1018.838
1791275590.180038,69.54586772701167,0.8449446566373913,0.8437966953812922,0.8477120243708266,20.33,1018.841
1791275621.524528,69.54777219556142,0.8447182333811296,0.8437659991062527,0.8477900267139211,20.31,1018.833
1791275652.859084,69.54926786524824,0.8446371713336761,0.8438893364902665,0.8477854890859474,20.29,1018.826
1791275684.2094073,69.54757316604484,0.8447660554596402,0.845613405061342,0.8480905593294431,20.29,1018.823
1791275715.5521522,69.54841893283641,0.8444567214561667,0.8440338380603841,0.8483623454117365,20.29,1018.811
1791275746.8804986,69.54780181080221,0.845432141575779,0.8457407025928816,0.8479787163362592,20.29,1018.799
1791275778.2329888,69.54841800895588,0.8450907599672315,0.8447826608903969,0.8478636516587437,20.28,1018.783
1791275809.5586877,69.55032946199995,0.8457871151763177,0.8448313886542839,0.848056647168521,20.28,1018.775
1791275840.888878,69.55039508302217,0.845171531407735,0.8451387208966272,0.8479416583663566,20.31,1018.759
1791275872.24053,69.54961921220158,0.8449446566373913,0.845332592047688,0.8477120243708266,20.33,1018.746
1791275903.5890312,69.54929377625763,0.8442167241695969,0.8443794421415728,0.8484043853804795,20.32,1018.733
1791275934.9275382,69.5466840294108,0.8443479243229207,0.8456527977463332,0.8477168400341107,20.32,1018.721
1791275966.2848415,69.5451666595176,0.8444605588557762,0.8452192438023699,0.8485587050478874,20.32,1018.712
1791275997.6295788,69.54371436122399,0.8442667360300864,0.844992885176893,0.8484439806959672,20.32,1018.698
1791276028.9739864,69.54516726872602,0.845606328212213,0.8448798744612008,0.8476389974012157,20.28,1018.688
1791276060.3254285,69.5476784171583,0.844960454452228,0.8437048802360928,0.8483293701634181,20.28,1018.678
1791276091.6739826,69.54923823962784,0.8446692477250423,0.8438893364902665,0.8481717507355783,20.26,1018.659
1791276122.998476,69.54861832925457,0.8446027251321276,0.8449126803187622,0.8476234808768086,20.31,1018.647
1791276154.3359184,69.55070459930027,0.8451083186666298,0.8440651836437788,0.8483221873717424,20.29,1018.637
1791276185.6884334,69.55122450949189,0.8449613753499596,0.844701420254153,0.8478223868299095,20.29,1018.626
1791276217.0299852,69.55598366644574,0.8454793232920264,0.843099744815101,0.8483645925724737,20.26,1018.619
1791276248.3625672,69.55883367727104,0.8459809530518,0.8445559476391525,0.8481344226751513,20.31,1018.607
1791276279.703883,69.5561400664202,0.8439714285950886,0.8453182340205119,0.8477854890859474,20.32,1018.601
1791276311.0443795,69.55120555628933,0.844084606487794,0.8465518615532296,0.8480938959691268,20.29,1018.592
1791276342.3898172,69.5472824630739,0.8437454115131844,0.8457069581209009,0.8476704634330922,20.28,1018.582
1791276373.7363298,69.54588790950046,0.8441664627367275,0.8448637395234438,0.8477487017645684,20.29,1018.582
1791276405.083942,69.54656592402084,0.8446371713336761,0.8442981640734852,0.8478267841575297,20.26,1018.584
1791276436.4293919,69.5445621074195,0.8448313886542839,0.8458332969549599,0.8477900267139211,20.28,1018.581
1791276467.7739463,69.54501242216965,0.8444605588557762,0.8442354014806975,0.8486356352280717,20.25,1018.581
1791276499.1164668,69.54649556312346,0.8456862271142965,0.8449446566373913,0.8476804098225053,20.26,1018.577
1791276530.456902,69.54626860947808,0.8441159498586569,0.8442294266813491,0.8481687294978503,20.26,1018.581
1791276561.804341,69.5499713416833,0.8451235805586765,0.8432722144560616,0.8483246007906834,20.26,1018.588
1791276593.1438584,69.54818358712595,0.8441159498586569,0.8450098271373323,0.8479377188171052,20.28,1018.589
1791276624.492358,69.5533441450822,0.8462434546700501,0.8436631756919216,0.8484023028523062,20.32,1018.598
1791276655.8359184,69.55233988475615,0.8449771931289949,0.8454793232920264,0.8479416583663566,20.32,1018.595
1791276687.188443,69.55133539830325,0.8442481557548612,0.8447503989813135,0.8482120433200617,20.29,1018.599
1791276718.530995,69.55055875447262,0.8447503989813135,0.8451387208966272,0.8477900267139211,20.29,1018.599
1791276749.8684099,69.54955565534672,0.8446371713336761,0.8451387208966272,0.8480195096745416,20.29,1018.594
1791276781.2148306,69.54755491953054,0.8443794421415728,0.8453798100496664,0.8485193755624053,20.29,1018.588
1791276812.5614955,69.54849256035725,0.8448798744612008,0.8444110540478506,0.8476754564127295,20.32,1018.578
1791276843.9088588,69.54982048622323,0.8446861636592329,0.8440222007262461,0.8477900267139211,20.31,1018.576
1791276875.2502956,69.54865682396515,0.8444110540478506,0.844992885176893,0.848903562717909,20.28,1018.571
1791276906.5380142,69.54994863653616,0.8454128822059134,0.8447669759204063,0.8479824829890242,20.31,1018.559
1791276937.8613417,69.54774235093986,0.844053356917137,0.8451564997152882,0.8480972060472004,20.31,1018.557
1791276969.2047658,69.55223462817519,0.8454655240599345,0.8432193854422722,0.8477071701803492,20.31,1018.549
1791277000.5493555,69.54998728261114,0.8442610506845682,0.8453847234665876,0.8478593954943766,20.29,1018.547
1791277031.8967428,69.5508309866845,0.8445064585244715,0.844084606487794,0.8477854890859474,20.33,1018.537
1791277063.2402492,69.54943798491944,0.8442481557548612,0.8449446566373913,0.8482869692394263,20.33,1018.538
1791277094.5800357,69.55028002367777,0.8453656760165568,0.8449446566373913,0.8478267841575297,20.32,1018.53
1791277125.9142926,69.55044218094386,0.8448637395234438,0.8447826608903969,0.847555552581909,20.29,1018.53
1791277157.2588396,69.54882311156122,0.8441351219460703,0.8449446566373913,0.8477120243708266,20.29,1018.528
1791277188.6035225,69.54898247042921,0.8460266301482413,0.8459469507142463,0.8484816219175533,20.32,1018.519
1791277219.9508493,69.54781880817113,0.8444110540478506,0.844992885176893,0.8479824829890242,20.31,1018.52
1791277251.2923074,69.54244803262178,0.8437966953812922,0.8464820831559664,0.8477900267139211,20.29,1018.518
1791277282.6408844,69.54412747468385,0.8447182333811296,0.8438785123500934,0.8482120433200617,20.28,1018.517
1791277313.9882996,69.54328756081654,0.8444922602924214,0.8449122172260751,0.8482895095653192,20.28,1018.521
1791277345.344794,69.54438597624302,0.845299606694553,0.8447503989813135,0.8478311465667071,20.29,1018.524
1791277376.6782887,69.54240405175028,0.8444745618135622,0.8454655240599345,0.8477071701803492,20.28,1018.517
1791277408.021727,69.54263162378383,0.8448474753706418,0.8447336893538656,0.8481687294978503,20.29,1018.523
1791277439.3583024,69.54548617702912,0.8457069581209009,0.8442796814982556,0.847477082202768,20.28,1018.529
1791277470.7086318,69.54807627359013,0.8452044402077565,0.8439093919272534,0.8478267841575297,20.29,1018.519
1791277502.0592747,69.55008641093214,0.845171531407735,0.8441664627367275,0.8478636516587437,20.32,1018.525
1791277533.4186432,69.55193224203786,0.8450580374989352,0.8441351219460703,0.8477487017645684,20.36,1018.527
1791277564.744177,69.55209378491887,0.845171531407735,0.8450907599672315,0.8483269949782567,20.32,1018.526
1791277596.0899773,69.55041038525061,0.8450254127144088,0.8458671125485363,0.8477900267139211,20.33,1018.526
1791277627.424131,69.54934242307662,0.8445240564119404,0.8450580374989352,0.8481344226751513,20.35,1018.525
1791277658.7767398,69.54804832907904,0.8440222007262461,0.8446692477250423,0.8483269949782567,20.31,1018.529
1791277690.1202662,69.54604113117793,0.8441351219460703,0.8451387208966272,0.8478267841575297,20.32,1018.53
1791277721.4687157,69.54733228139607,0.8443296860299611,0.8436841109208953,0.8481344226751513,20.31,1018.537
1791277752.7991414,69.54684199793192,0.8450254127144088,0.8452705544464847,0.8477854890859474,20.29,1018.538
1791277784.1357567,69.54424150736965,0.843693871213178,0.8449941164943167,0.8480531663152113,20.31,1018.533
1791277815.486256,69.54469779243321,0.845189517881743,0.8449613753499596,0.8480905593294431,20.32,1018.535
1791277846.8287191,69.54375504021054,0.8445384510259955,0.8450098271373323,0.8482091907297016,20.31,1018.531
1791277878.1761177,69.54326997302647,0.8448961873045895,0.8451387208966272,0.848056647168521,20.29,1018.537
1791277909.5147855,69.54058531035955,0.8444110540478506,0.8457533853813142,0.8483269949782567,20.33,1018.531
1791277940.8701775,69.54003613602958,0.8449446566373913,0.8452192438023699,0.8476754564127295,20.31,1018.527
1791277972.2276163,69.5404240232572,0.8447991342635853,0.8446051906497801,0.8482895095653192,20.31,1018.529
1791278003.5483704,69.54249318471958,0.845639771380967,0.8446051906497801,0.8479824829890242,20.32,1018.527
1791278034.8987057,69.54456493863083,0.8461745978522515,0.8451387208966272,0.8482120433200617,20.32,1018.522
1791278066.244106,69.54909000718959,0.845332592047688,0.8430700577683055,0.8484043853804795,20.32,1018.52
1791278097.6207283,69.54592935906747,0.8446051906497801,0.8461855147108426,0.8483269949782567,20.28,1018.513
1791278128.9660816,69.54331793396514,0.8441541417911462,0.845459854342311,0.8480231050987644,20.31,1018.516
1791278160.3127818,69.54489914719969,0.845459854342311,0.8446692477250423,0.8483269949782567,20.32,1018.509
1791278191.657121,69.54259422704465,0.8442796814982556,0.845432141575779,0.8477071701803492,20.31,1018.51
1791278222.9845364,69.5417496792259,0.8445064585244715,0.844928732433846,0.848517751746804,20.28,1018.512
1791278254.3291142,69.54298330675861,0.8443930133709735,0.8437761996046147,0.8480938959691268,20.29,1018.513
1791278285.6716216,69.54366427054973,0.8452851385329475,0.8449446566373913,0.8484420611927729,20.33,1018.507
1791278317.013149,69.5480658168105,0.8462541300475255,0.844053356917137,0.8479047110777183,20.35,1018.505
1791278348.3606522,69.54907107944138,0.8449771931289949,0.8444745618135622,0.848479849812413,20.33,1018.501
1791278379.703103,69.54890910009543,0.8447503989813135,0.8448313886542839,0.8485193755624053,20.33,1018.493
1791278411.0427668,69.5472910303621,0.8443296860299611,0.8451387208966272,0.8488267078047487,20.33,1018.49
1791278442.3721375,69.54635462569159,0.8446051906497801,0.8450733929850365,0.8483668218711535,20.33,1018.48
1791278473.7095563,69.54690497076064,0.8444605588557762,0.8441853863212574,0.8483668218711535,20.35,1018.466
1791278505.052082,69.54567686445546,0.8449122172260751,0.8455262703786649,0.8485965361416142,20.33,1018.467
1791278536.400591,69.54583773533948,0.8451864436767581,0.8451060082347494,0.8483668218711535,20.36,1018.454
1791278567.7422223,69.54169796375444,0.8442981640734852,0.8463680498660011,0.8477900267139211,20.36,1018.445
1791278599.0947146,69.54056423618101,0.8442481557548612,0.844815019541574,0.8487107097354857,20.36,1018.44
1791278630.4441562,69.53932875719059,0.8447336893538656,0.8453514288490743,0.8481312565775138,20.32,1018.432
1791278661.7655742,69.53939366884872,0.8448474753706418,0.844815019541574,0.8482091907297016,20.35,1018.426
1791278693.0970933,69.54036689177335,0.8450425591014701,0.8445559476391525,0.8484023028523062,20.32,1018.413
1791278724.3875606,69.54198565472818,0.8452521419411063,0.844442760463692,0.8478267841575297,20.31,1018.411
1791278755.7361677,69.54114369660867,0.844442760463692,0.8448637395234438,0.8479416583663566,20.29,1018.403
1791278787.073633,69.54260093176342,0.8448637395234438,0.8441351219460703,0.8479416583663566,20.31,1018.393
1791278818.4280186,69.54127758861377,0.8449446566373913,0.845606328212213,0.8476754564127295,20.28,1018.382
1791278849.7615125,69.54189164176636,0.8449122172260751,0.8446051906497801,0.8480601003534934,20.32,1018.377
1791278881.117058,69.54134403813651,0.8451060082347494,0.8453798100496664,0.8478678739752253,20.28,1018.37
1791278912.446618,69.54273118588276,0.8457995821078724,0.8451060082347494,0.8482521358323303,20.28,1018.367
1791278943.7901518,69.54764361110348,0.8473684298364345,0.8449122172260751,0.8482120433200617,20.31,1018.358
1791278975.1325054,69.55055071061298,0.8455262703786649,0.8440727206239128,0.8486735433888136,20.35,1018.357
1791279006.4750972,69.55424237282445,0.8459809530518,0.8441351219460703,0.8483645925724737,20.33,1018.352
1791279037.8265936,69.55326962490167,0.8442796814982556,0.8447660554596402,0.8480531663152113,20.35,1018.344
1791279069.1689374,69.5533341768164,0.844684472210804,0.8446521962534344,0.8480158854855163,20.33,1018.338
1791279100.4996378,69.55170620102187,0.844147387452693,0.8449613753499596,0.8477439872186862,20.31,1018.338
1791279131.8460748,69.54829248896496,0.8436113779920565,0.8453182340205119,0.8486715245082617,20.32,1018.334
1791279163.2016137,69.54712718446353,0.844442760463692,0.8450254127144088,0.8483269949782567,20.33,1018.324
1791279194.5441117,69.54660784889992,0.8451060082347494,0.8453656760165568,0.8481747479463894,20.35,1018.32
1791279225.8715045,69.5461559027225,0.8444922602924214,0.8447182333811296,0.8480972060472004,20.36,1018.315
1791279257.215979,69.54470087484307,0.8441038747145714,0.8448313886542839,0.8479047110777183,20.35,1018.313
1791279288.567625,69.54453953894144,0.8449122172260751,0.844992885176893,0.8480972060472004,20.36,1018.307
1791279319.9109545,69.54470072998211,0.8451060082347494,0.8450254127144088,0.8485965361416142,20.38,1018.308
1791279351.25348,69.54331189789256,0.8446051906497801,0.845299606694553,0.8481747479463894,20.35,1018.307
1791279382.5941207,69.5412486544232,0.8448476279115043,0.8458792496461889,0.8481375636313371,20.32,1018.3
1791279413.9425936,69.53934693768329,0.8444289516797121,0.8453798100496664,0.8483293701634181,20.33,1018.309
1791279445.2809277,69.5436551757998,0.8471470042351468,0.844992885176893,0.8482920297588764,20.33,1018.305
1791279476.633616,69.54527663658433,0.8449771931289949,0.8441664627367275,0.8479787163362592,20.33,1018.311
1791279507.9592361,69.54621813829212,0.8452044402077565,0.8447336893538656,0.8483246007906834,20.32,1018.318
1791279539.2944968,69.54433898093869,0.8443930133709735,0.845332592047688,0.8481312565775138,20.31,1018.317
1791279570.6380968,69.54550312587608,0.8452192438023699,0.8446371713336761,0.8485965361416142,20.35,1018.327
1791279601.9774802,69.54611779036077,0.8448313886542839,0.8445240564119404,0.8491340400470921,20.36,1018.327
1791279633.3229012,69.54521061309366,0.8446371713336761,0.8450907599672315,0.8485572421349391,20.36,1018.332
1791279664.6665142,69.54297557257027,0.8442481557548612,0.8453656760165568,0.8484420611927729,20.38,1018.336
1791279696.015076,69.54498109229814,0.8464820831559664,0.8454793232920264,0.8486344802819717,20.4,1018.34
1791279727.3544917,69.54251998415717,0.844442760463692,0.8456733145341785,0.8481344226751513,20.38,1018.339
1791279758.7038736,69.54575651102765,0.8457533853813142,0.8441351219460703,0.8480195096745416,20.39,1018.344
1791279790.0325332,69.544529015143,0.8444922602924214,0.8451060082347494,0.8484043853804795,20.36,1018.342
1791279821.368846,69.5426252822558,0.8441541417911462,0.8451060082347494,0.8480601003534934,20.38,1018.337
1791279852.7094188,69.54249828714347,0.8444605588557762,0.8445240564119404,0.8484420611927729,20.36,1018.335
1791279884.0610404,69.5435021601297,0.8453656760165568,0.8448637395234438,0.8489419655856868,20.35,1018.331
1791279915.408509,69.54087597025084,0.8445879344014224,0.8459010293408528,0.848479849812413,20.32,1018.322
1791279946.7447803,69.54194802522056,0.8452374477390131,0.844701420254153,0.8480158854855163,20.31,1018.318
1791279978.0954719,69.5447061933788,0.8452374477390131,0.8438583636598929,0.8477854890859474,20.31,1018.311
1791280009.4418893,69.54655478783981,0.8453988590440662,0.8444745618135622,0.8479787163362592,20.32,1018.3
1791280040.7834485,69.54538594168166,0.8446200171286791,0.8452044402077565,0.8480158854855163,20.32,1018.285
1791280072.1298919,69.54668279628068,0.8455930839369,0.8449446566373913,0.8485572421349391,20.35,1018.281
1791280103.4763105,69.54768451160919,0.8455262703786649,0.8450254127144088,0.8477900267139211,20.35,1018.271
1791280134.8239589,69.54846006131643,0.8451060082347494,0.8447182333811296,0.8482895095653192,20.36,1018.257
1791280166.1674335,69.54684575364186,0.8440727206239128,0.8448798744612008,0.8492869864241337,20.38,1018.247
1791280197.5079515,69.54416482066384,0.8446861636592329,0.8460266301482413,0.8477533788358335,20.36,1018.241
1791280228.836316,69.543871927775,0.845299606694553,0.8454460531389707,0.8480972060472004,20.38,1018.233
1791280260.1849399,69.54432432378401,0.8448313886542839,0.8446051906497801,0.8482120433200617,20.36,1018.227
1791280291.4744766,69.54493776681933,0.844992885176893,0.8446861636592329,0.8480601003534934,20.33,1018.217
1791280322.824927,69.54448446913003,0.8448313886542839,0.8450580374989352,0.8481344226751513,20.33,1018.215
1791280354.1643248,69.54503693783816,0.8446692477250423,0.8443930133709735,0.8487496997103945,20.33,1018.21
1791280385.5158784,69.54425764279931,0.8443930133709735,0.8447826608903969,0.8480938959691268,20.33,1018.19
1791280416.8443127,69.54471245863999,0.8455930839369,0.8453656760165568,0.8483645925724737,20.33,1018.19
1791280448.183946,69.54471245863999,0.8450254127144088,0.8450254127144088,0.8480195096745416,20.36,1018.189
1791280479.5285318,69.54561879456415,0.8454460531389707,0.844992885176893,0.8479824829890242,20.38,1018.174
1791280510.819936,69.54523113238822,0.8450254127144088,0.8452192438023699,0.8490187440470378,20.36,1018.171
1791280542.1653826,69.54820851790699,0.8459809530518,0.8444922602924214,0.8482895095653192,20.38,1018.17
1791280573.51296,69.55098865820122,0.8457197561770773,0.8443296860299611,0.8484816219175533,20.36,1018.157
1791280604.8604167,69.55144256844108,0.8453656760165568,0.8451387208966272,0.8477900267139211,20.35,1018.152
1791280636.2078183,69.54921282696596,0.8439911374971903,0.8451060082347494,0.8484816219175533,20.36,1018.147
1791280667.5496094,69.54675783519664,0.8438785123500934,0.8451060082347494,0.8484816219175533,20.38,1018.134
1791280698.8888102,69.54675783519664,0.8449122172260751,0.8449122172260751,0.8480972060472004,20.36,1018.127
1791280730.2333517,69.54362281805129,0.8443794421415728,0.8459469507142463,0.8481747479463894,20.33,1018.122
1791280761.574101,69.54132703992032,0.8442981640734852,0.8454460531389707,0.8482120433200617,20.33,1018.116
1791280792.9283571,69.54009587238315,0.8448637395234438,0.8454793232920264,0.8487496997103945,20.36,1018.108
1791280824.2818532,69.5394815137166,0.8444110540478506,0.8447182333811296,0.8479047110777183,20.33,1018.102
1791280855.6253872,69.5397082900621,0.8455262703786649,0.8454128822059134,0.848903562717909,20.36,1018.094
1791280886.949866,69.54177517019077,0.8454128822059134,0.8443794421415728,0.8485965361416142,20.38,1018.091
1791280918.2973864,69.5418404006902,0.8451060082347494,0.8450733929850365,0.8481747479463894,20.38,1018.092
1791280949.6288674,69.542000662063,0.8454930128923154,0.8454128822059134,0.8485965361416142,20.38,1018.079
1791280980.9732652,69.54222705303967,0.8450254127144088,0.8449122172260751,0.8479824829890242,20.39,1018.081
1791281012.3158333,69.54329231458796,0.845299606694553,0.8447669759204063,0.8485587050478874,20.36,1018.075
1791281043.6592963,69.54658114630007,0.8453798100496664,0.8437353941936135,0.8486356352280717,20.35,1018.078
1791281075.0099137,69.54545287922785,0.8446223101406495,0.8451864436767581,0.8481004898795751,20.35,1018.083
1791281106.3624804,69.54845480057516,0.8461061513234297,0.8446051906497801,0.8484816219175533,20.38,1018.084
1791281137.700897,69.55107083633281,0.8470614032601395,0.8457533853813142,0.8485965361416142,20.4,1018.082
1791281169.050469,69.5481328763533,0.8446371713336761,0.8461061513234297,0.8482895095653192,20.38,1018.085
1791281200.3938148,69.54529229181651,0.8440727206239128,0.8454930128923154,0.8476389974012157,20.38,1018.081
1791281231.7373579,69.5407666122298,0.8436841109208953,0.8459469507142463,0.8490187440470378,20.39,1018.077
1791281263.0878904,69.53670005543498,0.8443794421415728,0.846412720538987,0.8486356352280717,20.39,1018.073
1791281294.4353812,69.53592482709742,0.8444922602924214,0.8448798744612008,0.8484816219175533,20.35,1018.069
1791281325.7868853,69.53653766122667,0.8456862271142965,0.8453798100496664,0.8481375636313371,20.36,1018.065
1791281357.1352658,69.53815036653286,0.8456862271142965,0.8448798744612008,0.8487503977605974,20.33,1018.059
1791281388.4818618,69.54305791081542,0.845606328212213,0.8431525560709326,0.8478678739752253,20.38,1018.063
1791281419.826411,69.5456685830129,0.8464917797754963,0.8451864436767581,0.8490568148252274,20.38,1018.055
1791281451.1727383,69.54605523607658,0.8452667195168817,0.8450733929850365,0.8486356352280717,20.39,1018.053
1791281482.5172489,69.54537582233499,0.844992885176893,0.845332592047688,0.8484439806959672,20.39,1018.052
1791281513.8618097,69.54583143285778,0.8465613093808045,0.8463335041194053,0.8483269949782567,20.38,1018.045
1791281545.2043402,69.54276726221148,0.8447669759204063,0.8462990612435567,0.8485587050478874,20.36,1018.041
1791281576.5540051,69.5417676953364,0.8451864436767581,0.8456862271142965,0.8480231050987644,20.38,1018.041
1791281607.8982701,69.54360619772419,0.8456862271142965,0.8447669759204063,0.8483293701634181,20.35,1018.028
1791281639.2308698,69.53932061270854,0.8448476279115043,0.846990420419328,0.848520986496345,20.36,1018.03
1791281670.572338,69.54048081151782,0.8455729845815353,0.844992885176893,0.8490568148252274,20.39,1018.015
1791281701.9168167,69.54038740958305,0.8455596272448213,0.845606328212213,0.8482120433200617,20.39,1018.017
1791281733.2502925,69.53848056459553,0.8448798744612008,0.8458332969549599,0.8481747479463894,20.39,1018.012
1791281764.578873,69.53938477953307,0.8450254127144088,0.8445733052456437,0.8480601003534934,20.39,1018.013
1791281795.919202,69.53493469204224,0.8442667360300864,0.8464917797754963,0.8488270997117484,20.36,1018.003
1791281827.2617626,69.5359352520773,0.8451864436767581,0.8446861636592329,0.8488652742634447,20.33,1018.001
1791281858.6096,69.53661331670598,0.8451060082347494,0.8447669759204063,0.8484816219175533,20.36,1017.997
1791281889.9558227,69.53706606224995,0.8456862271142965,0.845459854342311,0.8486356352280717,20.38,1017.999
1791281921.3044384,69.53806593342688,0.8453798100496664,0.8448798744612008,0.8486735433888136,20.39,1017.994
1791281952.6288257,69.5369979427888,0.845606328212213,0.8461403235312547,0.8488652742634447,20.38,1017.989
1791281983.9741917,69.53890515823227,0.845639771380967,0.8446861636592329,0.8481747479463894,20.35,1017.984
1791282015.3156607,69.54180908210398,0.8461061513234297,0.8446541893875744,0.8488652742634447,20.39,1017.981
1791282046.6672287,69.54242161223328,0.8452667195168817,0.844960454452228,0.8490568148252274,20.38,1017.972
1791282078.0028465,69.54425738133321,0.846876643812954,0.8459587592629884,0.8483293701634181,20.39,1017.959
1791282109.342283,69.54548304959172,0.8456862271142965,0.8450733929850365,0.8489419002927253,20.39,1017.956
1791282140.6826258,69.5433473846982,0.844992885176893,0.8460607176236576,0.8488652742634447,20.38,1017.942
1791282172.0302582,69.54364152437952,0.8458332969549599,0.8456862271142965,0.8483293701634181,20.38,1017.93
1791282203.3736665,69.54212292092983,0.844960454452228,0.8457197561770773,0.8488652742634447,20.39,1017.917
1791282234.7192788,69.5437339471408,0.8457659675577144,0.844960454452228,0.8487503977605974,20.38,1017.905
1791282266.0647218,69.54312263000125,0.8445098185785117,0.844815477148283,0.8482920297588764,20.38,1017.889
1791282297.410234,69.54250949157013,0.8451864436767581,0.8454930128923154,0.8485587050478874,20.39,1017.872
1791282328.6906028,69.5407373053771,0.8448798744612008,0.8457659675577144,0.8485587050478874,20.35,1017.861
1791282360.0372736,69.53928711968773,0.8450408747130226,0.8457659675577144,0.8485978397270619,20.38,1017.847
1791282391.3656335,69.53583751197755,0.8447669759204063,0.8464917797754963,0.8484439806959672,20.38,1017.834
1791282422.7102304,69.53828278053572,0.8457324528575965,0.8445098185785117,0.848674540841093,20.38,1017.823
1791282454.0437398,69.53914706120509,0.8458119503843493,0.8453798100496664,0.8487124129128857,20.33,1017.813
1791282485.3890214,69.5370815445283,0.8450733929850365,0.8461061513234297,0.8487503977605974,20.35,1017.806
1791282516.7437985,69.54136925543345,0.8455729845815353,0.8434291291289598,0.8484064513962304,20.35,1017.789
1791282548.0882893,69.54587996648188,0.8466843072039246,0.8444289516797121,0.8490183744295409,20.38,1017.785
1791282579.4176676,69.54526834654551,0.8458455500133918,0.8461513599815774,0.8487124129128857,20.38,1017.775
1791282610.7600555,69.54359204515332,0.8452339300770207,0.8460720807731178,0.8485978397270619,20.4,1017.767
1791282642.1049616,69.54252646548008,0.845459854342311,0.8459926441789266,0.8481375636313371,20.42,1017.758
1791282673.445011,69.53968877989931,0.8441541417911462,0.8455729845815353,0.8487503977605974,20.4,1017.752
1791282704.7855592,69.53891709950095,0.8449281201088351,0.8453139603080112,0.848789038555308,20.43,1017.741
1791282736.136089,69.53634354087363,0.8443660184326739,0.8456527977463332,0.8487124129128857,20.42,1017.729
1791282767.4916701,69.53695516081,0.8449281201088351,0.8446223101406495,0.8484064513962304,20.42,1017.714
1791282798.8470967,69.5375019821411,0.845459854342311,0.8451864436767581,0.8484833799855368,20.4,1017.697
1791282830.1726463,69.53650279894809,0.8450733929850365,0.8455729845815353,0.8488652742634447,20.38,1017.682
1791282861.517029,69.5358267504667,0.8444289516797121,0.8447669759204063,0.8483293701634181,20.4,1017.676
1791282892.85764,69.53984767444392,0.8464571699497629,0.8444467079611521,0.8483317265715034,20.46,1017.659
1791282924.2059848,69.54005228037506,0.8463539548778419,0.8462516519122695,0.8489417712492302,20.49,1017.648
1791282955.544558,69.54398040592571,0.8472738289830227,0.8453097662077033,0.8493966239386179,20.52,1017.635
1791282986.890156,69.54733289075942,0.8467799834499824,0.8451037410331229,0.8488278742722098,20.53,1017.619
1791283018.2396383,69.54672578151177,0.8456785430554093,0.845982097679236,0.8491315782168677,20.57,1017.605
1791283049.5752842,69.54611837362245,0.8454871308809748,0.8457908348256326,0.8489417712492302,20.57,1017.596
1791283080.9206097,69.5434669876218,0.8454542904496556,0.8467799834499824,0.8495106324977828,20.62,1017.589
1791283112.2581253,69.54225515239804,0.84583639561944,0.8464423132313198,0.8494719012907186,20.6,1017.583
1791283143.6055756,69.54104391153105,0.8457243568766029,0.8463299773101013,0.8493580794775937,20.63,1017.575
1791283174.9520743,69.54301667637459,0.8471257368471509,0.8461393544253799,0.8496608896943428,20.63,1017.565
1791283206.2856061,69.54655557456805,0.8464423132313198,0.8446728641345894,0.8491307704734182,20.69,1017.564
1791283237.6430666,69.54557049798366,0.8459936297304407,0.8464861680226337,0.849508341169374,20.69,1017.567
1791283268.9844522,69.54518948301518,0.8458031222461982,0.8459936297304407,0.8494332839486202,20.69,1017.563
1791283300.3280241,69.54057691060825,0.8450865337631891,0.8473928199666557,0.8496608896943428,20.69,1017.559
1791283331.66758,69.53613510988822,0.8460050717710913,0.8482259721311047,0.8494313013398802,20.69,1017.551
1791283363.0169926,69.53417715540967,0.8458604599953161,0.8468394372345971,0.8499204807205375,20.65,1017.55
1791283394.3625677,69.53516148731936,0.8462621125038341,0.845769946548987,0.849619295416734,20.65,1017.537
1791283425.7159216,69.53638897324456,0.8473156896222074,0.8467019466596057,0.8496608896943428,20.6,1017.523
1791283457.0425713,69.5367063588896,0.8460042428359144,0.8458455500133918,0.8493227610491799,20.6,1017.503
1791283488.3899138,69.53595710921043,0.845606328212213,0.8459809530518,0.8495569361931169,20.6,1017.489
1791283519.7173948,69.53657423124463,0.8463578246270865,0.8460492636099841,0.8493275235018446,20.6,1017.473
1791283551.0489316,69.53881529359691,0.8460492636099841,0.844928732433846,0.8492507467061845,20.57,1017.457
1791283582.385403,69.53696300176591,0.8452374477390131,0.8461635936545142,0.8492507467061845,20.63,1017.442
1791283613.7318974,69.5448324850963,0.8455797335430099,0.8416449918778218,0.8488647918510441,20.62,1017.43
1791283645.0774379,69.54558146611501,0.8460607176236576,0.8456862271142965,0.849210589294204,20.63,1017.416
1791283676.4179587,69.54335752666336,0.8453798100496664,0.8464917797754963,0.8494784126945591,20.63,1017.404
1791283707.7573779,69.54165998785373,0.8458792496461889,0.8467280190510019,0.849248165357379,20.66,1017.395
1791283739.111049,69.53990114111913,0.8455531033846242,0.8464325267519254,0.8494740546507035,20.7,1017.381
1791283770.450516,69.54019547874522,0.8465454115279941,0.846398242714948,0.8496637864451114,20.67,1017.372
1791283801.7969575,69.54207993994073,0.8474283986203921,0.8464861680226337,0.8496220135994468,20.69,1017.368
1791283833.142388,69.54110159029914,0.845527250030122,0.846016424850924,0.8498036806751792,20.66,1017.353
1791283864.522951,69.54060191362144,0.8465732367350662,0.8468230750739096,0.8495832515719062,20.67,1017.346
1791283895.8674786,69.53840480026446,0.8463539548778419,0.847452511556336,0.8500426900508409,20.66,1017.337
1791283927.195989,69.53403329228014,0.8455262703786649,0.8477120243708266,0.8498606954866863,20.66,1017.327
1791283958.5345006,69.53133814162918,0.8455126931109234,0.8468602684364089,0.849635930385024,20.66,1017.316
1791283989.8828676,69.528183123907,0.8458209460140904,0.8473984548751823,0.8498282337552611,20.67,1017.31
1791284021.2233763,69.52804671900594,0.8458084960131929,0.8458766984637236,0.8497153995152184,20.63,1017.298
1791284052.5728512,69.52850556808288,0.845207703812386,0.8449782792739163,0.8494873398785805,20.59,1017.291
1791284083.9093792,69.5280437464741,0.8463371268768708,0.8465680376812601,0.8491365614106579,20.56,1017.276
1791284115.1959305,69.52781311455112,0.8459453136574886,0.8460606296189794,0.8493702957882324,20.57,1017.275
1791284146.5453813,69.52592088760998,0.8454713026506926,0.8464174161212602,0.8492151991512288,20.57,1017.268
1791284177.887896,69.52829896123413,0.8465072708325855,0.8453182340205119,0.8492507467061845,20.57,1017.261
1791284209.224365,69.53385305954197,0.8466663856441891,0.8438893364902665,0.8493275235018446,20.53,1017.251
1791284240.5739255,69.53554072550706,0.8463231562745702,0.8454793232920264,0.8488263127639065,20.5,1017.241
1791284271.9222999,69.53699834772844,0.8459809530518,0.8452521419411063,0.8491728259035216,20.49,1017.232
1791284303.2676759,69.53755009030647,0.8459230493448546,0.8456471780558414,0.8494434347981115,20.49,1017.219
1791284334.6112974,69.53778017583763,0.8456339516456027,0.8455189088800258,0.8490198707671163,20.47,1017.206
1791284365.942706,69.53801064414395,0.8456679434098596,0.8455527092566973,0.8492928257656951,20.5,1017.197
1791284397.2832859,69.53840409002414,0.8458987612809757,0.8457020383408796,0.8489032077761841,20.47,1017.183
1791284428.632849,69.53771272832114,0.8449623139402325,0.8453079947917354,0.8492546971143149,20.47,1017.174
1791284459.9730628,69.53567398263955,0.8451106735771163,0.8461300464179075,0.8486297669750335,20.44,1017.161
1791284491.3225753,69.53629986304924,0.8455390327407407,0.8452260925359013,0.8485512719027575,20.42,1017.142
1791284522.647156,69.53955857948658,0.8463618002409858,0.8447324420223156,0.8490988154123776,20.43,1017.134
1791284553.9915168,69.53995105383957,0.8452891709272394,0.8450929337507433,0.848514464847594,20.49,1017.117
1791284585.338189,69.54621846274237,0.8458766984637236,0.8427429940123203,0.84890329758346,20.5,1017.114
1791284616.6774368,69.54520837140049,0.844684472210804,0.845189517881743,0.8491357142085527,20.44,1017.1
1791284648.0270686,69.54356521502118,0.8458889126395351,0.8467104908291915,0.8493275235018446,20.46,1017.091
1791284679.3665733,69.53964402833829,0.8446521962534344,0.8466127895948791,0.8492128757361666,20.46,1017.083
1791284710.7169518,69.54003763844004,0.8461300464179075,0.8459332413670336,0.8490981151641882,20.42,1017.071
1791284742.0586536,69.53739415062451,0.8451106735771163,0.8464324174848847,0.848864053568725,20.4,1017.068
1791284773.408027,69.53739415062451,0.8468267196557492,0.8468267196557492,0.8492163750050645,20.42,1017.061
1791284804.7525635,69.5378566950639,0.8456547274627773,0.8454234552430836,0.8490206371663036,20.4,1017.054
1791284836.0870094,69.53762602397848,0.8447154307492499,0.8448307662919615,0.8483554945842944,20.4,1017.044
1791284867.4254086,69.5390447982778,0.8451440240571833,0.8444346369075237,0.8485898594746212,20.38,1017.042
1791284898.7499716,69.54194950193285,0.8463160927320609,0.8448637409045334,0.8491382764688667,20.36,1017.033
1791284930.0974295,69.54406479989932,0.8465488605199103,0.8454912115366741,0.8484322294603762,20.39,1017.027
1791284961.4368174,69.54429585595183,0.8448637409045334,0.8447482128782801,0.8482356944827666,20.4,1017.021
1791284992.7853289,69.54304218880294,0.8446328021451946,0.8452596357196388,0.8483938035918596,20.42,1017.019
1791285024.1278455,69.54617317784803,0.8469071230808138,0.8453416285582681,0.8487072203790816,20.42,1017.015
1791285055.4783728,69.545151135594,0.8445175085267399,0.845028529653759,0.8485898594746212,20.44,1017.015
1791285086.810838,69.5478848609948,0.8458519729455799,0.8444851102451815,0.8486684347891336,20.47,1017.012
1791285118.161319,69.5473900930065,0.8446328021451946,0.8448801861393443,0.8487468509558758,20.44,1017.012
1791285149.504947,69.54613769738846,0.8459678263672865,0.8465940241763047,0.8481595186988503,20.46,1017.003
1791285180.8513412,69.54468081359991,0.8445500055884633,0.8452784474827376,0.8483123366723408,20.46,1016.997
1791285212.1798043,69.54365320638252,0.8457101741086658,0.846223977717361,0.8481150381866077,20.46,1016.994
1791285243.528246,69.5401059608794,0.8439021136190691,0.8456757363706242,0.8483123366723408,20.42,1016.984
1791285274.8669205,69.53679561068131,0.8443006030657885,0.8459557781648371,0.8481563984053162,20.4,1016.987
1791285306.2142675,69.53451293409373,0.8443839065644949,0.8455252448582884,0.8484707727253845,20.39,1016.979
1791285337.5550013,69.53623069265396,0.8450951495525098,0.844236270272393,0.8481183346369653,20.35,1016.973
1791285368.9042428,69.5337208101254,0.844236270272393,0.8454912115366741,0.8483148293813062,20.36,1016.975
1791285400.2358134,69.53378828264844,0.8453753648197924,0.8453416285582681,0.8482766017093996,20.36,1016.975
1791285431.574459,69.53339307364628,0.8451440240571833,0.8453416285582681,0.8484726176033595,20.38,1016.967
1791285462.920779,69.53339307364628,0.8443193853579726,0.8443193853579726,0.8480803868046375,20.36,1016.963
1791285494.259325,69.5368204184944,0.8460837973528481,0.844370124928788,0.8481595186988503,20.36,1016.96
1791285525.60478,69.53869615822029,0.8462458646546828,0.8453079947917354,0.8479257085708228,20.33,1016.952
1791285556.9471831,69.53909046836819,0.8448473199006032,0.8446501648266515,0.8482004944344717,20.33,1016.951
1791285588.297638,69.5407788726766,0.8442233371505138,0.8433791349963063,0.8481216043805775,20.33,1016.945
1791285619.6282809,69.54401820833965,0.8462349656964993,0.844615297864975,0.8485884914875286,20.36,1016.941
1791285650.9676087,69.54196471446359,0.8439859082666018,0.8450126552046318,0.8483916354552148,20.39,1016.932
1791285682.3101878,69.53907423182682,0.844615297864975,0.8460605391833597,0.848981831735771,20.38,1016.921
1791285713.6606681,69.53764589561338,0.8443653305586625,0.8450794986653807,0.8483894495642583,20.35,1016.917
1791285745.0022123,69.53526467867161,0.8443006030657885,0.8454912115366741,0.8482356944827666,20.39,1016.919
1791285776.3416696,69.53305910980384,0.8444023318447408,0.8455051162786259,0.8485898594746212,20.38,1016.907
1791285807.6921048,69.53039129967523,0.8444023318447408,0.8457362369090511,0.8483554945842944,20.39,1016.902
1791285839.0197458,69.53413898381562,0.8466389593759767,0.8447651173057827,0.8481216043805775,20.42,1016.887
1791285870.364033,69.53430182433861,0.8457020383408796,0.8456206180793846,0.8483173019053927,20.42,1016.884
1791285901.6925964,69.53492738767055,0.8457362369090511,0.8454234552430836,0.848042554379455,20.42,1016.872
1791285932.9701667,69.53555295100249,0.8457362369090511,0.8454234552430836,0.8483554945842944,20.42,1016.857
1791285964.2956305,69.54077637846783,0.8465230595081379,0.8439113457754691,0.8483173019053927,20.4,1016.846
1791285995.641143,69.53982459743126,0.8444206082264676,0.844896498744746,0.8481248477406893,20.42,1016.843
1791286026.9926379,69.53647736536745,0.8439943273779483,0.8456679434098596,0.8479297443060345,20.42,1016.833
1791286058.3339756,69.53536066295595,0.8445677210697036,0.8451260722754519,0.8481216043805775,20.46,1016.827
1791286089.6776345,69.53420337016412,0.845028529653759,0.8456071760496773,0.8483554945842944,20.43,1016.826
1791286121.0281456,69.53270659098652,0.8456279712346518,0.8463763608234488,0.8480353351469727,20.39,1016.811
1791286152.3815026,69.53740529264599,0.8453608810867267,0.8430115302569919,0.848038959459585,20.39,1016.794
1791286183.7099288,69.5399785105376,0.8456889407905486,0.8444023318447408,0.8480803868046375,20.39,1016.793
1791286215.0524921,69.53770852783792,0.844370124928788,0.8455051162786259,0.8478089810929283,20.35,1016.793
1791286246.395916,69.53685464044874,0.8440258665994893,0.8444528102940837,0.8485128014461707,20.38,1016.786
1791286277.7453825,69.53302274057215,0.8438799958174151,0.8457959457557102,0.8483980874604702,20.35,1016.783
1791286309.0700936,69.53387508585811,0.8463371268768708,0.8459109542338855,0.8483980874604702,20.35,1016.784
1791286340.3983855,69.53681655770292,0.8451744753901602,0.8437037394677555,0.84890329758346,20.33,1016.774
1791286371.7429612,69.5365221929674,0.844749316376981,0.844896498744746,0.8480871958071471,20.33,1016.77
1791286403.0835252,69.5357390828453,0.8448310804443454,0.8452226355053968,0.8482440143062449,20.29,1016.761
1791286434.4128401,69.53316885812607,0.8442610506845682,0.8455461630441802,0.849057865820327,20.31,1016.748
1791286465.7653625,69.53232392098134,0.8453182340205119,0.8457407025928816,0.8488263127639065,20.32,1016.739
1791286497.1031322,69.53394956743341,0.8456602985966788,0.8448474753706418,0.8483623454117365,20.36,1016.736
1791286528.4464612,69.53574529079113,0.8456471780558414,0.844749316376981,0.8487089791137933,20.36,1016.728
1791286559.8009484,69.53528614372972,0.844896498744746,0.8451260722754519,0.8482412634205437,20.32,1016.716
1791286591.1233616,69.53646405980643,0.845715030313807,0.8451260722754519,0.8483980874604702,20.33,1016.709
1791286622.4638705,69.53607174972794,0.8448637402073852,0.8450598952466306,0.8478551050734778,20.35,1016.706
1791286653.8122885,69.54148060906132,0.8439828147588586,0.8412783850921651,0.8484002036129557,20.33,1016.692
1791286685.1487944,69.54216356940876,0.8451564997152882,0.844815019541574,0.8485557675063978,20.35,1016.687
1791286716.5082648,69.54014970501476,0.844311301823512,0.8453182340205119,0.8482091907297016,20.36,1016.682
1791286747.8509336,69.53575708228979,0.8438070801110525,0.8460033914735348,0.8485557675063978,20.35,1016.683
1791286779.2082317,69.53419713546508,0.8454181183237008,0.8461980917360602,0.8486715245082617,20.33,1016.683
1791286810.548852,69.53419713546508,0.8441978975073691,0.8441978975073691,0.8485952221425931,20.31,1016.69
1791286841.9003463,69.53510580113235,0.8451235805586765,0.8446692477250423,0.848479849812413,20.31,1016.684
1791286873.24874,69.53908905898285,0.8453988590440662,0.8434072301188159,0.8486725379764263,20.31,1016.679
1791286904.601336,69.53701363819114,0.8446692477250423,0.8457069581209009,0.8487879488892477,20.32,1016.675
1791286935.9296725,69.53678558247738,0.8459010293408528,0.8460150571977355,0.8489034750457601,20.32,1016.664
1791286967.2793112,69.53642794332133,0.8448637395234438,0.8450425591014701,0.8484023028523062,20.31,1016.657
1791286998.6137662,69.53724615223871,0.8447336893538656,0.844324584895175,0.8489807036047868,20.29,1016.651
1791287029.9571126,69.53551610569771,0.8444387375073313,0.8453037607778294,0.8481280650353488,20.28,1016.644
1791287061.3037798,69.53480329349951,0.844928732433846,0.8452851385329475,0.8485952221425931,20.26,1016.636
1791287092.6497135,69.53519058310042,0.8461745978522515,0.8459809530518,0.8484420611927729,20.23,1016.619
1791287123.991739,69.5391054921911,0.8472900465930314,0.845332592047688,0.848903562717909,20.28,1016.607
1791287155.3341575,69.53725966108537,0.844442760463692,0.8453656760165568,0.8484420611927729,20.26,1016.605
1791287186.6665957,69.54201561016748,0.8450580374989352,0.8426800629578797,0.8489419655856868,20.26,1016.606
1791287218.010108,69.54091745566814,0.8449771931289949,0.8455262703786649,0.8486344802819717,20.28,1016.599
1791287249.3515563,69.53991773043423,0.8460266301482413,0.8465264927651932,0.8485965361416142,20.29,1016.605
1791287280.6731339,69.54007935495657,0.8447669759204063,0.8446861636592329,0.8488652742634447,20.31,1016.606
1791287312.0286129,69.54146789574115,0.8461403235312547,0.8454460531389707,0.8486344802819717,20.32,1016.606
1791287343.3512452,69.54046640640873,0.8457533853813142,0.8462541300475255,0.8486344802819717,20.33,1016.602
1791287374.6925268,69.54260207130226,0.8460607176236576,0.844992885176893,0.848903562717909,20.32,1016.597
1791287406.0401006,69.53853993346277,0.8447669759204063,0.8467980448401499,0.8489419002927253,20.31,1016.597
1791287437.3745902,69.53670143107499,0.8447669759204063,0.8456862271142965,0.8485587050478874,20.32,1016.587
1791287468.71203,69.53915276759203,0.8466054783081868,0.8453798100496664,0.8483668218711535,20.28,1016.587
1791287500.0426252,69.53786382163102,0.8442354014806975,0.8448798744612008,0.8486356352280717,20.25,1016.571
1791287531.3849406,69.54099870565516,0.8469472520617334,0.8453798100496664,0.8486735433888136,20.28,1016.568
1791287562.739489,69.53977181958452,0.845606328212213,0.8462197712475331,0.8486735433888136,20.23,1016.559
1791287594.0770714,69.53715946745119,0.844992885176893,0.8462990612435567,0.8483668218711535,20.26,1016.551
1791287625.4184947,69.53654754441789,0.8462647207796435,0.8465706822962988,0.8487124129128857,20.25,1016.538
1791287656.7620022,69.53815659192169,0.8461513599815774,0.8453468362296779,0.8485978397270619,20.26,1016.529
1791287688.1030593,69.53738366920714,0.8450733929850365,0.845459854342311,0.8485587050478874,20.26,1016.522
1791287719.3878837,69.53777040195297,0.8453798100496664,0.8451864436767581,0.8486735433888136,20.25,1016.51
1791287750.733394,69.53822359700564,0.8457995821078724,0.8455729845815353,0.8490568148252274,20.23,1016.505
1791287782.0830338,69.53999287793503,0.8461513599815774,0.8452667195168817,0.848520986496345,20.25,1016.501
1791287813.4404144,69.53938034780573,0.844960454452228,0.8452667195168817,0.8489419002927253,20.22,1016.485
1791287844.7679548,69.54160825801928,0.8469472520617334,0.8458332969549599,0.8485965361416142,20.26,1016.475
1791287876.1184962,69.54684828074323,0.8457197561770773,0.843099744815101,0.8482120433200617,20.25,1016.469
1791287907.3000956,69.54700736608389,0.8464026989449002,0.8463231562745702,0.8485572421349391,20.26,1016.454
1791287938.6394541,69.54561667031913,0.8450580374989352,0.8457533853813142,0.8486344802819717,20.25,1016.445
1791287969.9898653,69.54055573179512,0.8438477247265161,0.8463781939885212,0.8486735433888136,20.26,1016.438
1791288001.3162587,69.53910441105806,0.845459854342311,0.8461855147108426,0.8489419002927253,20.26,1016.434
1791288032.6657593,69.53666035248855,0.8453139603080112,0.8465359895927683,0.8487124129128857,20.26,1016.425
1791288064.0223856,69.53412459851447,0.844815477148283,0.8460833541353258,0.8487510902896217,20.26,1016.413
1791288095.3667867,69.53229336687866,0.8450886270180119,0.8460042428359144,0.8487510902896217,20.26,1016.4
1791288126.7091796,69.53213408255984,0.8455065941621318,0.8455862363215445,0.8487510902896217,20.26,1016.396
1791288158.049794,69.53213408255984,0.8451686426730847,0.8451686426730847,0.8486367810437211,20.28,1016.393
1791288189.392219,69.52885763375336,0.8443660184326739,0.8460042428359144,0.8492468899881563,20.26,1016.378
1791288220.7427564,69.5313004835311,0.8467280190510019,0.8455065941621318,0.8488655126065248,20.23,1016.366
1791288252.088405,69.53441645718989,0.8463094481085485,0.8447514612791538,0.8491323923427961,20.28,1016.358
1791288283.4346132,69.53557316747462,0.845393832290646,0.844815477148283,0.8488655126065248,20.28,1016.335
1791288314.7811248,69.53557316747462,0.8453139603080112,0.8453139603080112,0.8483690335199038,20.28,1016.321
1791288346.1157444,69.53663545279412,0.8459249749503897,0.845393832290646,0.848789038555308,20.26,1016.303
1791288377.4491682,69.53579891470754,0.8456990375632802,0.8461173066065669,0.8491708688287423,20.29,1016.276
1791288408.7918472,69.53663567628406,0.8459249749503897,0.8455065941621318,0.8492855554834715,20.29,1016.268
1791288440.13706,69.54107086783883,0.847338731495437,0.845121135718054,0.8492855554834715,20.29,1016.274
1791288471.4715812,69.5431296587001,0.8465359895927683,0.8455065941621318,0.848674540841093,20.32,1016.275
1791288502.8251193,69.54175061501074,0.845393832290646,0.8460833541353258,0.8488655126065248,20.33,1016.265
1791288534.1686366,69.54213558052103,0.8458119503843493,0.8456194676292004,0.8489418355159387,20.31,1016.251
1791288565.5091128,69.5433576098058,0.8468414969139575,0.846230482271579,0.848674540841093,20.32,1016.249
1791288596.8555398,69.54374113388305,0.84669316177682,0.8465013997381975,0.8489418355159387,20.33,1016.249
1791288628.200154,69.53962332774019,0.8445905254954792,0.8466494285669098,0.8492094596634332,20.33,1016.24
1791288659.548698,69.54000776693145,0.8465359895927683,0.8463437699971387,0.848789038555308,20.32,1016.237
1791288690.8939948,69.53564117323964,0.8440919310232542,0.8462752278691625,0.8489800481622822,20.32,1016.238
1791288722.2225578,69.53288431480935,0.8446710729048915,0.8460495021200348,0.8490940296981055,20.33,1016.232
1791288753.5702596,69.53509590282238,0.8467715152396709,0.845665721233159,0.8485991330222408,20.31,1016.238
1791288784.9215384,69.53493512607385,0.8446710729048915,0.8447514612791538,0.8485225847013022,20.29,1016.242
1791288816.2690356,69.53432531843235,0.8451686426730847,0.8454735464938318,0.8486367810437211,20.32,1016.244
1791288847.6075723,69.53432531843235,0.8447514612791538,0.8447514612791538,0.8490562955622559,20.33,1016.241
1791288878.9620183,69.5340990348681,0.8463882579560729,0.8465013997381975,0.8487510902896217,20.31,1016.234
1791288910.3044488,69.53547868146124,0.8457784503145789,0.8450886270180119,0.848674540841093,20.26,1016.22
1791288941.6493914,69.53326165732564,0.8445905254954792,0.8456990375632802,0.848674540841093,20.29,1016.211
1791288972.9914966,69.53532157920105,0.8466494285669098,0.8456194676292004,0.8489800481622822,20.28,1016.201
1791289004.3309393,69.53455113734564,0.8447834217453777,0.8451686426730847,0.8488274885220491,20.28,1016.186
1791289035.679526,69.53698916388966,0.8465799811871643,0.8453609679151574,0.8487132544131765,20.28,1016.179
1791289067.0209532,69.53721454354508,0.8455862363215445,0.8454735464938318,0.8487132544131765,20.31,1016.173
1791289098.3685,69.53576947009925,0.845665721233159,0.8463882579560729,0.8488274885220491,20.31,1016.166
1791289129.7140841,69.54102979412622,0.8455531033846242,0.8429229413711432,0.8489037359860023,20.31,1016.153
1791289161.0595295,69.5377555987614,0.8453609679151574,0.8469980655975669,0.848217680880555,20.29,1016.14
1791289192.3928673,69.53554182635825,0.8445588350315907,0.845665721233159,0.8493227610491799,20.31,1016.125
1791289223.7454133,69.53576750731662,0.8458912907937622,0.8457784503145789,0.8487132544131765,20.31,1016.122
1791289255.0889373,69.53409675261497,0.8453609679151574,0.8461963452659799,0.8486367810437211,20.29,1016.117
1791289286.434417,69.53615501748958,0.8470333752732195,0.8460042428359144,0.8490562955622559,20.31,1016.103
1791289317.7837663,69.53287887028392,0.8440609639604563,0.8456990375632802,0.8487510902896217,20.31,1016.108
1791289349.124265,69.53586224611534,0.8458577063483859,0.8443660184326739,0.8485225847013022,20.29,1016.112
1791289380.4698496,69.53730889284802,0.8458119503843493,0.8450886270180119,0.848674540841093,20.31,1016.104
1791289411.7943628,69.53914012448382,0.8466146533811827,0.8456990375632802,0.8490562955622559,20.28,1016.096
1791289443.1427734,69.53981740231902,0.8461963452659799,0.8458577063483859,0.8487510902896217,20.28,1016.101
1791289474.4872792,69.5437966275405,0.8469980655975669,0.8450084529868219,0.8492855554834715,20.29,1016.096
1791289505.781968,69.5414207779023,0.8445905254954792,0.8457784503145789,0.8489800481622822,20.29,1016.095
1791289537.097313,69.54202998382982,0.8464669122759092,0.8461623093121474,0.8485991330222408,20.29,1016.096
1791289568.4407716,69.53981915351957,0.8442227855731924,0.8453282007283192,0.8486755304274253,20.25,1016.085
1791289599.8282683,69.5379942367803,0.8449117628025362,0.8458242211721697,0.8487895769402984,20.25,1016.069
1791289631.1636298,69.53715957298695,0.8450562145971555,0.8454735464938318,0.8488274885220491,20.26,1016.052
1791289662.506205,69.53562293244553,0.845281181849327,0.8460495021200348,0.8487895769402984,20.25,1016.05
1791289693.8567379,69.53478691941679,0.8455862363215445,0.8460042428359144,0.8485225847013022,20.23,1016.052
1791289725.1992128,69.53501222029942,0.845393832290646,0.845281181849327,0.8487510902896217,20.25,1016.04
1791289756.5367143,69.53401692295185,0.8455065941621318,0.8460042428359144,0.8487510902896217,20.25,1016.026
1791289787.8891013,69.53363249496579,0.8455862363215445,0.8457784503145789,0.8489418355159387,20.25,1016.015
1791289819.2326784,69.53318316276987,0.8447514612791538,0.8449761273771093,0.8489418355159387,20.23,1016.005
1791289850.578181,69.53379357331514,0.8456990375632802,0.845393832290646,0.8489418355159387,20.25,1015.994
1791289881.9195604,69.53212087745038,0.8450886270180119,0.8459249749503897,0.8485601563843072,20.25,1015.982
1791289913.266191,69.5308351668308,0.8448637388523377,0.8455065941621318,0.8487510902896217,20.23,1015.972
1791289944.5967476,69.5309016294461,0.8456194676292004,0.8455862363215445,0.8485601563843072,20.25,1015.95
1791289975.939237,69.5368326294645,0.8459704745511608,0.8430049745419641,0.8488274885220491,20.23,1015.926
1791290007.278622,69.5390428595432,0.8459368061281567,0.8448316910888065,0.8483712277275065,20.28,1015.913
1791290038.6111426,69.54384749911976,0.8457117470880546,0.8433094272997712,0.8490940296981055,20.28,1015.901
1791290069.9605534,69.54727938177844,0.8471894878231678,0.8454735464938318,0.8488274885220491,20.32,1015.889
1791290101.3032095,69.54727938177844,0.8462752278691625,0.8462752278691625,0.8486367810437211,20.33,1015.882
1791290132.6287258,69.54682839963954,0.8454735464938318,0.8456990375632802,0.8492083389497641,20.33,1015.879
1791290163.9790194,69.54232879448303,0.8444782164727436,0.8467280190510019,0.8487510902896217,20.33,1015.879
1791290195.3284876,69.5397295326069,0.8450886270180119,0.8463882579560729,0.8486367810437211,20.31,1015.871
1791290226.654264,69.53690685557874,0.8451686426730847,0.8465799811871643,0.8487132544131765,20.29,1015.861
1791290258.000465,69.53652340911655,0.8463882579560729,0.8465799811871643,0.8485225847013022,20.26,1015.856
1791290289.3280075,69.5340185134988,0.8449438974571009,0.8461963452659799,0.8482945300584791,20.28,1015.852
1791290320.6715882,69.53318362750481,0.8448637388523377,0.845281181849327,0.8486367810437211,20.28,1015.839
1791290352.0179944,69.5323479160769,0.845281181849327,0.8456990375632802,0.8486367810437211,20.26,1015.838
1791290383.3624587,69.53212186694482,0.8458119503843493,0.8459249749503897,0.8489418355159387,20.28,1015.845
1791290414.7098541,69.53456713550298,0.8472607457064522,0.8460381114273675,0.8487124129128857,20.28,1015.848
1791290446.0555594,69.5360122089488,0.8463882579560729,0.845665721233159,0.8488655126065248,20.28,1015.848
1791290477.401922,69.5392146365629,0.8468497142279129,0.8452485004208625,0.8486755304274253,20.26,1015.846
1791290508.7452948,69.54087896871826,0.8450238980284005,0.8441917319507252,0.8486755304274253,20.23,1015.833
1791290540.0789716,69.54270298688306,0.8457117470880546,0.8447997380056569,0.8486379178367652,20.23,1015.826
1791290571.4253657,69.54407734172659,0.8467366795418031,0.8460495021200348,0.8487895769402984,20.26,1015.819
1791290602.7728488,69.54225152552708,0.8456325034282379,0.8465454115279941,0.8487895769402984,20.26,1015.816
1791290634.1213577,69.5391421269281,0.8446076100126585,0.8461623093121474,0.8486755304274253,20.25,1015.801
1791290665.453856,69.53975133285562,0.8452485004208625,0.8449438974571009,0.8489037359860023,20.26,1015.79
1791290696.7793877,69.54401998634607,0.84669316177682,0.8445588350315907,0.8489418355159387,20.28,1015.781
1791290728.1178346,69.54180356600881,0.8452012379399142,0.8463094481085485,0.8490562955622559,20.32,1015.767
1791290759.4663312,69.53958979360567,0.8445588350315907,0.845665721233159,0.8486367810437211,20.32,1015.75
1791290790.8119493,69.54042550503358,0.8456990375632802,0.845281181849327,0.8490562955622559,20.32,1015.743
1791290822.156317,69.54096831253554,0.8460833541353258,0.8458119503843493,0.8487510902896217,20.33,1015.728
1791290853.5048108,69.53974688764667,0.8448958817176967,0.8455065941621318,0.8491708688287423,20.33,1015.726
1791290884.8442178,69.53730282907716,0.8447029456656326,0.8459249749503897,0.848789038555308,20.32,1015.717
1791290916.1927102,69.5363076104701,0.8450886270180119,0.8455862363215445,0.8488655126065248,20.32,1015.71
1791290947.5291643,69.53470364570846,0.8448637388523377,0.845665721233159,0.8487132544131765,20.29,1015.707
1791290978.875638,69.53598916077027,0.8460833541353258,0.8454405966044207,0.8489037359860023,20.32,1015.701
1791291010.2262986,69.53477134973905,0.8454405966044207,0.8460495021200348,0.8484851241824913,20.31,1015.683
1791291041.5687792,69.53255885960058,0.8447514612791538,0.8458577063483859,0.8487132544131765,20.28,1015.67
1791291072.9221442,69.53682540605261,0.8471894878231678,0.8450562145971555,0.8482945300584791,20.29,1015.674
1791291104.2627838,69.53438376387155,0.845393832290646,0.8466146533811827,0.8487510902896217,20.31,1015.678
1791291135.6082692,69.53361452782369,0.845393832290646,0.8457784503145789,0.8487510902896217,20.29,1015.668
1791291166.9416761,69.53544395074817,0.8460833541353258,0.8451686426730847,0.8490180077311783,20.36,1015.653
1791291198.29711,69.53666356603117,0.8460833541353258,0.8454735464938318,0.8491323923427961,20.38,1015.639
1791291229.6399548,69.53704784903513,0.8463094481085485,0.8461173066065669,0.8490562955622559,20.39,1015.625
1791291260.9691591,69.53743372113927,0.8448958817176967,0.8447029456656326,0.8487510902896217,20.35,1015.616
1791291292.3136487,69.5362116918545,0.8459249749503897,0.8465359895927683,0.8492855554834715,20.35,1015.61
1791291323.615146,69.5340014617758,0.8448316910888065,0.8459368061281567,0.8487895769402984,20.36,1015.604
1791291354.9565692,69.53339285637597,0.8450238980284005,0.8453282007283192,0.8487895769402984,20.35,1015.6
1791291386.2881432,69.53134276972473,0.8449117628025362,0.8459368061281567,0.8484851241824913,20.36,1015.589
1791291417.6307282,69.53598960111306,0.8472673131512631,0.8449438974571009,0.8481806714246843,20.35,1015.585
1791291448.9690218,69.53781812102108,0.8462752278691625,0.8453609679151574,0.8485225847013022,20.35,1015.582
1791291480.3055372,69.53415565774947,0.8447834217453777,0.8466146533811827,0.8487510902896217,20.33,1015.573
1791291511.655051,69.53415565774947,0.8456990375632802,0.8456990375632802,0.8490562955622559,20.35,1015.565
1791291543.0115573,69.53109907205176,0.8442041600087405,0.8457324528575965,0.849094697125079,20.32,1015.556
1791291574.3509574,69.53132421459001,0.8450084529868219,0.8448958817176967,0.848674540841093,20.33,1015.546
1791291605.6824324,69.53292984374235,0.8455862363215445,0.8447834217453777,0.8490562955622559,20.33,1015.541
1791291637.025003,69.53109770640904,0.8455065941621318,0.8464226628287844,0.8482548001620897,20.31,1015.535
1791291668.3705308,69.53026147022163,0.845393832290646,0.8458119503843493,0.8489800481622822,20.31,1015.524
1791291699.714964,69.53103283292639,0.8450886270180119,0.8447029456656326,0.848674540841093,20.31,1015.514
1791291731.0555289,69.53125888205847,0.8459249749503897,0.8458119503843493,0.8488655126065248,20.29,1015.512
1791291762.3910103,69.53558916041183,0.846884734505166,0.8447195953284817,0.8489798331273439,20.29,1015.514
1791291793.7184408,69.53825152052748,0.8459704745511608,0.8446392944933392,0.8489037359860023,20.31,1015.505
1791291825.0649023,69.53482031782549,0.8444467079611521,0.8461623093121474,0.8485991330222408,20.28,1015.499
1791291856.4054565,69.53376130658536,0.8453282007283192,0.8458577063483859,0.8490180077311783,20.28,1015.495
1791291887.7448206,69.53398654228243,0.845665721233159,0.8455531033846242,0.8485225847013022,20.28,1015.503
1791291919.0924735,69.53642336599253,0.8464669122759092,0.8452485004208625,0.8489037359860023,20.28,1015.501
1791291950.4399745,69.53680719137272,0.8463882579560729,0.8461963452659799,0.8489418355159387,20.28,1015.49
1791291981.7834463,69.53825218631113,0.8455862363215445,0.8448637388523377,0.8490562955622559,20.29,1015.489
1791292013.1289504,69.53947180159412,0.8463882579560729,0.8457784503145789,0.8496275143671818,20.31,1015.488
1791292044.4623182,69.53802432757317,0.8452012379399142,0.8459249749503897,0.8484458850169876,20.28,1015.476
1791292075.7977424,69.53390712612541,0.8442851692732616,0.8463437699971387,0.8489800481622822,20.32,1015.47
1791292107.144323,69.53307149373634,0.8447834217453777,0.8452012379399142,0.848674540841093,20.29,1015.456
1791292138.4887784,69.53528950317377,0.8458119503843493,0.8447029456656326,0.8487510902896217,20.31,1015.447
1791292169.8212252,69.53711621972062,0.8460495021200348,0.8451361438466136,0.8484085010951747,20.28,1015.442
1791292201.1667707,69.53849314364328,0.8464669122759092,0.8457784503145789,0.8488274885220491,20.32,1015.433
1791292232.5102313,69.5380421372753,0.8459368061281567,0.8461623093121474,0.8487895769402984,20.29,1015.423
1791292263.8468392,69.54002886883946,0.8464669122759092,0.8454735464938318,0.8485991330222408,20.31,1015.408
1791292295.2043347,69.54041269421964,0.8463882579560729,0.8461963452659799,0.8485225847013022,20.28,1015.407
1791292326.5246587,69.54041269421964,0.8456990375632802,0.8456990375632802,0.8485601563843072,20.31,1015.398
1791292357.8782008,69.54147288109625,0.845393832290646,0.8448637388523377,0.8497421999842902,20.29,1015.388
1791292389.2216794,69.54468271013725,0.8471115086826329,0.8455065941621318,0.8487510902896217,20.31,1015.375
1791292420.5693154,69.5459035312278,0.8463094481085485,0.8456990375632802,0.8490562955622559,20.31,1015.365
1791292451.9087105,69.54651364017222,0.8455862363215445,0.845281181849327,0.8486367810437211,20.32,1015.366
1791292483.26119,69.5426250493593,0.8441730112001095,0.8461173066065669,0.8488655126065248,20.32,1015.359
1791292514.452763,69.53896258608769,0.8450886270180119,0.8469198586538168,0.8487510902896217,20.33,1015.351
1791292545.753078,69.53902885196153,0.8455862363215445,0.8455531033846242,0.8484851241824913,20.35,1015.35
1791292577.083635,69.53819523329742,0.8448316910888065,0.8452485004208625,0.8489037359860023,20.33,1015.344
1791292608.4300146,69.53797074166098,0.8450238980284005,0.8451361438466136,0.8487895769402984,20.29,1015.337
1791292639.7725606,69.53713756598934,0.8452159155924142,0.8456325034282379,0.8488657490709478,20.29,1015.335
1791292671.1221206,69.53918997463572,0.8472673131512631,0.8462411088280754,0.8486755304274253,20.31,1015.329
1791292702.4774396,69.53995784878651,0.8462752278691625,0.8458912907937622,0.8489037359860023,20.32,1015.329
1791292733.8240108,69.54172443009834,0.8455862363215445,0.8447029456656326,0.848674540841093,20.32,1015.328
1791292765.1645458,69.53995983112277,0.8447834217453777,0.845665721233159,0.8483690335199038,20.31,1015.324
1791292796.5069354,69.5403439578059,0.8460833541353258,0.8458912907937622,0.847912777059808,20.32,1015.312
1791292827.85343,69.53790110802817,0.8448958817176967,0.8461173066065669,0.8489800481622822,20.31,1015.305
1791292859.1909032,69.5407308157776,0.8465359895927683,0.845121135718054,0.8484833799855368,20.31,1015.304
1791292890.5284588,69.53828796599986,0.8442851692732616,0.8455065941621318,0.848674540841093,20.31,1015.288
1791292921.8569095,69.54027985980099,0.8468414969139575,0.8458455500133918,0.8484064513962304,20.32,1015.279
1791292953.1842926,69.53867286500594,0.8450084529868219,0.8458119503843493,0.8489800481622822,20.31,1015.267
1791292984.515928,69.53806154786639,0.8445098185785117,0.844815477148283,0.8484833799855368,20.31,1015.261
1791293015.8604035,69.54018793235713,0.8466494285669098,0.8455862363215445,0.8481777214157655,20.26,1015.249
1791293047.203767,69.54163218132621,0.8462752278691625,0.8455531033846242,0.8484085010951747,20.31,1015.23
1791293078.5494087,69.54285059318126,0.8467715152396709,0.8461623093121474,0.8491323923427961,20.31,1015.217
1791293109.8416908,69.5421771179446,0.8449117628025362,0.8452485004208625,0.8487895769402984,20.29,1015.201
1791293141.189204,69.53829401795477,0.8444467079611521,0.8463882579560729,0.8485991330222408,20.32,1015.193
1791293172.527746,69.53784319332915,0.845281181849327,0.8455065941621318,0.8487510902896217,20.32,1015.188
1791293203.874282,69.53623854745422,0.8449761273771093,0.8457784503145789,0.8488274885220491,20.31,1015.183
1791293235.2047002,69.53562873981272,0.8454735464938318,0.8457784503145789,0.8491323923427961,20.31,1015.18
1791293266.553337,69.53723376576339,0.8461963452659799,0.845393832290646,0.8489418355159387,20.31,1015.172
1791293297.8996692,69.53601294467285,0.8450886270180119,0.8456990375632802,0.8490562955622559,20.28,1015.162
1791293329.2392457,69.53838866285956,0.8466146533811827,0.8454267942878252,0.848789038555308,20.29,1015.152
1791293360.569786,69.53900028279593,0.8464571699497629,0.8461513599815774,0.848674540841093,20.28,1015.148
1791293391.9061677,69.53983742468083,0.8467280190510019,0.8463094481085485,0.849094697125079,20.28,1015.148
1791293423.2546992,69.54128324505317,0.8456990375632802,0.8449761273771093,0.8487510902896217,20.29,1015.146
1791293454.5992243,69.54067313610874,0.845281181849327,0.8455862363215445,0.848789038555308,20.31,1015.142
1791293485.9496427,69.54089851576416,0.8455862363215445,0.8454735464938318,0.8488274885220491,20.31,1015.138
1791293517.2951615,69.54272793868864,0.8457784503145789,0.8448637388523377,0.8489418355159387,20.33,1015.128
1791293548.611965,69.54105778629543,0.8450562145971555,0.8458912907937622,0.8485225847013022,20.33,1015.132
1791293579.9520965,69.53922745946213,0.8455862363215445,0.8465013997381975,0.8489418355159387,20.32,1015.122
1791293611.3096051,69.53778133748895,0.845281181849327,0.8460042428359144,0.8486367810437211,20.33,1015.11
1791293642.635204,69.53495677502808,0.8446710729048915,0.8460833541353258,0.8490562955622559,20.32,1015.101
1791293673.9785852,69.53167972301993,0.8449761273771093,0.8466146533811827,0.8486367810437211,20.33,1015.09
1791293705.3319385,69.53068442567236,0.8455065941621318,0.8460042428359144,0.8490562955622559,20.32,1015.077
1791293736.6724677,69.53045934731988,0.8451686426730847,0.845281181849327,0.8488274885220491,20.33,1015.067
1791293768.0039563,69.5310694562643,0.8461963452659799,0.8458912907937622,0.8489418355159387,20.33,1015.061
1791293799.333354,69.5322890715473,0.8457784503145789,0.8451686426730847,0.8491323923427961,20.31,1015.051
1791293830.6849556,69.5355658219546,0.8463094481085485,0.8446710729048915,0.8487510902896217,20.35,1015.044
1791293862.0364683,69.53923190980888,0.8468414969139575,0.8450084529868219,0.848674540841093,20.33,1015.032
1791293893.3749602,69.54584537203101,0.8472250639264509,0.8439183328153853,0.8491323923427961,20.35,1015.028
1791293924.724506,69.54789800337399,0.8464669122759092,0.8454405966044207,0.8485991330222408,20.39,1015.03
1791293956.065905,69.54645375440491,0.8455531033846242,0.8462752278691625,0.8490180077311783,20.36,1015.021
1791293987.4003036,69.54279851883977,0.8449438974571009,0.8467715152396709,0.8485991330222408,20.38,1015.021
1791294018.7329347,69.53936859724695,0.844030088565816,0.8457450493622277,0.8490940296981055,20.38,1015.02
1791294050.0844662,69.53769724023687,0.845665721233159,0.8465013997381975,0.8489037359860023,20.38,1015.015
1791294081.4359274,69.53830674687288,0.8441419546431503,0.8438372013251485,0.8490180077311783,20.38,1015.014
1791294112.778288,69.53747103544497,0.845281181849327,0.8456990375632802,0.8489418355159387,20.39,1015.015
1791294144.1249027,69.53686092650054,0.845281181849327,0.8455862363215445,0.8490562955622559,20.42,1015.009
1791294175.467285,69.53563950161167,0.8452012379399142,0.8458119503843493,0.8487510902896217,20.4,1015.004
1791294206.8138306,69.53586510409514,0.8456990375632802,0.8455862363215445,0.8489418355159387,20.36,1014.999
1791294238.1422322,69.53380834871636,0.8444782164727436,0.8455065941621318,0.8487510902896217,20.36,1014.996
1791294269.4868002,69.53663389415674,0.8465013997381975,0.8450886270180119,0.8487510902896217,20.36,1014.986
1791294300.8171816,69.5354130730662,0.8456990375632802,0.8463094481085485,0.848674540841093,20.33,1014.978
1791294332.156883,69.53114863157353,0.8446392944933392,0.8467715152396709,0.8489037359860023,20.33,1014.967
1791294363.5081818,69.52810260193591,0.8449438974571009,0.8464669122759092,0.8489037359860023,20.32,1014.96
1791294394.8557715,69.53121110018712,0.8458577063483859,0.8443034572227807,0.84856159628107,20.35,1015.013
1791294426.1971576,69.53098733407451,0.8449595507514488,0.8450714338077556,0.8487517773627138,20.33,1014.941
1791294457.5237691,69.52925799323307,0.8449595507514488,0.8458242211721697,0.848030211011835,20.33,1014.932
1791294488.8661647,69.53002479819246,0.8462411088280754,0.8458577063483859,0.8487895769402984,20.38,1014.926
1791294520.2127974,69.53239799989476,0.8462752278691625,0.8450886270180119,0.8488274885220491,20.36,1014.919
1791294551.558325,69.53567384549957,0.845393832290646,0.8437559094882386,0.8487510902896217,20.36,1014.915
1791294582.9076803,69.5326233007774,0.845281181849327,0.8468064542104151,0.8488655126065248,20.36,1014.917
1791294614.2521312,69.5344545324132,0.8460042428359144,0.8450886270180119,0.8486367810437211,20.33,1014.914
1791294645.5967526,69.53551606948325,0.8458119503843493,0.845281181849327,0.8483690335199038,20.32,1014.914
1791294676.9391434,69.53468088218634,0.8451686426730847,0.8455862363215445,0.8488274885220491,20.31,1014.915
1791294708.283686,69.53490678627064,0.8460042428359144,0.8458912907937622,0.8488655126065248,20.29,1014.916
1791294739.6283462,69.53696301718826,0.8460042428359144,0.8449761273771093,0.8487510902896217,20.32,1014.919
1791294770.9695365,69.53840584177989,0.8455531033846242,0.8448316910888065,0.8489037359860023,20.33,1014.92
1791294802.3142204,69.53894801156989,0.8459368061281567,0.845665721233159,0.8490180077311783,20.31,1014.922
1791294833.645772,69.54055107331506,0.8465799811871643,0.8457784503145789,0.8488274885220491,20.33,1014.919
1791294864.9920652,69.53551876845044,0.8444467079611521,0.846962860393456,0.848217680880555,20.32,1014.915
1791294896.3225994,69.53612797437796,0.8464669122759092,0.8461623093121474,0.8490180077311783,20.33,1014.907
1791294927.6102283,69.53734638623301,0.8458577063483859,0.8452485004208625,0.8485991330222408,20.29,1014.903
1791294958.9585507,69.53856359703269,0.8456325034282379,0.8450238980284005,0.8490940296981055,20.29,1014.901
1791294990.304017,69.54420797101787,0.8470761182034324,0.8442539312108436,0.8488274885220491,20.28,1014.885
1791295021.6500225,69.54703450000125,0.8469198586538168,0.8455065941621318,0.8488655126065248,20.31,1014.875
1791295052.99608,69.54475349203409,0.8448637388523377,0.8460042428359144,0.8486367810437211,20.33,1014.867
1791295084.3324814,69.54253964112354,0.8455862363215445,0.84669316177682,0.8486367810437211,20.31,1014.857
1791295115.6790004,69.53766599370336,0.8446392944933392,0.8470761182034324,0.8490180077311783,20.31,1014.847
1791295147.02145,69.5372151433255,0.8457450493622277,0.8459704745511608,0.8490180077311783,20.32,1014.838
1791295178.3528903,69.53468159356082,0.8450084529868219,0.8462752278691625,0.848789038555308,20.32,1014.828
1791295209.70246,69.53301188613189,0.8452485004208625,0.8460833541353258,0.8487132544131765,20.32,1014.815
1791295241.044988,69.53567342299048,0.8464669122759092,0.8451361438466136,0.8490180077311783,20.35,1014.811
1791295272.3883886,69.5375019428985,0.8465799811871643,0.845665721233159,0.8482945300584791,20.32,1014.799
1791295303.7210047,69.53628232761551,0.8451686426730847,0.8457784503145789,0.8485225847013022,20.32,1014.796
1791295335.0635333,69.53361568615263,0.8449761273771093,0.8463094481085485,0.8486367810437211,20.31,1014.791
1791295366.4337895,69.53323163767946,0.8457784503145789,0.8459704745511608,0.8484458850169876,20.32,1014.781
1791295397.7774558,69.53323163767946,0.8457784503145789,0.8457784503145789,0.8487510902896217,20.28,1014.775
1791295429.1289246,69.5313343098125,0.8451686426730847,0.8461173066065669,0.8481406797443534,20.31,1014.765
1791295460.4663877,69.53271335350185,0.8460833541353258,0.845393832290646,0.8488655126065248,20.31,1014.758
1791295491.8048935,69.53065629622391,0.8447834217453777,0.8458119503843493,0.8491708688287423,20.29,1014.746
1791295523.1565068,69.53043070750597,0.845121135718054,0.8452339300770207,0.8489800481622822,20.32,1014.742
1791295554.4997666,69.53049699927212,0.8455397400452062,0.8455065941621318,0.8485601563843072,20.32,1014.731
1791295585.8443494,69.53515816068523,0.8467280190510019,0.8443974383444435,0.8483690335199038,20.29,1014.724
1791295617.1869211,69.53920989771942,0.8471470042351468,0.845121135718054,0.8484833799855368,20.33,1014.717
1791295648.536309,69.54043132260828,0.8458119503843493,0.8452012379399142,0.848674540841093,20.31,1014.705
1791295679.8648012,69.54004688341702,0.8463437699971387,0.8465359895927683,0.849094697125079,20.33,1014.701
1791295711.1962109,69.53592681491239,0.8447029456656326,0.8467629799179486,0.848789038555308,20.36,1014.687
1791295742.5367706,69.5357667544504,0.8452339300770207,0.8453139603080112,0.848789038555308,20.33,1014.68
1791295773.88119,69.53515573980803,0.8459249749503897,0.846230482271579,0.8489800481622822,20.31,1014.67
1791295805.2247126,69.53393371052327,0.8453139603080112,0.8459249749503897,0.8489800481622822,20.32,1014.663
1791295836.5532382,69.53521942114286,0.8455065941621318,0.8448637388523377,0.8491708688287423,20.33,1014.647
1791295867.9007616,69.53316206196574,0.8450886270180119,0.8461173066065669,0.8484458850169876,20.36,1014.642
1791295899.233085,69.5325513495213,0.8455065941621318,0.8458119503843493,0.8488655126065248,20.35,1014.626
1791295930.5770144,69.53438530093993,0.8460381114273675,0.845121135718054,0.848789038555308,20.32,1014.617
1791295961.9181545,69.53621834486707,0.8453139603080112,0.8443974383444435,0.848789038555308,20.33,1014.609
1791295993.2546027,69.53660353356852,0.845393832290646,0.8452012379399142,0.8487510902896217,20.33,1014.597
1791296024.5962074,69.53583429752067,0.845393832290646,0.8457784503145789,0.8485601563843072,20.33,1014.587
1791296055.9425938,69.53560952047113,0.8448637388523377,0.8449761273771093,0.8485225847013022,20.32,1014.582
1791296087.2961073,69.53438869938059,0.8447834217453777,0.845393832290646,0.8488655126065248,20.32,1014.57
1791296118.6357694,69.53332716231054,0.845281181849327,0.8458119503843493,0.8487510902896217,20.33,1014.56
1791296149.9819672,69.53660820597922,0.8457324528575965,0.8440919310232542,0.849094697125079,20.33,1014.552
1791296181.325581,69.53706099682944,0.8466146533811827,0.8463882579560729,0.8487510902896217,20.32,1014.542
1791296212.6730506,69.53882341961437,0.84669316177682,0.8458119503843493,0.8484458850169876,20.33,1014.537
1791296244.0076034,69.53631561552338,0.8446710729048915,0.8459249749503897,0.8486367810437211,20.33,1014.532
1791296275.3512828,69.53554469863522,0.845121135718054,0.8455065941621318,0.8484833799855368,20.36,1014.524
1791296306.7035367,69.53593012426,0.8457324528575965,0.8455397400452062,0.8485978397270619,20.36,1014.523
1791296338.0250127,69.53309624192123,0.8451537411269077,0.8465706822962988,0.848789038555308,20.35,1014.514
1791296369.3624947,69.53377300840694,0.8453468362296779,0.8450084529868219,0.8490183744295409,20.35,1014.518
1791296400.7041152,69.53270982899618,0.8453139603080112,0.8458455500133918,0.8484833799855368,20.36,1014.511
1791296432.0494235,69.53438402304931,0.8458455500133918,0.8450084529868219,0.8492094596634332,20.36,1014.505
1791296463.3899822,69.53094330065751,0.845121135718054,0.8468414969139575,0.8484833799855368,20.33,1014.502
1791296494.7404356,69.53171332212581,0.8463437699971387,0.8459587592629884,0.8484833799855368,20.33,1014.493
1791296526.0849702,69.5302659273786,0.8443974383444435,0.845121135718054,0.8484833799855368,20.35,1014.487
1791296557.4173605,69.53194207014893,0.8455729845815353,0.8447349131963674,0.8490568148252274,20.35,1014.476
1791296588.770932,69.53210123506028,0.8458455500133918,0.8457659675577144,0.848520986496345,20.36,1014.474
1791296620.1040154,69.5331004976335,0.8459926441789266,0.8454930128923154,0.8488270997117484,20.38,1014.457
1791296651.4449432,69.53723069836744,0.8467192897545441,0.8446541893875744,0.8486735433888136,20.35,1014.442
1791296682.785364,69.53845636662595,0.8456862271142965,0.8450733929850365,0.8486356352280717,20.33,1014.426
1791296714.0829902,69.53600503010891,0.8453798100496664,0.8466054783081868,0.8489419002927253,20.33,1014.42
1791296745.436381,69.53687000787755,0.8459587592629884,0.8455262703786649,0.8486356352280717,20.32,1014.41
1791296776.773889,69.53441623573627,0.844992885176893,0.8462197712475331,0.8489802649064736,20.32,1014.408
1791296808.1274855,69.53470793737094,0.8452192438023699,0.8450733929850365,0.8486735433888136,20.31,1014.398
1791296839.4579065,69.53922509486662,0.846412720538987,0.8441541417911462,0.8484439806959672,20.31,1014.402
1791296870.8084154,69.53616244422008,0.8452667195168817,0.8467980448401499,0.8488270997117484,20.31,1014.401
1791296902.15378,69.53448780302398,0.844815477148283,0.8456527977463332,0.848520986496345,20.31,1014.405
1791296933.50251,69.53410145396025,0.8453798100496664,0.8455729845815353,0.8487503977605974,20.28,1014.395
1791296964.8487525,69.53280788062825,0.8455729845815353,0.8462197712475331,0.8486356352280717,20.32,1014.398
1791296996.192398,69.53342041075756,0.8455729845815353,0.8452667195168817,0.8486356352280717,20.28,1014.392
1791297027.5417333,69.53671600639893,0.8472541260328974,0.845606328212213,0.8487884958887173,20.31,1014.381
1791297058.8953798,69.53932714072015,0.8469118953728169,0.845606328212213,0.8486735433888136,20.29,1014.384
1791297090.2368102,69.53787278890576,0.845606328212213,0.8463335041194053,0.8484816219175533,20.31,1014.367
1791297121.5843189,69.5369637426485,0.845332592047688,0.8457871151763177,0.8488267078047487,20.32,1014.356
1791297152.92979,69.53842633822984,0.8458548783493471,0.8451235805586765,0.8483246007906834,20.32,1014.344
1791297184.2711978,69.53557955177261,0.8449446566373913,0.8463680498660011,0.8485572421349391,20.31,1014.331
1791297215.6138737,69.53435022280324,0.8454460531389707,0.8460607176236576,0.8485193755624053,20.32,1014.316
1791297246.9631813,69.5352571403842,0.8453656760165568,0.8449122172260751,0.8485572421349391,20.33,1014.307
1791297278.3056614,69.5324148718078,0.8452192438023699,0.8466403780905692,0.848903562717909,20.32,1014.29
1791297309.6473148,69.53141423185288,0.8451060082347494,0.845606328212213,0.8487884958887173,20.32,1014.276
1791297340.9907944,69.53180227997312,0.8450254127144088,0.8448313886542839,0.8488267078047487,20.35,1014.259
1791297372.3352628,69.5310268612436,0.8453656760165568,0.8457533853813142,0.8485572421349391,20.32,1014.253
1791297403.6756463,69.53164091439619,0.8458332969549599,0.8455262703786649,0.8487115647137586,20.31,1014.25
1791297435.0222628,69.53861533880743,0.8454128822059134,0.8419256700002924,0.8485587050478874,20.35,1014.245
1791297466.3606455,69.54006802135495,0.8461061513234297,0.8453798100496664,0.8486356352280717,20.32,1014.239
1791297497.6941617,69.53777390046966,0.8451864436767581,0.8463335041194053,0.8488652742634447,20.32,1014.249
1791297529.0287457,69.5378035076589,0.8452192438023699,0.8452044402077565,0.8482895095653192,20.36,1014.251
1791297560.3801503,69.5360524641044,0.8446371713336761,0.8455126931109234,0.8486725379764263,20.33,1014.259
1791297591.7205024,69.53367726621322,0.8445064585244715,0.8456940574700611,0.8481687294978503,20.32,1014.267
1791297623.0691583,69.53604523785505,0.845432141575779,0.8442481557548612,0.8487489960727226,20.31,1014.274
1791297654.4105895,69.53258317466765,0.8443296860299611,0.8460607176236576,0.8484420611927729,20.32,1014.277
1791297685.744033,69.5334254395205,0.845171531407735,0.8447503989813135,0.8490573382280161,20.32,1014.287
1791297717.085545,69.53442961924006,0.8450580374989352,0.8445559476391525,0.8482494502506478,20.32,1014.283
1791297748.4260728,69.53351725989388,0.8455930839369,0.8460492636099841,0.848479849812413,20.32,1014.287
1791297779.7755826,69.53445620623705,0.8451387208966272,0.8446692477250423,0.8486725379764263,20.32,1014.281
1791297811.119092,69.53575417882799,0.8453182340205119,0.8446692477250423,0.8487107097354857,20.29,1014.274
1791297842.4655612,69.53468332540166,0.845171531407735,0.8457069581209009,0.8484420611927729,20.32,1014.272
1791297873.813047,69.53776585443333,0.8467457047235913,0.8452044402077565,0.848479849812413,20.32,1014.266
1791297905.165441,69.53922737755158,0.8462434546700501,0.8455126931109234,0.848517751746804,20.36,1014.254
1791297936.5098865,69.5360751342414,0.8448961873045895,0.8464723089596813,0.848479849812413,20.36,1014.252
1791297967.850552,69.53513238201873,0.8445384510259955,0.8450098271373323,0.8488263127639065,20.39,1014.243
1791297999.1989276,69.53376489472043,0.8446200171286791,0.8453037607778294,0.8482844085389919,20.4,1014.237
1791298030.5425801,69.53105460267561,0.8444067345660877,0.8457618805884998,0.8480905593294431,20.36,1014.233
1791298061.8719099,69.52732578048231,0.8439315346590603,0.8457959457557102,0.8483197544887844,20.4,1014.231
1791298093.201429,69.53087494870199,0.846622059480482,0.8448474753706418,0.8487489960727226,20.38,1014.228
1791298124.5439143,69.53136125652432,0.8454990069474679,0.8452558530363042,0.8484381759077873,20.35,1014.227
1791298155.8903477,69.53152463675474,0.8449454303225944,0.8448637402073852,0.8482818272179101,20.33,1014.23
1791298187.2378914,69.53345360809881,0.8461871211774333,0.8452226355053968,0.8484762628127772,20.35,1014.228
1791298218.55757,69.53335984927037,0.8456471780558414,0.8456940574700611,0.8482844085389919,20.33,1014.227
1791298249.8958247,69.53136855689239,0.8443748279272915,0.8453704741162803,0.8487868416824269,20.38,1014.222
1791298281.229329,69.53146228688207,0.8457279179807718,0.8456810529859301,0.8487868416824269,20.38,1014.218
1791298312.562947,69.53169190909215,0.8454039820322751,0.8452891709272394,0.8481656839431275,20.35,1014.217
1791298343.9073012,69.53293359994699,0.8452558530363042,0.8446350076088847,0.8484762628127772,20.36,1014.211
1791298375.25974,69.53378431215812,0.8459916318555798,0.845566275750014,0.8486321425583769,20.35,1014.206
1791298406.6164136,69.53293181649168,0.845207703812386,0.8456339516456027,0.8482818272179101,20.35,1014.19
1791298437.9538028,69.53121988127745,0.844370124928788,0.8452260925359013,0.8478464197943413,20.38,1014.183
1791298469.3042889,69.53221156134262,0.8454912115366741,0.8449953715040862,0.8478839725858419,20.33,1014.171
1791298500.6468775,69.53056991664869,0.8452744630538136,0.8460952854007819,0.8485912164011394,20.33,1014.164
1791298531.9291549,69.52955463650142,0.8445852936771063,0.8450929337507433,0.8484762628127772,20.33,1014.15
1791298563.2637885,69.52830477622285,0.8442552560000629,0.8448801861393443,0.8482004944344717,20.36,1014.148
1791298594.6023405,69.52853499697736,0.8450774243174816,0.8449623139402325,0.8482792250260948,20.35,1014.148
1791298625.9557135,69.52650103065037,0.8444206082264676,0.8454375913899611,0.8484362097525749,20.33,1014.141
1791298657.305219,69.52978107343539,0.8460606296189794,0.8444206082264676,0.8489811493899454,20.35,1014.128
1791298688.6227474,69.53454097357077,0.8469152785932519,0.8445353285255585,0.8485912164011394,20.33,1014.12
1791298719.9802678,69.53546052458267,0.8455527092566973,0.8450929337507433,0.8485128014461707,20.32,1014.112
1791298751.2997417,69.5339873357593,0.8446673876205933,0.8454039820322751,0.8479297443060345,20.36,1014.102
1791298782.6433914,69.53382535494858,0.8456000625805625,0.8456810529859301,0.8484762628127772,20.36,1014.098
1791298813.9916608,69.5305783447094,0.8441597889061476,0.8457832940257373,0.8483959541896243,20.36,1014.101
1791298845.3392084,69.5298207994388,0.8448473199006032,0.8452260925359013,0.8483173019053927,20.36,1014.107
1791298876.6826067,69.53271976424114,0.8461649131504192,0.8447154307492499,0.848042554379455,20.38,1014.112
1791298908.025175,69.52997946304133,0.8441210609367676,0.8454912115366741,0.8483938035918596,20.38,1014.115
1791298939.3716633,69.53044120649358,0.8451440240571833,0.844913152331062,0.8484726176033595,20.38,1014.116
1791298970.716224,69.53027743257725,0.8450774243174816,0.8451593112756478,0.848042554379455,20.36,1014.111
1791299002.046852,69.52988391845169,0.8450442758181637,0.8452410328809475,0.8483959541896243,20.36,1014.116
1791299033.3862178,69.53027791312252,0.8451593112756478,0.8449623139402325,0.8482004944344717,20.33,1014.115
1791299064.7327275,69.5309660387787,0.8449293565051977,0.8445852936771063,0.8482412634205437,20.35,1014.109
1791299096.0791647,69.53146125633678,0.8447651173057827,0.8445175085267399,0.8483197544887844,20.36,1014.107
1791299127.4175303,69.53185750267431,0.8445175085267399,0.8443193853579726,0.8479633439441779,20.38,1014.108
1791299158.7691348,69.5291856973141,0.8444346369075237,0.8457705395876265,0.8479633439441779,20.36,1014.101
1791299190.0976803,69.52792884001346,0.8439541732324781,0.8445826018828022,0.8479216399897409,20.35,1014.1
1791299221.4320116,69.52872633041588,0.8446480939929888,0.8442493487917798,0.8483123366723408,20.35,1014.102
1791299252.7706022,69.53221531124562,0.8457101741086658,0.843965683693796,0.8480353351469727,20.36,1014.103
1791299284.1190178,69.53361403145853,0.8453803508341091,0.8446809907276599,0.8482300341527022,20.36,1014.096
1791299315.4545677,69.53086616190049,0.8446982808845633,0.8460722156635802,0.8478797233579071,20.35,1014.094
1791299346.7989447,69.52938080196496,0.8441210609367676,0.8448637409045334,0.8484322294603762,20.38,1014.083
1791299378.1465173,69.52984439400824,0.8451286122295996,0.8448968162079643,0.8482356944827666,20.38,1014.086
1791299409.4919376,69.5296124799583,0.8450126552046318,0.8451286122295996,0.8480769406560282,20.39,1014.083
1791299440.8295064,69.52931534268605,0.8445826018828022,0.8447311705189315,0.8483531737847472,20.39,1014.072
1791299472.1619225,69.53136160340294,0.8460025167613048,0.8449793864028553,0.8481183346369653,20.38,1014.071
1791299503.5054202,69.53089784345856,0.8450951495525098,0.8453270295247003,0.8479216399897409,20.39,1014.066
1791299534.849047,69.53103185641045,0.8452110305331263,0.8451440240571833,0.8478044398135542,20.39,1014.062
1791299566.1945508,69.53196042499746,0.8465133028685271,0.8460490185750185,0.8481975485565982,20.4,1014.057
1791299597.5309432,69.52957925374645,0.8442042507615183,0.8453948363870232,0.8482384902367901,20.38,1014.055
1791299628.8754494,69.52705526284299,0.8439338499288471,0.8451958453805781,0.8479973207399644,20.36,1014.053
1791299660.225904,69.52539883935579,0.8447311705189315,0.845559382262535,0.8483123366723408,20.39,1014.047
1791299691.5724938,69.5289538300136,0.8451958453805781,0.8434183500516707,0.8482328758818064,20.39,1014.04
1791299722.9190345,69.52941897929904,0.8451958453805781,0.8449632707378631,0.8480734662877968,20.36,1014.038
1791299754.2623808,69.53077886061493,0.8454771932809518,0.8447972526230031,0.8475219322486356,20.38,1014.039
1791299785.6030443,69.53104624876093,0.8447972526230031,0.8446635585500064,0.8479554690238944,20.39,1014.025
1791299816.9023838,69.53420769954461,0.8466108590028485,0.8450301336110055,0.8480734662877968,20.38,1014.022
1791299848.251887,69.53444008679136,0.8453608810867267,0.8452446874633485,0.8481532525866302,20.4,1014.014
1791299879.5805228,69.53191738501822,0.8444488232220955,0.8457101741086658,0.847837592417633,20.39,1014.014
1791299910.9388058,69.53025708527102,0.8442493487917798,0.8450794986653807,0.8480734662877968,20.4,1014.007
1791299942.2823644,69.52975806293206,0.8445976502467193,0.8448471614161988,0.8483508340099055,20.4,1014.005
1791299973.614929,69.52836880553343,0.8440695322444265,0.8447641609437381,0.8481563984053162,20.38,1013.994
1791300004.954251,69.52823853519425,0.8443140845433055,0.844379219712898,0.8479896809162016,20.38,1013.999
1791300036.3008425,69.52950962422653,0.8446128690072889,0.8439773244911485,0.8479092331118486,20.35,1013.99
1791300067.643348,69.52586606530662,0.8445798575225514,0.8464016369825109,0.8475536745479825,20.35,1013.988
1791300098.98969,69.52807433427816,0.8452825099611172,0.8441783754753442,0.8482271690096128,20.39,1013.989
1791300130.3211837,69.52947582516012,0.8451312018355586,0.844430456394578,0.8478711200314908,20.38,1013.983
1791300161.6577573,69.53201017673163,0.8458141234545896,0.8445469476688365,0.8477148871332193,20.36,1013.968
1791300193.005257,69.53224339849397,0.8446635585500064,0.8445469476688365,0.8479134026728584,20.4,1013.965
1791300224.3506985,69.5283613521382,0.8441783754753442,0.8461193986532265,0.8479896809162016,20.39,1013.959
1791300255.700201,69.52802843888132,0.8451650995349843,0.8453315561634233,0.8478286194273592,20.39,1013.954
1791300287.0426748,69.52923402414548,0.8448135930488204,0.8442108004167421,0.8477526810037714,20.38,1013.954
1791300318.3383038,69.52796031282699,0.8444447580085965,0.8450816136678448,0.8481855216975077,20.39,1013.949
1791300349.671663,69.5270905172587,0.8440940023386772,0.8445289001228229,0.8481468831106393,20.39,1013.949
1791300381.0292,69.52732421855526,0.8448971398706735,0.8447802892223913,0.8479092331118486,20.42,1013.949
1791300412.3717358,69.5300912277421,0.8454973295081514,0.8441138249147344,0.8479134026728584,20.42,1013.949
1791300443.6962411,69.53052502486597,0.8450974086027114,0.8448805100407778,0.8484281838807631,20.39,1013.949
1791300475.0296812,69.53237884406104,0.8446282610751603,0.8437013514776194,0.8478623739780529,20.4,1013.956
1791300506.376061,69.53382521299703,0.8460249292150115,0.8453017447470168,0.8478623739780529,20.4,1013.951
1791300537.719651,69.53486892962358,0.845065687851685,0.8445438295384101,0.8481824526319325,20.39,1013.955
1791300569.0641289,69.53254240027432,0.8431782441107444,0.8443415087853783,0.8483021589621557,20.38,1013.954
1791300600.4065907,69.53133177252202,0.8441912869100607,0.8447966007862111,0.8484632404208133,20.35,1013.948
1791300631.7490113,69.53052559088536,0.844830119458903,0.8452332102772344,0.8479050290542747,20.4,1013.947
1791300663.0956693,69.5347632949722,0.8457883682821661,0.8436695162387471,0.8481824526319325,20.38,1013.942
1791300694.4360116,69.53600881423966,0.8455870059115735,0.8449642462778371,0.848382783157616,20.38,1013.943
1791300725.7675214,69.53480364977297,0.8455522963889232,0.846154878622275,0.8480664314945208,20.39,1013.939
1791300757.1120784,69.5327292507792,0.8440940023386772,0.8451312018355586,0.8481083638460607,20.39,1013.936
1791300788.460554,69.53129237486577,0.8444959842620823,0.8452144222187955,0.8481885655149992,20.36,1013.927
1791300819.8119962,69.52851830207996,0.8440617742293894,0.8454488106222966,0.8481083638460607,20.39,1013.92
1791300851.1615508,69.53136440821115,0.8459190373276778,0.8444959842620823,0.8482271690096128,20.4,1013.914
1791300882.5029948,69.52827597140497,0.8439247336046549,0.845468952007745,0.847785899170744,20.4,1013.908
1791300913.8304436,69.52581818039306,0.8437866993672499,0.8450155948732009,0.8482631590627733,20.4,1013.897
1791300945.1749694,69.53007418618297,0.8451338425636129,0.8430058396686558,0.8481404076920246,20.39,1013.896
1791300976.5094929,69.52676657781086,0.8440863973503945,0.84574020153645,0.8474985866891035,20.38,1013.89
1791301007.8659828,69.5273399444081,0.8448637423400106,0.8445770590413922,0.8480628703560156,20.39,1013.882
1791301039.2094018,69.5291633226407,0.8461791134157395,0.8452674242994359,0.8482631590627733,20.4,1013.876
1791301070.5510933,69.533234654351,0.8457051820939028,0.8436695162387471,0.8478240771965377,20.39,1013.865
1791301101.896546,69.52980817340313,0.8436377797187911,0.8453510201927302,0.8477048659286923,20.39,1013.859
1791301133.2789714,69.52900049637448,0.8443086794630227,0.844712517977344,0.8477048659286923,20.39,1013.859
1791301164.6055775,69.52883333614689,0.8451155220723545,0.8451991021861521,0.8484240713941213,20.39,1013.861
1791301195.9529414,69.52702378857903,0.8444119382364413,0.8453167120203702,0.8478286194273592,20.38,1013.849
1791301227.3014178,69.52655376451588,0.8448805100407778,0.8451155220723545,0.8478667650667145,20.4,1013.851
1791301258.6549666,69.52534438747603,0.844393266869651,0.8449979553895772,0.8477048659286923,20.39,1013.843
1791301290.0005178,69.52728671517633,0.8456836818274985,0.844712517977344,0.847785899170744,20.4,1013.84
1791301321.3428502,69.52715078832124,0.8449816660931373,0.845049629520685,0.847742957554415,20.44,1013.841
1791301352.6882985,69.52901236534231,0.8461676635383976,0.8452368750278586,0.8482184301664851,20.4,1013.842
1791301384.0189226,69.53060361744767,0.8457269287300943,0.8449313026774192,0.8480167598126688,20.42,1013.835
1791301415.3483965,69.52925216843181,0.8444923549911653,0.8451680794990949,0.8480205366396276,20.4,1013.838
1791301446.6887884,69.52675640521947,0.8440538631408508,0.8453017447470168,0.8481824526319325,20.4,1013.84
1791301478.0362904,69.52907977305243,0.845065687851685,0.8439040039352091,0.8479434119416644,20.4,1013.845
1791301509.3797758,69.52867521930712,0.8442239167368097,0.8444261936094675,0.8478623739780529,20.39,1013.844
1791301540.7211735,69.53290432532617,0.8456354686511632,0.8435209156416378,0.8476668923615014,20.39,1013.839
1791301572.0748503,69.5319636513771,0.8446791987587841,0.8451495357333239,0.847785899170744,20.4,1013.833
1791301603.4131718,69.53156102881312,0.8446791987587841,0.8448805100407778,0.8480664314945208,20.39,1013.83
1791301634.759685,69.52924189258124,0.8445107031844818,0.8456702713004232,0.8478240771965377,20.39,1013.823
1791301666.1050246,69.52866982575308,0.844041685497198,0.8443277189112764,0.8479474641344622,20.36,1013.815
1791301697.4417706,69.52749866010136,0.8440094552279962,0.844595038053857,0.8488230349590937,20.36,1013.808
1791301728.7932243,69.52989355474656,0.8461791134157395,0.8449816660931373,0.8479434119416644,20.36,1013.797
1791301760.1277633,69.52925273299682,0.8442566481665228,0.8445770590413922,0.8477811677900867,20.36,1013.796
1791301791.4890995,69.52814065402943,0.844138978145384,0.8446950176290842,0.847900790070251,20.38,1013.784
1791301822.8476453,69.52942096864494,0.8449816660931373,0.8443415087853783,0.8479819142839425,20.35,1013.784
1791301854.1843204,69.52837883684383,0.8445107031844818,0.8450317690850371,0.8480242822031133,20.35,1013.784
1791301885.535625,69.52709785813097,0.844138978145384,0.8447794675018104,0.8476616696057293,20.35,1013.773
1791301916.873103,69.52756916855976,0.8452674242994359,0.8450317690850371,0.8484632404208133,20.36,1013.774
1791301948.2155674,69.52646001692447,0.844393266869651,0.8449478426872982,0.8481436588086756,20.36,1013.771
1791301979.543148,69.52535036124007,0.8449141241655458,0.845468952007745,0.8479050290542747,20.39,1013.769
1791302010.8765583,69.52504923590256,0.844393266869651,0.8445438295384101,0.8480628703560156,20.35,1013.762
1791302042.2191942,69.52376492634217,0.8440863973503945,0.8447285521305881,0.8476182486414597,20.36,1013.768
1791302073.5676403,69.52336002176781,0.8446950176290842,0.8448974699162617,0.8477811677900867,20.33,1013.765
1791302104.878284,69.52406583772029,0.8446615874392579,0.8443086794630227,0.8478623739780529,20.36,1013.764
1791302136.187539,69.52464171731418,0.8447285521305881,0.8444406123336425,0.847900790070251,20.35,1013.766
1791302167.5280023,69.52552068388572,0.8446438294276543,0.8442043461418847,0.8478579463141696,20.35,1013.765
1791302198.8684845,69.53020456096014,0.8458813760049536,0.8435394374677411,0.8481762374894437,20.38,1013.755
1791302230.218093,69.53179842912745,0.8455591255164061,0.8447621914327554,0.8480167598126688,20.38,1013.761
1791302261.56376,69.53419976681222,0.8450837705318685,0.8438831016894812,0.8478965157227194,20.38,1013.758
1791302292.90407,69.53315503870361,0.8456567493614342,0.8461791134157395,0.8480592795707258,20.38,1013.756
1791302324.2345293,69.53187339520413,0.8442566481665228,0.8448974699162617,0.8483412804258516,20.36,1013.755
1791302355.5682037,69.53140194447901,0.8447459407305763,0.8449816660931373,0.8481824526319325,20.38,1013.747
1791302386.9174018,69.53116599465602,0.8455522963889232,0.8456702713004232,0.8478240771965377,20.36,1013.746
1791302418.2561269,69.52901067034017,0.8439040039352091,0.8449816660931373,0.8486224036403689,20.38,1013.736
1791302449.6114664,69.52820198166347,0.8442239167368097,0.8446282610751603,0.847742957554415,20.35,1013.736
1791302480.9319391,69.53092699270225,0.845468952007745,0.8441064464883586,0.8479050290542747,20.36,1013.734
1791302512.2784965,69.5287715813128,0.845065687851685,0.8461433935464127,0.8479434119416644,20.38,1013.734
1791302543.6219983,69.53177025855425,0.8460249292150115,0.8445255905942881,0.8480628703560156,20.39,1013.735
1791302574.959488,69.53064907345049,0.8454401007846405,0.8460006933365161,0.8477330715312328,20.39,1013.73
1791302606.3008115,69.52847668754144,0.8440661806914821,0.8451523736460071,0.8483782460025391,20.4,1013.736
1791302637.6519353,69.53007053888159,0.8453558557881715,0.8445589301180975,0.8476946774341652,20.36,1013.727
1791302668.9859233,69.52966410469357,0.8444406123336425,0.8446438294276543,0.8480981436427578,20.36,1013.722
1791302700.343351,69.53199867419258,0.8459294761822604,0.8447621914327554,0.847656403324772,20.33,1013.72
1791302731.6729386,69.53786002519792,0.8455591255164061,0.8426284500137373,0.8478148789362387,20.32,1013.72
1791302763.014376,69.53552478605705,0.8441190332345296,0.8452866528049573,0.8479779824238849,20.33,1013.714
1791302794.352885,69.53200940813825,0.843647660671577,0.8454053496309814,0.8485007696914726,20.33,1013.715
1791302825.697275,69.53062106277947,0.8443554568412964,0.845049629520685,0.8480981436427578,20.35,1013.709
1791302857.0438874,69.5280524436587,0.8444074747404912,0.8456917843008787,0.8481404076920246,20.33,1013.71
1791302888.387477,69.52694020825967,0.8439362372916532,0.8444923549911653,0.8481404076920246,20.33,1013.698
1791302919.72975,69.52434779053276,0.8438718706356398,0.8451680794990949,0.8482213673143676,20.35,1013.692
1791302951.0663526,69.52539586838556,0.845049629520685,0.8445255905942881,0.8480592795707258,20.38,1013.698
1791302982.4188719,69.52779421713579,0.8448468350466914,0.843647660671577,0.8479393260315565,20.35,1013.692
1791303013.7602675,69.52650923932617,0.8448468350466914,0.8454893239514985,0.8482604034216534,20.38,1013.686
1791303045.101278,69.52569883393168,0.8446103921759587,0.8450155948732009,0.8480205366396276,20.36,1013.679
1791303076.4513762,69.52731929494274,0.8450997121800237,0.844289481674498,0.8477811677900867,20.35,1013.678
1791303107.8088756,69.52748819468819,0.8447794675018104,0.8446950176290842,0.8481824526319325,20.33,1013.678
1791303139.1352363,69.52924655081712,0.8452866528049573,0.8444074747404912,0.8477380351183225,20.36,1013.68
1791303170.4817421,69.53507402811059,0.8463806908928764,0.843466952246141,0.8482631590627733,20.36,1013.683
1791303201.8253293,69.53698953475674,0.844712517977344,0.8437547646542648,0.8483436984775343,20.39,1013.675
1791303233.166702,69.53588038312145,0.844393266869651,0.8449478426872982,0.8481436588086756,20.36,1013.672
1791303264.5051138,69.53389385173813,0.8441064464883586,0.8450997121800237,0.8478240771965377,20.39,1013.671
1791303295.84778,69.53551423308626,0.8443086794630227,0.8434984887889575,0.8481824526319325,20.4,1013.67
1791303327.184334,69.53366121528262,0.8445770590413922,0.8455035679432116,0.8478623739780529,20.36,1013.662
1791303358.525728,69.5308673037339,0.8437866993672499,0.8451836551416112,0.8479819142839425,20.4,1013.661
1791303389.8701663,69.52807025028042,0.8440214301314988,0.8454199568582368,0.8483021589621557,20.39,1013.655
1791303421.2018344,69.52430693007645,0.8441190332345296,0.8460006933365161,0.8479352059815501,20.39,1013.648
1791303452.5321054,69.52230531871021,0.8439478730736685,0.8449486787567847,0.8484989933627097,20.42,1013.646
1791303483.8856606,69.52101631675602,0.8452368750278586,0.8458813760049536,0.8483388421911722,20.4,1013.649
1791303515.2272465,69.51949027399856,0.8444738536491299,0.8452368750278586,0.8478965157227194,20.44,1013.645
1791303546.575816,69.52318811813034,0.8460006933365161,0.8441517712706262,0.8483782460025391,20.4,1013.641
1791303577.9051368,69.52903398548277,0.8464530573087087,0.8435301236324936,0.8477811677900867,20.42,1013.636
1791303609.2486312,69.53112803288309,0.8450155948732009,0.8439685711730375,0.8478194971905642,20.42,1013.638
1791303640.5902357,69.53095909762163,0.8448468350466914,0.8449313026774192,0.8481404076920246,20.4,1013.635
1791303671.9207733,69.53318721511015,0.8453707069107819,0.8442566481665228,0.8482604034216534,20.38,1013.633
1791303703.2600667,69.53214358593654,0.8441064464883586,0.8446282610751603,0.8480242822031133,20.36,1013.624
1791303734.605673,69.53463828081108,0.8460604462146633,0.844813098777389,0.8481824526319325,20.36,1013.62
1791303765.9501426,69.53254724786454,0.8443744403849675,0.8454199568582368,0.8478623739780529,20.36,1013.607
1791303797.2935793,69.53054685706792,0.8445589301180975,0.8455591255164061,0.8478148789362387,20.36,1013.597
1791303828.6291735,69.53176695593882,0.8452024234862175,0.8445923740507635,0.8479352059815501,20.36,1013.579
1791303859.9845786,69.53105381582013,0.8449992857288279,0.8453558557881715,0.8476946774341652,20.35,1013.573
1791303891.3260937,69.5315272935509,0.8441846119390476,0.8439478730736685,0.8480556587668859,20.36,1013.561
1791303922.6007044,69.52911995620067,0.8443554568412964,0.8455591255164061,0.8484593799133339,20.36,1013.554
1791303953.9511132,69.52702084131062,0.844677371285062,0.8457269287300943,0.8480167598126688,20.36,1013.543
1791303985.302586,69.52925060844368,0.8454893239514985,0.8443744403849675,0.8476997928534037,20.33,1013.534
1791304016.655002,69.53100797949065,0.8456917843008787,0.844813098777389,0.8480205366396276,20.35,1013.527
1791304048.001422,69.53070226610424,0.845385434972794,0.8455382916660006,0.8479434119416644,20.35,1013.517
1791304079.330909,69.53029778157672,0.8448974699162617,0.8450997121800237,0.8481824526319325,20.33,1013.515
1791304110.6824691,69.5324589855246,0.8452522131788797,0.8441716112049413,0.847900790070251,20.33,1013.511
1791304142.0250366,69.53141568736893,0.8444261936094675,0.8449478426872982,0.8478623739780529,20.33,1013.505
1791304173.375531,69.53252355400437,0.8454344433584979,0.8448805100407778,0.8480279968897109,20.36,1013.51
1791304204.7059748,69.53477179350676,0.8465095547239893,0.845385434972794,0.847785899170744,20.35,1013.505
1791304236.0494123,69.53429859182982,0.8445255905942881,0.8447621914327554,0.8483412804258516,20.35,1013.498
1791304267.3919466,69.53552426914989,0.8438296888921228,0.843216850232088,0.8481762374894437,20.35,1013.506
1791304298.739348,69.53904330815777,0.8458459168543376,0.8440863973503945,0.8483388421911722,20.35,1013.502
1791304330.073923,69.53944754725514,0.8455382916660006,0.8453361721173175,0.8478194971905642,20.38,1013.512
1791304361.424335,69.5340808167158,0.8434127086526174,0.8460960739222845,0.8480205366396276,20.39,1013.519
1791304392.768895,69.53175636669557,0.8440214301314988,0.8451836551416112,0.8481015786649563,20.39,1013.52
1791304424.1174896,69.53263179551764,0.8451836551416112,0.8447459407305763,0.8476236648205557,20.38,1013.521
1791304455.4592252,69.52950638944246,0.8443086794630227,0.8458713825006119,0.8478240771965377,20.39,1013.522
1791304486.794418,69.5271226809206,0.844360442127991,0.8455522963889232,0.8479858136476447,20.36,1013.528
1791304518.147784,69.52742452232084,0.844830119458903,0.8446791987587841,0.8479858136476447,20.38,1013.532
1791304549.4883137,69.52852979397467,0.8452825099611172,0.8447298741342056,0.8482271690096128,20.36,1013.528
1791304580.8398333,69.53206228951815,0.8447966007862111,0.8430303530144717,0.8478240771965377,20.36,1013.533
1791304612.1813772,69.53659250974017,0.8450317690850371,0.8427666589740258,0.8483047349337881,20.39,1013.54
1791304643.5248291,69.5347752454719,0.8449979553895772,0.8459065875237114,0.8475857779465816,20.39,1013.544
1791304674.870384,69.53612149030387,0.8441716112049413,0.8434984887889575,0.8481824526319325,20.39,1013.54
1791304706.2039008,69.5347656716001,0.8447621914327554,0.8454401007846405,0.8478965157227194,20.38,1013.548
1791304737.53425,69.53402306050937,0.8451180184061369,0.8454893239514985,0.8478965157227194,20.36,1013.558
1791304768.8726797,69.53008379087937,0.8438187334671707,0.8457883682821661,0.8480628703560156,20.38,1013.56
1791304800.2152302,69.52490191250898,0.8435524543612187,0.8461433935464127,0.8480628703560156,20.36,1013.566
1791304831.561919,69.52490191250898,0.8444261936094675,0.8444261936094675,0.848382783157616,20.33,1013.569
1791304862.910268,69.52432933266799,0.8445438295384101,0.844830119458903,0.8482631590627733,20.32,1013.569
1791304894.2536025,69.52681366561175,0.8460722859307845,0.844830119458903,0.8477048659286923,20.32,1013.576
1791304925.5952668,69.52688049550774,0.8447966007862111,0.8447631858382206,0.8480664314945208,20.31,1013.575
1791304956.9486637,69.52832617001872,0.8449141241655458,0.8441912869100607,0.8482242801619677,20.33,1013.577
1791304988.3051512,69.52634738889694,0.8439247336046549,0.8449141241655458,0.8483047349337881,20.33,1013.587
1791305019.6489825,69.52802910143754,0.8451495357333239,0.8443086794630227,0.8479434119416644,20.33,1013.593
1791305050.9970255,69.52722309324751,0.844712517977344,0.8451155220723545,0.8482631590627733,20.32,1013.594
1791305082.342672,69.52681801347512,0.8449313026774192,0.8451338425636129,0.8480592795707258,20.36,1013.589
1791305113.6722407,69.52681801347512,0.8449652411163059,0.8449652411163059,0.8480592795707258,20.35,1013.595
1791305145.014719,69.52897797232065,0.8451338425636129,0.8440538631408508,0.8480592795707258,20.35,1013.6
1791305176.358135,69.5260051872153,0.8447285521305881,0.8462149446832613,0.8476182486414597,20.33,1013.598
1791305207.698555,69.5275239915726,0.8451338425636129,0.8443744403849675,0.8482213673143676,20.35,1013.597
1791305239.0440574,69.52775943802938,0.8449478426872982,0.844830119458903,0.8478240771965377,20.35,1013.598
1791305270.3934853,69.52927107231511,0.8450317690850371,0.8442759519421683,0.8481436588086756,20.36,1013.586
1791305301.744025,69.53412477813984,0.846319553623027,0.8438927007106614,0.8483850236398951,20.35,1013.591
1791305333.0995746,69.53452681260853,0.8448469998289035,0.8446459825945567,0.8482658919640864,20.35,1013.585
1791305364.4461,69.5342922336025,0.84504781003197,0.8451650995349843,0.8480279968897109,20.36,1013.587
1791305395.7884877,69.53492647236314,0.8457316473633517,0.8454145279830316,0.8484670375081432,20.38,1013.583
1791305427.129045,69.53382282082336,0.8444959842620823,0.84504781003197,0.8478711200314908,20.35,1013.589
1791305458.4755077,69.53619871360793,0.84651950255571,0.8453315561634233,0.8484261361041309,20.35,1013.589
1791305489.8191311,69.53104525026653,0.8438607666886061,0.8464374983593073,0.8484651467939197,20.33,1013.594
1791305521.1665685,69.52780444417604,0.8436280104781855,0.8452484135234293,0.8480699633518934,20.36,1013.591
1791305552.49587,69.52502138723943,0.8444447580085965,0.8458362864769008,0.8485843197937105,20.35,1013.598
1791305583.8244815,69.52815531339857,0.8462619807086554,0.8446950176290842,0.8485419445584843,20.36,1013.599
1791305615.1710432,69.5290678485976,0.8448637423400106,0.8444074747404912,0.847900790070251,20.36,1013.599
1791305646.5145724,69.52849376311238,0.8447285521305881,0.8450155948732009,0.8479393260315565,20.38,1013.605
1791305677.8590977,69.5287948104087,0.8443744403849675,0.8442239167368097,0.8479819142839425,20.38,1013.612
1791305709.1523404,69.52977461501104,0.8438398369277811,0.8433499346266095,0.8483436984775343,20.36,1013.616
1791305740.5028613,69.53001014830761,0.8451495357333239,0.8450317690850371,0.8480628703560156,20.36,1013.619
1791305771.8514605,69.52954064582298,0.8442759519421683,0.8445107031844818,0.8479050290542747,20.36,1013.621
1791305803.197818,69.5275250152708,0.8441912869100607,0.8451991021861521,0.8478667650667145,20.33,1013.62
1791305834.5545633,69.52524282702987,0.8441263301789724,0.8452674242994359,0.8484240713941213,20.36,1013.624
1791305865.8978417,69.52762587658994,0.8452332102772344,0.844041685497198,0.8481049852824327,20.36,1013.627
1791305897.2413647,69.52705578155184,0.8446791987587841,0.8449642462778371,0.8476668923615014,20.36,1013.619
1791305928.5879805,69.53030773855075,0.846154878622275,0.8445289001228229,0.8477478393491465,20.36,1013.613
1791305959.9292388,69.53027880892074,0.8444447580085965,0.8444592228235972,0.8478240771965377,20.38,1013.613
1791305991.2598307,69.52855697951907,0.8443415087853783,0.8452024234862175,0.8481404076920246,20.35,1013.605
1791306022.6043906,69.52652268720993,0.8438296888921228,0.8448468350466914,0.8480592795707258,20.38,1013.592
1791306053.9437177,69.5285903291595,0.8461676635383976,0.8451338425636129,0.8479779824238849,20.38,1013.589
1791306085.2873447,69.52865718953915,0.8446950176290842,0.8446615874392579,0.8476616696057293,20.39,1013.588
1791306116.6318352,69.52976813450648,0.8449816660931373,0.8444261936094675,0.8479819142839425,20.33,1013.587
1791306147.9721723,69.53087468457885,0.8447966007862111,0.8442433257500292,0.8481049852824327,20.35,1013.589
1791306179.3188121,69.53412165082824,0.8450816136678448,0.8434581305431484,0.8478286194273592,20.35,1013.587
1791306210.6602237,69.5347581781948,0.8452825099611172,0.8449642462778371,0.8479092331118486,20.33,1013.585
1791306242.0148075,69.53197733394855,0.8436911915447161,0.8450816136678448,0.8482658919640864,20.35,1013.588
1791306273.3542175,69.52768222929629,0.8439247336046549,0.8460722859307845,0.8479474641344622,20.35,1013.59
1791306304.6796403,69.52999888247786,0.8457533646446412,0.844595038053857,0.8481049852824327,20.36,1013.594
1791306336.0171678,69.53080274026392,0.8459542252819563,0.8455522963889232,0.8481855216975077,20.38,1013.608
1791306367.3696713,69.53113477061687,0.8458362864769008,0.8456702713004232,0.8479050290542747,20.39,1013.605
1791306398.7132,69.52800335783404,0.8444592228235972,0.8460249292150115,0.8481436588086756,20.38,1013.611
1791306430.05581,69.52688798318776,0.8446103921759587,0.8451680794990949,0.8478194971905642,20.39,1013.62
1791306461.3880885,69.52952340868087,0.8454893239514985,0.8441716112049413,0.8479779824238849,20.39,1013.62
1791306492.719578,69.52807505054825,0.8443415087853783,0.845065687851685,0.8480628703560156,20.39,1013.618
1791306524.0690775,69.52649300369245,0.8441064464883586,0.8448974699162617,0.8479819142839425,20.38,1013.622
1791306555.406617,69.52737007535607,0.8450155948732009,0.8445770590413922,0.8481015786649563,20.39,1013.626
1791306586.7440476,69.53535370217166,0.846499524290609,0.8425077108828146,0.847900790070251,20.38,1013.63
1791306618.0995986,69.53343720452514,0.8438718706356398,0.844830119458903,0.8479434119416644,20.4,1013.634
1791306649.4392254,69.53175955543799,0.844041685497198,0.8448805100407778,0.8483850236398951,20.36,1013.635
1791306680.7705946,69.52770278718287,0.8438079023493482,0.8458362864769008,0.8480664314945208,20.36,1013.632
1791306712.1141832,69.52846705371111,0.844041685497198,0.8436595522330784,0.8479474641344622,20.35,1013.639
1791306743.4526007,69.52712875465387,0.8442950967492188,0.8449642462778371,0.8481468831106393,20.35,1013.642
1791306774.800021,69.52568772677884,0.8449979553895772,0.8457184693270932,0.8488230349590937,20.35,1013.638
1791306806.1324759,69.52441729163189,0.8444959842620823,0.8451312018355586,0.8484261361041309,20.38,1013.639
1791306837.4729793,69.5285423546814,0.8460960739222845,0.8440335423975307,0.8478965157227194,20.36,1013.636
1791306868.8534367,69.52549835179786,0.8444074747404912,0.8459294761822604,0.8481793580028212,20.38,1013.638
1791306900.2050006,69.52630809067766,0.8453361721173175,0.8449313026774192,0.8479393260315565,20.38,1013.635
1791306931.5527308,69.52789146504098,0.8452178807911311,0.8444261936094675,0.8481404076920246,20.35,1013.627
1791306962.9080288,69.52836131585451,0.8449141241655458,0.8446791987587841,0.8481049852824327,20.36,1013.615
1791306994.2523994,69.52715292776846,0.844712517977344,0.8453167120203702,0.8481049852824327,20.39,1013.61
1791307025.6020103,69.525478908538,0.8442108004167421,0.84504781003197,0.8481468831106393,20.36,1013.605
1791307056.942479,69.52461040222327,0.8445798575225514,0.8450141106799148,0.8482686024059127,20.38,1013.614
1791307088.2910082,69.52708452904426,0.8456490016469318,0.8444119382364413,0.8481083638460607,20.36,1013.618
1791307119.6355338,69.5260477775452,0.84504781003197,0.8455661857814994,0.8481083638460607,20.36,1013.611
1791307150.9909358,69.52651590147497,0.8451312018355586,0.8448971398706735,0.8481083638460607,20.36,1013.617
1791307182.3333547,69.52714981463465,0.8443466019701618,0.844029645390317,0.8485060109985078,20.36,1013.622
1791307213.6828418,69.52875443834164,0.8450974086027114,0.8442950967492188,0.8482686024059127,20.38,1013.623
1791307245.0235639,69.52862218819763,0.8445798575225514,0.8446459825945567,0.8484670375081432,20.36,1013.633
1791307276.3749301,69.52781503560261,0.8439568658304798,0.844360442127991,0.8478240771965377,20.32,1013.63
1791307307.7223222,69.5272450795614,0.8449141241655458,0.8451991021861521,0.8487431575058101,20.36,1013.645
1791307339.0629263,69.52731404199056,0.8455661857814994,0.8455317045669174,0.8483072897029397,20.39,1013.653
1791307370.4062662,69.5277821307068,0.8446459825945567,0.8444119382364413,0.8483460965957916,20.36,1013.661
1791307401.7508144,69.52982452017865,0.8462017302976397,0.845180535561713,0.8482271690096128,20.38,1013.664
1791307433.0833519,69.53316296203383,0.846365886123992,0.8446966651964064,0.8484670375081432,20.39,1013.672
1791307464.424749,69.53229799530526,0.8445976502467193,0.8450301336110055,0.8481915843946916,20.36,1013.671
1791307495.749318,69.53246471160361,0.8448304460235995,0.8447470878744217,0.8484281838807631,20.36,1013.672
1791307527.0488315,69.53389437216941,0.8458615833525656,0.845146753069664,0.8481915843946916,20.35,1013.678
1791307558.3932333,69.53232639248225,0.8450301336110055,0.8458141234545896,0.8482712906639835,20.38,1013.679
1791307589.7427454,69.53436560735149,0.846365886123992,0.8453462786893741,0.8481500809282986,20.35,1013.68
1791307621.0914237,69.52906629932461,0.8434581305431484,0.846107784556587,0.8481049852824327,20.36,1013.68
1791307652.4407706,69.52983480228853,0.84504781003197,0.8446635585500064,0.8482271690096128,20.36,1013.683
1791307683.781291,69.53006839844467,0.8442108004167421,0.8440940023386772,0.8481083638460607,20.36,1013.667
1791307715.1217039,69.52631113364605,0.8438398369277811,0.8457184693270932,0.8476668923615014,20.32,1013.663
1791307746.4583056,69.5246359580337,0.8447631858382206,0.8456007736443975,0.8481855216975077,20.36,1013.656
1791307777.8076537,69.52359781059877,0.8442108004167421,0.8447298741342056,0.8479896809162016,20.39,1013.647
1791307809.1441596,69.52383223397452,0.8452484135234293,0.8451312018355586,0.8481083638460607,20.38,1013.637
1791307840.4946074,69.5297722161603,0.8460487667436718,0.8430787756507827,0.8481083638460607,20.36,1013.632
1791307871.829191,69.53030676930233,0.8453803508341091,0.8451130742630922,0.8477952455211544,20.38,1013.618
1791307903.1806402,69.52874519966387,0.8442493487917798,0.8450301336110055,0.8483894495642583,20.39,1013.609
1791307934.5222356,69.52738863848614,0.8453123110656544,0.8459905916545217,0.8483123366723408,20.35,1013.603
1791307965.865609,69.52984632428516,0.844416315235034,0.8431874723355252,0.8481150381866077,20.38,1013.603
1791307997.1960557,69.52818634682053,0.8445648476547125,0.8453948363870232,0.8480353351469727,20.35,1013.606
1791308028.5346887,69.52729597535284,0.8450460258028291,0.8454912115366741,0.8485497489757924,20.36,1013.608
1791308059.8760514,69.52835473980807,0.8451774762206037,0.8446480939929888,0.8479633439441779,20.38,1013.604
1791308091.2246015,69.52902290536993,0.8447972526230031,0.8444631698420713,0.8480353351469727,20.36,1013.599
1791308122.573144,69.53029268730396,0.8446966651964064,0.8440617742293894,0.8479896809162016,20.38,1013.597
1791308153.9006128,69.53099642469547,0.8452825099611172,0.844930641265359,0.8482271690096128,20.36,1013.603
1791308185.2470613,69.52939145673076,0.8444119382364413,0.8452144222187955,0.8483072897029397,20.35,1013.601
1791308216.5886009,69.52919239848559,0.8448637416152749,0.8449632707378631,0.8482686024059127,20.38,1013.596
1791308247.9320939,69.52856140075973,0.8448803465176453,0.8451958453805781,0.8483508340099055,20.38,1013.589
1791308279.2675729,69.52886364033353,0.8459088009724866,0.8457576811855867,0.848548213603449,20.35,1013.588
1791308310.6070955,69.53137863489407,0.8462701524849056,0.8450126552046318,0.8486673881099093,20.35,1013.582
1791308341.9486334,69.53187867882647,0.8447641609437381,0.8445141389775349,0.8484302149314822,20.32,1013.575
1791308373.3010616,69.52965038481712,0.8440816983758997,0.8451958453805781,0.84870543284072,20.32,1013.578
1791308404.6196327,69.52822269349839,0.8446809907276599,0.8453948363870232,0.8482712906639835,20.35,1013.574
1791308435.969896,69.53234139582361,0.8467733396952417,0.8447139885326369,0.8481532525866302,20.35,1013.572
1791308467.3184834,69.53383849794338,0.8466921824635378,0.8459436314036491,0.8481532525866302,20.39,1013.576
1791308498.6699984,69.53320653139045,0.8449136335231807,0.8452296167996424,0.8483894495642583,20.39,1013.568
1791308530.000371,69.53116573032798,0.8452634920827188,0.8462838926139487,0.8482300341527022,20.38,1013.564
1791308561.351883,69.53106484283545,0.8445976502467193,0.8446480939929888,0.8481532525866302,20.36,1013.561
1791308592.6925302,69.52830147148501,0.8447139885326369,0.8460956742078577,0.84870543284072,20.32,1013.564
1791308624.0248783,69.52923272181565,0.8454288959031813,0.8449632707378631,0.8484302149314822,20.33,1013.565
1791308655.36738,69.52996279196599,0.8450460258028291,0.8446809907276599,0.8483123366723408,20.33,1013.555
1791308686.7117984,69.52982629337868,0.8453462786893741,0.8454145279830316,0.8483484750260958,20.35,1013.568
1791308718.0324094,69.52995964614921,0.8449470229029143,0.8448803465176453,0.8482712906639835,20.35,1013.562
1791308749.383808,69.5306599116613,0.8461423419693763,0.8457922092133284,0.8485094339257022,20.35,1013.555
1791308780.7303362,69.53594646624857,0.845545600076104,0.8429023227824683,0.848548213603449,20.33,1013.551
1791308812.0758598,69.53055930631727,0.843133263140794,0.8458268431064435,0.8483894495642583,20.35,1013.546
1791308843.4223385,69.52813232759812,0.8446480939929888,0.8458615833525656,0.8483894495642583,20.32,1013.547
1791308874.746826,69.52922703396123,0.8450794986653807,0.8445321454838222,0.848548213603449,20.31,1013.545
1791308906.0913503,69.52892562823217,0.8450637193542654,0.8452144222187955,0.8481500809282986,20.31,1013.543
1791308937.4368303,69.52755448109444,0.8446459825945567,0.8453315561634233,0.8479896809162016,20.32,1013.541
1791308968.7783816,69.52871853365046,0.844379219712898,0.8437971934348907,0.8479896809162016,20.33,1013.532
1791309000.1337292,69.52775483681314,0.8445976502467193,0.8450794986653807,0.84870543284072,20.32,1013.524
1791309031.4932811,69.52656160495889,0.8454288959031813,0.8460255118303084,0.8486663328728382,20.32,1013.524
1791309062.8338137,69.52788591020004,0.8448471614161988,0.844185008795619,0.8483123366723408,20.32,1013.512
1791309094.1773338,69.53079701543795,0.8458394591834506,0.8443839065644949,0.8484707727253845,20.35,1013.512
1791309125.5178192,69.52977215612046,0.8453270295247003,0.8458394591834506,0.8489816024350714,20.32,1013.518
1791309156.863393,69.52977215612046,0.8453270295247003,0.8453270295247003,0.8481563984053162,20.31,1013.519
1791309188.2067063,69.53023514087492,0.8452932812262662,0.8450617888490363,0.8483938035918596,20.33,1013.525
1791309219.555371,69.52934440904367,0.8445500055884633,0.8449953715040862,0.8485111245273543,20.29,1013.52
1791309250.8857894,69.53184034004403,0.8467192681508714,0.8454713026506926,0.8485912164011394,20.32,1013.522
1791309282.220151,69.53302067828834,0.8460952854007819,0.8455051162786259,0.8485512719027575,20.35,1013.525
1791309313.5027597,69.52928503700801,0.8444023318447408,0.8462701524849056,0.848042554379455,20.36,1013.532
1791309344.8471224,69.52488827410565,0.8447810950594841,0.8469794765106639,0.8484322294603762,20.33,1013.535
1791309376.1976438,69.5236294949089,0.8449299926641618,0.845559382262535,0.8481945786418046,20.39,1013.543
1791309407.5522451,69.52927673059817,0.8461186821688145,0.8432950643241822,0.8487461242837873,20.36,1013.551
1791309438.8975964,69.52911401645176,0.845886469294083,0.8459678263672865,0.8484726176033595,20.35,1013.555
1791309470.2281911,69.52957562451995,0.8454234552430836,0.8451926512089852,0.8485512719027575,20.36,1013.557
1791309501.554872,69.5265250223331,0.8445353285255585,0.8460606296189794,0.8494497224812677,20.35,1013.551
1791309532.887201,69.52606478308714,0.8453225896337169,0.8455527092566973,0.848552782535053,20.36,1013.548
1791309564.2446864,69.52419283483687,0.8451593112756478,0.8460952854007819,0.8487862813683401,20.33,1013.535
1791309595.5841846,69.53043581710848,0.8462109103945569,0.843089419258746,0.8482004944344717,20.35,1013.529
1791309626.937648,69.53237462666004,0.8458987612809757,0.8449293565051977,0.8487081033032055,20.35,1013.525
1791309658.2930868,69.53152236282926,0.8454039820322751,0.8458301139476656,0.8486309595564242,20.36,1013.517
1791309689.638727,69.53276530356037,0.8464174161212602,0.8457959457557102,0.84890329758346,20.35,1013.505
1791309720.9641955,69.52951963884735,0.844749316376981,0.8463721487334886,0.8490974205520765,20.33,1013.491
1791309752.3065784,69.53381813871344,0.8467994147596967,0.8446501648266515,0.8482792250260948,20.31,1013.479
1791309783.6461487,69.53319225830377,0.844913152331062,0.8452260925359013,0.8485512719027575,20.32,1013.467
1791309814.99162,69.53427459284578,0.8452410328809475,0.8446998656099453,0.8487081033032055,20.32,1013.459
1791309846.3390586,69.53263721613544,0.8445852936771063,0.8454039820322751,0.848514464847594,20.32,1013.451
1791309877.6865115,69.53482873475309,0.8456810529859301,0.8445852936771063,0.8486309595564242,20.31,1013.45
1791309909.0160148,69.53515433328512,0.8455189088800258,0.8453561096140118,0.848474447572492,20.32,1013.452
1791309940.339557,69.53492479316184,0.8450929337507433,0.845207703812386,0.8487475717644608,20.29,1013.461
1791309971.6859117,69.5318158766286,0.8446673876205933,0.8462218458872086,0.8488255131291259,20.32,1013.459
1791310003.0285344,69.53119565488372,0.8450269563109645,0.845337067183403,0.8487482867802256,20.31,1013.454
1791310034.3738801,69.52955961391743,0.8450929337507433,0.8459109542338855,0.8486309595564242,20.29,1013.463
1791310065.7166126,69.52824719289353,0.844896498744746,0.8455527092566973,0.8483197544887844,20.31,1013.465
1791310097.06503,69.52769150883034,0.8453561096140118,0.8456339516456027,0.848552782535053,20.31,1013.465
1791310128.4114134,69.53048299080038,0.8466034447974038,0.845207703812386,0.8486694730141955,20.29,1013.468
1791310159.7549217,69.5313372771068,0.8452744630538136,0.8448473199006032,0.8487862813683401,20.29,1013.476
1791310191.1085584,69.52814085508997,0.8441723285792141,0.8457705395876265,0.848004836835752,20.31,1013.463
1791310222.4510128,69.52899827590133,0.8449462189324167,0.8445175085267399,0.8483938035918596,20.29,1013.463
1791310253.7984717,69.52897825071054,0.8464425114875481,0.8464525240829454,0.848474447572492,20.29,1013.46
1791310285.1438286,69.52983129245204,0.8457491105044702,0.8453225896337169,0.848552782535053,20.29,1013.455
1791310316.489327,69.52927466482093,0.8450442758181637,0.8453225896337169,0.848474447572492,20.28,1013.463
1791310347.8319762,69.5295041225751,0.8450112276218311,0.844896498744746,0.8482034165660621,20.28,1013.441
1791310379.1603436,69.5295041225751,0.8451744753901602,0.8451744753901602,0.84890329758346,20.26,1013.441
1791310410.4839272,69.52911189468388,0.844749316376981,0.8449454303225944,0.848980925600821,20.26,1013.433
1791310441.8282924,69.53051839552688,0.8459109542338855,0.845207703812386,0.8486309595564242,20.26,1013.432
1791310473.1768892,69.52849027495388,0.8447818854692114,0.8457959457557102,0.8488255131291259,20.29,1013.429
1791310504.517352,69.52678223573069,0.8454375913899611,0.8462916110015558,0.8487475717644608,20.28,1013.424
1791310535.870917,69.52507013419128,0.8448801861393443,0.8457362369090511,0.8482384902367901,20.29,1013.427
1791310567.2343812,69.52389123450968,0.8455866121673946,0.846176062008197,0.8487862813683401,20.29,1013.422
1791310598.5710468,69.52622012435188,0.8463721487334886,0.845207703812386,0.8486309595564242,20.29,1013.416
1791310629.9012067,69.52723517297977,0.8458301139476656,0.8453225896337169,0.8489032077761841,20.32,1013.415
1791310661.2397563,69.53103647310111,0.8465680376812601,0.8446673876205933,0.8486309595564242,20.31,1013.42
1791310692.5892444,69.53126540294919,0.8450598952466306,0.8449454303225944,0.848980925600821,20.33,1013.417
1791310723.9287758,69.5343758857645,0.8463371268768708,0.8447818854692114,0.8482034165660621,20.33,1013.413
1791310755.2752683,69.53280868313534,0.8449782792739163,0.8457618805884998,0.848514464847594,20.32,1013.409
1791310786.6029048,69.5365300136046,0.8465775106731567,0.8447168454385262,0.8488645477356812,20.32,1013.403
1791310817.9302702,69.5348985230976,0.8447168454385262,0.8455325906920313,0.8487482867802256,20.32,1013.414
1791310849.2647433,69.53381833765879,0.8452558530363042,0.8457959457557102,0.8488645477356812,20.36,1013.413
1791310880.6183262,69.5325760221802,0.8456810529859301,0.8463022107252294,0.8490974205520765,20.35,1013.401
1791310911.9597063,69.53172562228094,0.8452558530363042,0.8456810529859301,0.8488645477356812,20.35,1013.396
1791310943.3052008,69.53050276791083,0.8454375913899611,0.8460490185750185,0.8486309595564242,20.36,1013.389
1791310974.6510115,69.52892372950491,0.8446002121262226,0.8453897313291806,0.8489422320446742,20.33,1013.387
1791311005.9911695,69.5315812137201,0.846176062008197,0.8448473199006032,0.8485912164011394,20.35,1013.374
1791311037.3266728,69.52886117375934,0.8445852936771063,0.8459453136574886,0.8483577966384457,20.35,1013.369
1791311068.6670847,69.52915868288693,0.845715030313807,0.845566275750014,0.8486309595564242,20.33,1013.367
1791311100.0135856,69.53125404976322,0.8468436291938548,0.8457959457557102,0.8488255131291259,20.33,1013.362
1791311131.309155,69.53328249678881,0.8466481751584026,0.8456339516456027,0.8493307624204394,20.33,1013.361
1791311162.651973,69.53482545017818,0.8466481751584026,0.8458766984637236,0.8490974205520765,20.29,1013.355
1791311194.0011206,69.5327995336655,0.8448637402073852,0.8458766984637236,0.8486705028871112,20.32,1013.35
1791311225.3276112,69.52992321788231,0.8454852105729351,0.8469233684645289,0.84890329758346,20.35,1013.35
1791311256.67308,69.53116678449561,0.8459109542338855,0.8452891709272394,0.8488255131291259,20.33,1013.345
1791311288.0175774,69.53047612187885,0.8448473199006032,0.8451926512089852,0.8485912164011394,20.31,1013.337
1791311319.3559356,69.53188627059245,0.8458643856324473,0.8451593112756478,0.8489032077761841,20.33,1013.339
1791311350.699471,69.53179581679966,0.8464425114875481,0.8464877383839469,0.8489422320446742,20.32,1013.325
1791311382.0430737,69.52967178684256,0.8446998656099453,0.8457618805884998,0.8488643016495621,20.32,1013.324
1791311413.3964233,69.52967178684256,0.8457618805884998,0.8457618805884998,0.8488645477356812,20.28,1013.315
1791311444.73388,69.5284313433528,0.8444067345660877,0.8450269563109645,0.8493685085251026,20.28,1013.306
1791311476.0864618,69.52751569852865,0.8453847234665876,0.8458425458786659,0.8487873975047975,20.29,1013.299
1791311507.441942,69.52650403673509,0.8451413471590635,0.8456471780558414,0.8486705028871112,20.31,1013.286
1791311538.7874448,69.52643760167328,0.8452226355053968,0.8452558530363042,0.8490583976526641,20.29,1013.276
1791311570.1160195,69.52549724247659,0.8458425458786659,0.8463127254770084,0.8487482867802256,20.31,1013.277
1791311601.4544055,69.52627940339472,0.8453037607778294,0.8449126803187622,0.8487098478964683,20.31,1013.276
1791311632.800923,69.52696648125712,0.8458425458786659,0.8454990069474679,0.849019492179981,20.32,1013.27
1791311664.1463134,69.52712763732197,0.8458084960131929,0.8457279179807718,0.849019492179981,20.31,1013.265
1791311695.4909024,69.52983443892316,0.8463475172949139,0.8449941164943167,0.8484002036129557,20.31,1013.257
1791311726.838399,69.53185220657019,0.8458889126395351,0.8448800288160182,0.8485557675063978,20.31,1013.25
1791311758.1787922,69.53123353856324,0.8453847234665876,0.8456940574700611,0.8488259145514817,20.31,1013.241
1791311789.519343,69.53331926918534,0.845613405061342,0.8445705397502933,0.8487098478964683,20.29,1013.233
1791311820.864823,69.5292181704325,0.8444567214561667,0.8465072708325855,0.8489033866704416,20.31,1013.227
1791311852.1922457,69.5316953247006,0.8459230493448546,0.844684472210804,0.8485161148944107,20.31,1013.208
1791311883.5376954,69.52774722878345,0.8451083186666298,0.8470823666252042,0.8489420977450115,20.28,1013.193
1791311914.8682177,69.52774722878345,0.8458889126395351,0.8458889126395351,0.8490967315082711,20.31,1013.17
1791311946.2127445,69.52921344188361,0.8458084960131929,0.8450753894631139,0.8492128757361666,20.28,1013.174
1791311977.5594513,69.53332223273799,0.8449941164943167,0.8429397210671329,0.8485161148944107,20.31,1013.162
1791312008.9148433,69.53091248781004,0.8447985190095589,0.8460033914735348,0.8489420977450115,20.29,1013.149
1791312040.2542763,69.52843409055347,0.8451083186666298,0.8463475172949139,0.8487098478964683,20.29,1013.13
1791312071.60574,69.52634487333444,0.8449126803187622,0.8459572889282798,0.849252052931646,20.31,1013.128
1791312102.94724,69.5278140985204,0.8451413471590635,0.8444067345660877,0.8487482867802256,20.29,1013.115
1791312134.2777195,69.52595343328576,0.8447168454385262,0.8456471780558414,0.8484381759077873,20.28,1013.113
1791312165.6232255,69.52409463534333,0.8451083186666298,0.8460377176378429,0.8488259145514817,20.28,1013.106
1791312196.9656775,69.52386554196258,0.845337067183403,0.8454516138737816,0.8491748144503993,20.29,1013.094
1791312228.3112235,69.52588581975486,0.8466573169519849,0.8456471780558414,0.8488645477356812,20.28,1013.089
1791312259.653091,69.52928110607209,0.8470823666252042,0.8453847234665876,0.8492128757361666,20.28,1013.085
1791312290.9992235,69.53276485727652,0.8469313934839556,0.845189517881743,0.8487873975047975,20.26,1013.087
1791312322.3465614,69.52989814197586,0.8449941164943167,0.8464274741446426,0.8485938976047168,20.29,1013.086
1791312353.6911476,69.5300594467933,0.8456940574700611,0.845613405061342,0.8487098478964683,20.28,1013.082
1791312385.029601,69.52719801215673,0.8445384510259955,0.8459691683442832,0.8495223648018915,20.29,1013.086
1791312416.377023,69.52921639974217,0.8455797335430099,0.8445705397502933,0.8487489960727226,20.28,1013.079
1791312447.7275403,69.52944558695293,0.8461179850789177,0.8460033914735348,0.8489033866704416,20.29,1013.077
1791312479.0811863,69.52758865255858,0.8448800288160182,0.8458084960131929,0.8492128757361666,20.29,1013.077
1791312510.4245284,69.52696967442712,0.8454990069474679,0.8458084960131929,0.8487098478964683,20.29,1013.084
1791312541.774098,69.5302263423319,0.8470464522760923,0.8454181183237008,0.8491357142085527,20.31,1013.083
1791312573.115535,69.52784098654078,0.8455797335430099,0.8467724114385695,0.8485938976047168,20.32,1013.079
1791312604.4650261,69.5272210761675,0.8449126803187622,0.8452226355053968,0.8488645477356812,20.31,1013.063
1791312635.8535805,69.52627821850793,0.845337067183403,0.8458084960131929,0.8488645477356812,20.32,1013.072
1791312667.1869638,69.5267351235099,0.8454990069474679,0.8452705544464847,0.8490967315082711,20.32,1013.061
1791312698.5245872,69.52706112982958,0.8448474753706418,0.844684472210804,0.8490967315082711,20.31,1013.044
1791312729.8770523,69.53015446986431,0.8469313934839556,0.8453847234665876,0.849019492179981,20.29,1013.043
1791312761.2324867,69.53201047388515,0.8450753894631139,0.844147387452693,0.8489033866704416,20.26,1013.042
1791312792.5672302,69.5303837373462,0.8453847234665876,0.8461980917360602,0.8487873975047975,20.31,1013.053
1791312823.9053953,69.53263077278574,0.8456940574700611,0.8445705397502933,0.8489807036047868,20.29,1013.055
1791312855.2369523,69.53317999681565,0.8463925970938735,0.8461179850789177,0.8489807036047868,20.28,1013.039
1791312886.5795882,69.53627333685039,0.8469313934839556,0.8453847234665876,0.8483623454117365,20.32,1013.037
1791312917.872035,69.5388145981132,0.846622059480482,0.8453514288490743,0.8487873975047975,20.33,1013.035
1791312949.2203403,69.53672994623827,0.8455797335430099,0.846622059480482,0.8487873975047975,20.32,1013.038
1791312980.557029,69.53549446724784,0.8447336893538656,0.8453514288490743,0.849057865820327,20.29,1013.024
1791313011.900303,69.53039127208085,0.8442294266813491,0.8467810242648481,0.8487489960727226,20.32,1013.026
1791313043.2258983,69.5296113273441,0.8448474753706418,0.8452374477390131,0.8487489960727226,20.32,1013.027
1791313074.5725145,69.5279166281407,0.8447660554596402,0.845613405061342,0.8489033866704416,20.32,1013.024
1791313105.9157932,69.52628927197397,0.8447660554596402,0.8455797335430099,0.8487873975047975,20.32,1013.014
1791313137.2464194,69.52358688153376,0.8446521962534344,0.8460033914735348,0.8490967315082711,20.32,1013.009
1791313168.5949512,69.52482421754766,0.8460033914735348,0.8453847234665876,0.8487873975047975,20.31,1012.999
1791313199.9372494,69.52521423770051,0.8455797335430099,0.8453847234665876,0.8484780635013238,20.31,1013.006
1791313231.2658968,69.52443380637797,0.845189517881743,0.8455797335430099,0.8486715245082617,20.29,1013.0
1791313262.5933855,69.52651668091576,0.8458889126395351,0.8448474753706418,0.8488647918510441,20.31,1012.996
1791313293.937742,69.53006461050013,0.8460033914735348,0.8442294266813491,0.8489807036047868,20.32,1012.989
1791313325.2812865,69.53276406809677,0.8457745484045808,0.8444248196062613,0.8485557675063978,20.33,1012.963
1791313356.630841,69.5315292068761,0.8452374477390131,0.8458548783493471,0.8489420314010174,20.31,1012.959
1791313387.9692476,69.53013400678039,0.8452374477390131,0.8459350477868707,0.8493667355679313,20.29,1012.943
1791313419.3228145,69.53244507204957,0.8461980917360602,0.8450425591014701,0.8486715245082617,20.28,1012.94
1791313450.6535232,69.5304330581875,0.8452374477390131,0.8462434546700501,0.8485557675063978,20.31,1012.933
1791313482.008648,69.52981655238116,0.8448961873045895,0.8452044402077565,0.8487107097354857,20.28,1012.928
1791313513.3521376,69.52942747328376,0.8455461630441802,0.8457407025928816,0.8489420314010174,20.28,1012.915
1791313544.6937504,69.5314433521448,0.844815019541574,0.8438070801110525,0.8488263127639065,20.29,1012.919
1791313576.0182283,69.5295910603138,0.844928732433846,0.8458548783493471,0.8486333160958505,20.31,1012.9
1791313607.3696237,69.53105526715478,0.8452705544464847,0.8445384510259955,0.849289882701312,20.29,1012.899
1791313638.7071326,69.52858430917395,0.8453514288490743,0.8465869078394919,0.8485557675063978,20.26,1012.901
1791313670.054692,69.5289739388971,0.8457745484045808,0.8455797335430099,0.8488647918510441,20.29,1012.895
1791313701.4072015,69.52750880354485,0.8454655240599345,0.8461980917360602,0.8485557675063978,20.26,1012.898
1791313732.7536805,69.52842541514556,0.8464274741446426,0.8459691683442832,0.8490967315082711,20.26,1012.905
1791313764.0901356,69.53112194621919,0.8455461630441802,0.8441978975073691,0.8486333160958505,20.23,1012.907
1791313795.4366567,69.53004804071755,0.8456266409036913,0.8461635936545142,0.8484023028523062,20.25,1012.911
1791313826.7841425,69.52858567327075,0.8456266409036913,0.8463578246270865,0.8486333160958505,20.26,1012.918
1791313858.1235797,69.52812919837945,0.8456266409036913,0.8458548783493471,0.8488263127639065,20.26,1012.912
1791313889.4650767,69.53014432631636,0.8467016214385198,0.8456940574700611,0.8486715245082617,20.26,1012.921
1791313920.8146834,69.53362605650851,0.8454655240599345,0.8437246589638588,0.8483623454117365,20.28,1012.923
1791313952.1579766,69.53177191044063,0.8454655240599345,0.8463925970938735,0.8486715245082617,20.26,1012.923
1791313983.4955323,69.53161060562319,0.845613405061342,0.8456940574700611,0.8488647918510441,20.25,1012.922
1791314014.8439384,69.53616359089953,0.8460835727492272,0.8438070801110525,0.8491738161956905,20.23,1012.927
1791314046.1935613,69.53779001762459,0.8465072708325855,0.8456940574700611,0.8487873975047975,20.23,1012.923
1791314077.5502262,69.53570629519133,0.8446521962534344,0.8456940574700611,0.8487873975047975,20.29,1012.92
1791314108.8764963,69.53570629519133,0.8460033914735348,0.8460033914735348,0.8487873975047975,20.26,1012.928
1791314140.2070506,69.53414634836662,0.8454181183237008,0.8461980917360602,0.849019492179981,20.26,1012.917
1791314171.5528333,69.5334606471369,0.8452705544464847,0.845613405061342,0.8490967315082711,20.28,1012.924
1791314202.876939,69.53414453413941,0.8454655240599345,0.8451235805586765,0.8487489960727226,20.25,1012.922
1791314234.223463,69.5326841620457,0.8450907599672315,0.8458209460140904,0.8489034750457601,20.25,1012.922
1791314265.5631995,69.53307262399085,0.8463578246270865,0.8461635936545142,0.8488263127639065,20.29,1012.92
1791314296.911468,69.52930164882017,0.844701420254153,0.8465869078394919,0.848517751746804,20.31,1012.923
1791314328.2438354,69.52783905323882,0.8451235805586765,0.8458548783493471,0.8486333160958505,20.29,1012.932
1791314359.5905201,69.52868545251434,0.8467810242648481,0.8463578246270865,0.8486333160958505,20.29,1012.924
1791314390.951877,69.52575664774994,0.8447336893538656,0.8461980917360602,0.8484401263251182,20.28,1012.929
1791314422.3053808,69.52901253372228,0.846622059480482,0.8449941164943167,0.8489033866704416,20.28,1012.934
1791314453.6521065,69.52816374813106,0.846622059480482,0.8470464522760923,0.8487873975047975,20.31,1012.941
1791314484.9984262,69.52568907610328,0.8450753894631139,0.8463127254770084,0.8485938976047168,20.29,1012.937
1791314516.3219497,69.52692641211718,0.8453847234665876,0.8447660554596402,0.8482844085389919,20.28,1012.944
1791314547.6663585,69.52500399450136,0.8446521962534344,0.845613405061342,0.8485938976047168,20.26,1012.947
1791314578.999907,69.52568651537021,0.8452374477390131,0.8448961873045895,0.8485952221425931,20.26,1012.939
1791314610.3403873,69.5261402649109,0.845171531407735,0.8449446566373913,0.8491728259035216,20.29,1012.941
1791314641.6819458,69.52636770593313,0.8453988590440662,0.8452851385329475,0.8486725379764263,20.28,1012.944
1791314673.0273485,69.52714469858188,0.8461291989172575,0.8457407025928816,0.8487879488892477,20.28,1012.94
1791314704.351005,69.52568156625621,0.844928732433846,0.8456602985966788,0.8487489960727226,20.28,1012.936
1791314735.6593752,69.52961712123144,0.8463925970938735,0.8444248196062613,0.8485557675063978,20.26,1012.935
1791314766.9938052,69.53055866839357,0.8455461630441802,0.8450753894631139,0.8486715245082617,20.25,1012.918
1791314798.3301952,69.53117764652502,0.8458084960131929,0.8454990069474679,0.8487873975047975,20.29,1012.906
1791314829.6726987,69.53124388177233,0.8452226355053968,0.845189517881743,0.849019492179981,20.28,1012.904
1791314861.0162292,69.53186285990378,0.8461179850789177,0.8458084960131929,0.8485938976047168,20.26,1012.895
1791314892.3636527,69.5314723675645,0.8453037607778294,0.8454990069474679,0.8489033866704416,20.28,1012.889
1791314923.7051737,69.53186317033936,0.845189517881743,0.8449941164943167,0.8485938976047168,20.25,1012.89
1791314955.052702,69.530759344541,0.8452226355053968,0.8457745484045808,0.8489033866704416,20.25,1012.883
1791314986.3822181,69.53199482353142,0.8462780380918875,0.8456602985966788,0.8484401263251182,20.26,1012.879
1791315017.7196164,69.53351936292566,0.844928732433846,0.8441664627367275,0.848517751746804,20.26,1012.889
1791315049.0702171,69.53351936292566,0.8459010293408528,0.8459010293408528,0.8487879488892477,20.29,1012.895
1791315080.4156098,69.53098615748648,0.8447826608903969,0.8460492636099841,0.8487879488892477,20.26,1012.902
1791315111.7521722,69.53222225486506,0.8467016214385198,0.8460835727492272,0.8489420314010174,20.29,1012.89
1791315143.1016972,69.53345835224364,0.8460835727492272,0.8454655240599345,0.8485557675063978,20.29,1012.894
1791315174.4462254,69.53144462234852,0.8458889126395351,0.8468957775870963,0.8489033866704416,20.29,1012.904
1791315205.7715595,69.528290393899,0.8445064585244715,0.8460835727492272,0.8487489960727226,20.26,1012.902
1791315237.1210344,69.53216385606359,0.8465072708325855,0.8445705397502933,0.8486715245082617,20.25,1012.905
1791315268.455651,69.53154487793213,0.8454990069474679,0.8458084960131929,0.8485938976047168,20.25,1012.9
1791315299.8031135,69.53037364383475,0.8449941164943167,0.8455797335430099,0.8489033866704416,20.23,1012.904
1791315331.1515594,69.52773984789089,0.8453847234665876,0.8467016214385198,0.8485557675063978,20.23,1012.895
1791315362.4941707,69.52588755605989,0.844928732433846,0.8458548783493471,0.8486333160958505,20.23,1012.887
1791315393.8385699,69.52471822364961,0.8448474753706418,0.845432141575779,0.8485557675063978,20.25,1012.869
1791315425.173076,69.52517255614349,0.8450098271373323,0.8447826608903969,0.8487879488892477,20.23,1012.861
1791315456.51567,69.52471806198596,0.8449771931289949,0.8452044402077565,0.8487879488892477,20.25,1012.853
1791315487.8550866,69.52309752323872,0.8450907599672315,0.8459010293408528,0.8481717507355783,20.26,1012.842
1791315519.1926262,69.52072472218768,0.8449771931289949,0.8461635936545142,0.8488263127639065,20.26,1012.838
1791315550.5408783,69.52341771711848,0.844701420254153,0.8433549227887547,0.8487107097354857,20.25,1012.839
1791315581.8915362,69.5238066352993,0.8455126931109234,0.8453182340205119,0.8481717507355783,20.25,1012.842
1791315613.2191257,69.5229620064224,0.8450098271373323,0.845432141575779,0.8487107097354857,20.26,1012.844
1791315644.5597382,69.52419748541283,0.8453514288490743,0.8447336893538656,0.8487489960727226,20.25,1012.855
1791315675.8849866,69.52218391561334,0.8454655240599345,0.8464723089596813,0.8488647918510441,20.25,1012.849
1791315707.2305818,69.52257299471074,0.8457407025928816,0.8455461630441802,0.8488263127639065,20.28,1012.846
1791315738.573996,69.52504271715208,0.8458548783493471,0.8446200171286791,0.8487489960727226,20.26,1012.842
1791315769.919465,69.52419647804106,0.8453514288490743,0.8457745484045808,0.8483246007906834,20.29,1012.839
1791315801.265003,69.5276775892257,0.8460835727492272,0.8443430171569092,0.8487489960727226,20.28,1012.847
1791315832.6124523,69.5287533240529,0.8460033914735348,0.8454655240599345,0.8487873975047975,20.28,1012.846
1791315863.9558442,69.53362490426505,0.8458209460140904,0.8433851559080109,0.849057865820327,20.26,1012.847
1791315895.2983687,69.53284635677744,0.8453514288490743,0.8457407025928816,0.8488263127639065,20.28,1012.843
1791315926.643087,69.53261891575521,0.8452851385329475,0.8453988590440662,0.8489034750457601,20.28,1012.849
1791315957.973273,69.5315465382696,0.8453988590440662,0.8459350477868707,0.8487879488892477,20.26,1012.855
1791315989.3127766,69.53440503123221,0.8460492636099841,0.8446200171286791,0.8486333160958505,20.23,1012.854
1791316020.6643627,69.53502246184254,0.8458548783493471,0.8455461630441802,0.8487489960727226,20.22,1012.857
1791316051.9928384,69.53401346386886,0.8447660554596402,0.8452705544464847,0.8485557675063978,20.23,1012.854
1791316083.3373196,69.53215745984802,0.8447660554596402,0.8456940574700611,0.8485161148944107,20.25,1012.851
1791316114.678781,69.53215745984802,0.8449941164943167,0.8449941164943167,0.8484002036129557,20.22,1012.847
1791316146.0163467,69.52843986396317,0.8444887193524879,0.8463475172949139,0.8487098478964683,20.23,1012.843
1791316177.3638089,69.5315363067983,0.8465423379118798,0.8449941164943167,0.8488259145514817,20.25,1012.847
1791316208.7093086,69.53130742971204,0.8456940574700611,0.8458084960131929,0.8484002036129557,20.23,1012.84
1791316240.057853,69.53254414609815,0.8449613753499596,0.8443430171569092,0.8483623454117365,20.25,1012.832
1791316271.397141,69.5331631242296,0.8464274741446426,0.8461179850789177,0.8484002036129557,20.22,1012.828
1791316302.7448165,69.53694340754649,0.8465423379118798,0.8446521962534344,0.8485938976047168,20.25,1012.819
1791316334.0772436,69.53509111571549,0.8452374477390131,0.8461635936545142,0.8488263127639065,20.21,1012.805
1791316365.4256473,69.5303879680092,0.8442796814982556,0.8466312553514049,0.8485952221425931,20.21,1012.79
1791316396.7742417,69.52830993908461,0.8452044402077565,0.8462434546700501,0.8487879488892477,20.23,1012.78
1791316428.1246474,69.52970513918032,0.8459350477868707,0.8452374477390131,0.8488263127639065,20.23,1012.772
1791316459.4683015,69.52824093233934,0.8445384510259955,0.8452705544464847,0.8485557675063978,20.23,1012.759
1791316490.797704,69.5287003170949,0.8467369632103675,0.8465072708325855,0.8484780635013238,20.25,1012.758
1791316522.0822268,69.53167374121885,0.8448800288160182,0.8433933167540458,0.8486321425583769,20.23,1012.748
1791316553.417577,69.53105258347955,0.8450598952466306,0.8453704741162803,0.8484762628127772,20.22,1012.732
1791316584.7672138,69.53026947335745,0.8448310804443454,0.8452226355053968,0.8486705028871112,20.23,1012.734
1791316616.1070068,69.5265518774726,0.8444887193524879,0.8463475172949139,0.8486321425583769,20.25,1012.729
1791316647.4502456,69.53134905942808,0.8465775106731567,0.8441789196954169,0.8487482867802256,20.25,1012.725
1791316678.8036613,69.5334342506597,0.8461179850789177,0.8450753894631139,0.8485161148944107,20.23,1012.732
1791316710.1440794,69.53613810989825,0.8461179850789177,0.8447660554596402,0.8485938976047168,20.28,1012.739
1791316741.4907026,69.53434739356861,0.8437246589638588,0.8446200171286791,0.8487489960727226,20.25,1012.75
1791316772.819136,69.53288533438966,0.8453182340205119,0.8460492636099841,0.8488263127639065,20.26,1012.744
1791316804.1555438,69.53327457426907,0.8459691683442832,0.8457745484045808,0.8486333160958505,20.26,1012.752
1791316835.4911225,69.52972463842505,0.8443430171569092,0.8461179850789177,0.8485938976047168,20.25,1012.748
1791316866.826534,69.531744754671,0.8462326936283673,0.8452226355053968,0.849019492179981,20.22,1012.754
1791316898.1760085,69.532593379824,0.8460377176378429,0.845613405061342,0.8485161148944107,20.25,1012.758
1791316929.5225935,69.5309632155591,0.8452226355053968,0.8460377176378429,0.8488259145514817,20.23,1012.758
1791316960.8480606,69.53321461643938,0.8458425458786659,0.8447168454385262,0.8487482867802256,20.23,1012.766
1791316992.1954868,69.53530499842388,0.846072147303218,0.8450269563109645,0.8485542810209631,20.23,1012.761
1791317023.5299032,69.53243797268766,0.844684472210804,0.8461179850789177,0.8486321425583769,20.22,1012.758
1791317054.8714614,69.53237229305437,0.8449941164943167,0.8450269563109645,0.8486321425583769,20.25,1012.754
1791317086.2159836,69.5309717905428,0.844684472210804,0.8453847234665876,0.8484780635013238,20.23,1012.747
1791317117.560522,69.5291194987118,0.8461635936545142,0.8470897395700152,0.8486715245082617,20.28,1012.743
1791317148.914915,69.53096625001754,0.845171531407735,0.8442481557548612,0.848517751746804,20.23,1012.736
1791317180.2544882,69.53174137447468,0.8462885915694216,0.8459010293408528,0.8485572421349391,20.25,1012.738
1791317211.6029053,69.534141449787,0.8460150571977355,0.844815019541574,0.8488650340192304,20.22,1012.734
1791317242.9453232,69.53121326372045,0.8444248196062613,0.8458889126395351,0.8485557675063978,20.22,1012.728
1791317274.2888596,69.53251752048779,0.8450269563109645,0.8443748279272915,0.8486321425583769,20.23,1012.719
1791317305.6396544,69.53499591774435,0.8460377176378429,0.8447985190095589,0.8482063152373397,20.25,1012.708
1791317336.9818106,69.53189947490922,0.8449941164943167,0.8465423379118798,0.8485161148944107,20.25,1012.696
1791317368.3144767,69.53066151864633,0.8445705397502933,0.845189517881743,0.8482844085389919,20.25,1012.688
1791317399.6606805,69.528114262059,0.8447985190095589,0.846072147303218,0.8484381759077873,20.22,1012.687
1791317430.9922175,69.52866780438828,0.8454181183237008,0.8451413471590635,0.8480496574596917,20.22,1012.687
1791317462.3417137,69.52602089391608,0.8441281586376815,0.8454516138737816,0.8484762628127772,20.21,1012.687
1791317493.6851923,69.52686981510404,0.8446350076088847,0.844210547014909,0.8482440143062449,20.22,1012.677
1791317525.0309565,69.52873141539234,0.846382414017936,0.8454516138737816,0.8483600801734015,20.21,1012.682
1791317556.3793232,69.52788295303466,0.8446027251321276,0.8450269563109645,0.8483221873717424,20.21,1012.679
1791317587.7358317,69.53105160774804,0.8471977324180335,0.845613405061342,0.8487482867802256,20.22,1012.683
1791317619.0782676,69.53476361578973,0.8463127254770084,0.8444567214561667,0.8484780635013238,20.21,1012.687
1791317650.4236846,69.53398318446719,0.845189517881743,0.8455797335430099,0.8485938976047168,20.19,1012.679
1791317681.7622395,69.53167273789585,0.8447336893538656,0.8458889126395351,0.8486715245082617,20.22,1012.681
1791317713.101796,69.53082496353665,0.845189517881743,0.845613405061342,0.8484780635013238,20.23,1012.68
1791317744.4522247,69.52974786718896,0.8447985190095589,0.845337067183403,0.8484381759077873,20.22,1012.673
1791317775.7967222,69.53291372236879,0.8462673998007183,0.844684472210804,0.8485161148944107,20.25,1012.668
1791317807.1231763,69.53160946560145,0.8443748279272915,0.8450269563109645,0.8483221873717424,20.23,1012.668
1791317838.4596972,69.52974880036682,0.8444067345660877,0.845337067183403,0.8485542810209631,20.25,1012.667
1791317869.8182385,69.52850835687707,0.8447168454385262,0.845337067183403,0.8484381759077873,20.23,1012.66
1791317901.1565497,69.5268068644699,0.844749316376981,0.8456000625805625,0.8482818272179101,20.23,1012.651
1791317932.5020227,69.52533421972355,0.8448637402073852,0.8456000625805625,0.8485925624006849,20.23,1012.633
1791317963.8295007,69.5232443797613,0.8455325906920313,0.8465775106731567,0.8487482867802256,20.23,1012.608
1791317995.1611302,69.52517297114977,0.846382414017936,0.8454181183237008,0.8488259145514817,20.22,1012.607
1791318026.5055835,69.52414293108697,0.8459572889282798,0.8464723089596813,0.8487482867802256,20.23,1012.596
1791318057.8481941,69.52547374621987,0.8459691683442832,0.8453037607778294,0.8489807036047868,20.25,1012.589
1791318089.200613,69.52913013481222,0.8465775106731567,0.844749316376981,0.8486705028871112,20.22,1012.579
1791318120.5572736,69.52805039853368,0.8458425458786659,0.846382414017936,0.8484381759077873,20.25,1012.568
1791318151.8985803,69.52719968632255,0.845566275750014,0.8459916318555798,0.8486705028871112,20.22,1012.558
1791318183.2360175,69.5301408614829,0.8464975438911432,0.8450269563109645,0.8485542810209631,20.22,1012.547
1791318214.58959,69.5295197037436,0.844749316376981,0.8450598952466306,0.8486705028871112,20.22,1012.538
1791318245.9220068,69.52703257051702,0.8449782792739163,0.8462218458872086,0.8485925624006849,20.23,1012.529
1791318277.2644026,69.52742489512114,0.8458301139476656,0.8456339516456027,0.8488255131291259,20.23,1012.516
1791318308.555199,69.52929684337141,0.8460952854007819,0.8451593112756478,0.8493324015303675,20.25,1012.514
1791318339.909354,69.5299208261215,0.8460952854007819,0.8457832940257373,0.8490202524167865,20.23,1012.513
1791318371.2873073,69.5293416390921,0.8457020383408796,0.8459916318555798,0.8492533696917038,20.25,1012.514
1791318402.640479,69.52819270964898,0.8454516138737816,0.846026078595339,0.8488645477356812,20.26,1012.508
1791318433.9929373,69.52819270964898,0.8456679434098596,0.8456679434098596,0.8489032077761841,20.32,1012.502
1791318465.3354194,69.52787037213626,0.8457618805884998,0.8459230493448546,0.8486321425583769,20.35,1012.497
1791318496.675867,69.52764203409606,0.8452705544464847,0.8453847234665876,0.8490967315082711,20.4,1012.487
1791318528.0243535,69.52702336608911,0.8463127254770084,0.846622059480482,0.8490967315082711,20.42,1012.478
1791318559.366908,69.5244800417327,0.8447660554596402,0.8460377176378429,0.8489033866704416,20.39,1012.473
1791318590.7085793,69.52572048522245,0.8459572889282798,0.845337067183403,0.8487482867802256,20.39,1012.47
1791318622.0590444,69.52369614432854,0.8446350076088847,0.8456471780558414,0.8490583976526641,20.35,1012.471
1791318653.4073145,69.52268479421954,0.8454516138737816,0.8459572889282798,0.8487482867802256,20.36,1012.478
1791318684.736871,69.52098623126551,0.8454181183237008,0.8462673998007183,0.8486321425583769,20.31,1012.483
1791318716.0653872,69.52200111543799,0.8449782792739163,0.8444708371876795,0.848980925600821,20.31,1012.485
1791318747.4038243,69.5212156066171,0.8450112276218311,0.8454039820322751,0.8483197544887844,20.29,1012.494
1791318778.7443542,69.51895982332071,0.8448637402073852,0.8459916318555798,0.8485925624006849,20.29,1012.495
1791318810.0937684,69.52488834499596,0.8465327375405317,0.843568476702906,0.8486309595564242,20.31,1012.496
1791318841.4282446,69.52580789600786,0.8455527092566973,0.8450929337507433,0.8487862813683401,20.28,1012.5
1791318872.7718081,69.52580789600786,0.845566275750014,0.845566275750014,0.848980925600821,20.26,1012.489
1791318904.1050673,69.5254864582834,0.8461066809384852,0.8462673998007183,0.8488645477356812,20.28,1012.486
1791318935.4498727,69.52457054411663,0.8451083186666298,0.845566275750014,0.8490583976526641,20.29,1012.49
1791318966.7811396,69.52744287114481,0.8465775106731567,0.8451413471590635,0.8491748144503993,20.32,1012.49
1791318998.116799,69.5248000299029,0.8448310804443454,0.8461525010653005,0.8489420977450115,20.35,1012.486
1791319029.4652295,69.52790269705008,0.8473132141620905,0.8457618805884998,0.8489420977450115,20.33,1012.488
1791319060.8056242,69.53084183606254,0.844749316376981,0.8432797468707546,0.848980925600821,20.32,1012.493
1791319092.1561337,69.52711863548592,0.8445208137296272,0.846382414017936,0.8488645477356812,20.32,1012.493
1791319123.4887059,69.52440655401975,0.8448310804443454,0.8461871211774333,0.8488645477356812,20.28,1012.486
1791319154.8371935,69.5237850836542,0.8448637402073852,0.8451744753901602,0.8487868416824269,20.26,1012.483
1791319186.1886058,69.52263356410735,0.8449293565051977,0.8455051162786259,0.8484362097525749,20.29,1012.475
1791319217.525041,69.5238177409586,0.8456206180793846,0.845028529653759,0.8487468509558758,20.25,1012.469
1791319248.878605,69.52740873653475,0.8459678263672865,0.8441723285792141,0.8489813749939729,20.23,1012.458
1791319280.2249835,69.52527822030497,0.8449953715040862,0.8460606296189794,0.8492546971143149,20.25,1012.452
1791319311.5736241,69.52426198310829,0.8456679434098596,0.846176062008197,0.8494873398785805,20.26,1012.457
1791319342.9160838,69.52620117574541,0.8457020383408796,0.8447324420223156,0.8493324015303675,20.36,1012.454
1791319374.2465477,69.52613292865978,0.8455730525068609,0.8456071760496773,0.8487461242837873,20.38,1012.454
1791319405.5821373,69.52275145166556,0.845028529653759,0.8467192681508714,0.8486297669750335,20.38,1012.449
1791319436.9344606,69.51987482325612,0.8451744753901602,0.8466127895948791,0.849214032766235,20.39,1012.446
1791319468.273988,69.52003632867215,0.8458766984637236,0.8457959457557102,0.8492913483145307,20.42,1012.438
1791319499.6276,69.51817097875221,0.8449782792739163,0.8459109542338855,0.8490198707671163,20.42,1012.447
1791319530.9540856,69.52196831437395,0.8471545208471778,0.8452558530363042,0.8488255131291259,20.42,1012.456
1791319562.3025515,69.52320938123282,0.8466926807326542,0.846072147303218,0.8491748144503993,20.36,1012.459
1791319593.6379368,69.52320938123282,0.8456810529859301,0.8456810529859301,0.8486705028871112,20.36,1012.458
1791319624.9824605,69.52281769640683,0.8454852105729351,0.8456810529859301,0.8482818272179101,20.33,1012.457
1791319656.327017,69.52212698885455,0.8453225896337169,0.8456679434098596,0.8487862813683401,20.35,1012.474
1791319687.6733444,69.5200920623236,0.8449623139402325,0.8459797772057077,0.8489032077761841,20.33,1012.479
1791319719.0158846,69.52101593975628,0.8459332413670336,0.8454713026506926,0.8487081033032055,20.31,1012.473
1791319750.3613622,69.5215731745076,0.8455866121673946,0.8453079947917354,0.8490202524167865,20.31,1012.471
1791319781.7058544,69.51992556988739,0.8451440240571833,0.8459678263672865,0.8490206371663036,20.32,1012.482
1791319813.0494444,69.5188354055424,0.8458519729455799,0.8463970551180698,0.8492943151988123,20.33,1012.497
1791319844.3949385,69.52705822553008,0.8474905449901432,0.8433791349963063,0.8488247004981105,20.35,1012.499
1791319875.7283225,69.52627315672439,0.8462109103945569,0.8466034447974038,0.8486297669750335,20.4,1012.508
1791319907.079028,69.52597458266305,0.8453079947917354,0.8454572818224048,0.8490594742435249,20.43,1012.513
1791319938.424254,69.52557904105691,0.8456071760496773,0.8458049468527442,0.8488247004981105,20.44,1012.503
1791319969.7597697,69.52504536630833,0.8456889407905486,0.8459557781648371,0.848863803468818,20.49,1012.496
1791320001.1123137,69.52418271005513,0.8453608810867267,0.8457922092133284,0.8490210250535882,20.49,1012.505
1791320032.4418228,69.52301881919148,0.8450460258028291,0.8456279712346518,0.8487453916763567,20.54,1012.507
1791320063.7812037,69.5219178674827,0.8456624237677427,0.8462128996221321,0.8493373993936432,20.54,1012.504
1791320095.128726,69.52275523519913,0.8451312018355586,0.844712517977344,0.8485042783283007,20.54,1012.495
1791320126.4282784,69.52076431865088,0.8451836551416112,0.8461791134157395,0.8478623739780529,20.57,1012.491
1791320157.7717178,69.52531908325527,0.846391207216928,0.8441138249147344,0.8484261361041309,20.6,1012.489
1791320189.1212437,69.52380342465936,0.8452446874633485,0.8460025167613048,0.8483148293813062,20.67,1012.485
1791320220.457655,69.5215978557916,0.8444023318447408,0.8455051162786259,0.8496072554036515,20.63,1012.479
1791320251.804135,69.52120512302906,0.8462109103945569,0.8464072767758266,0.8490202524167865,20.59,1012.477
1791320283.1477823,69.52150442458208,0.8458987612809757,0.8457491105044702,0.8489032077761841,20.57,1012.48
1791320314.4851255,69.51528032322928,0.8439628835418266,0.847074934218225,0.8495645747593437,20.53,1012.477
1791320345.834815,69.51862465665627,0.8478134857288034,0.8461413190153054,0.8489421646240639,20.49,1012.478
1791320377.1822152,69.51894839333228,0.8460606296189794,0.8458987612809757,0.8488643016495621,20.43,1012.472
1791320408.5236022,69.51614694547699,0.8441723285792141,0.8455730525068609,0.8486684347891336,20.42,1012.468
1791320439.8682222,69.52037079482083,0.8474535532301933,0.8453416285582681,0.8490988154123776,20.39,1012.469
1791320471.1987557,69.51990717236106,0.8453753648197924,0.8456071760496773,0.8488247004981105,20.39,1012.471
1791320502.540177,69.51960806575286,0.8451774762206037,0.8453270295247003,0.8489423000134467,20.36,1012.471
1791320533.8775618,69.52261894423084,0.8467012846195673,0.8451958453805781,0.8483531737847472,20.36,1012.469
1791320565.2331684,69.52658262851122,0.8469635082333274,0.8449816660931373,0.8486261305763744,20.4,1012.459
1791320596.5926726,69.52449058065496,0.8449313026774192,0.8459773266055509,0.8482213673143676,20.42,1012.442
1791320627.920117,69.52287550383542,0.8447794675018104,0.8455870059115735,0.8487026959592164,20.44,1012.432
1791320659.2426775,69.52004709606801,0.8448805100407778,0.8462947139244799,0.8484281838807631,20.5,1012.431
1791320690.576224,69.51797180556936,0.8452784474827376,0.8463160927320609,0.8489423000134467,20.49,1012.415
1791320721.9126315,69.51806423071474,0.846199886081305,0.8461536735086126,0.849256035329517,20.5,1012.407
1791320753.252042,69.51948772107504,0.8467372570104581,0.8460255118303084,0.8488635513250916,20.52,1012.406
1791320784.604671,69.51679625127366,0.8441656093428248,0.8455113442435108,0.849218755584251,20.52,1012.411
1791320815.9381413,69.51473544012896,0.8450301336110055,0.8460605391833597,0.8488238745514287,20.53,1012.396
1791320847.2775502,69.51379811628681,0.8458615833525656,0.8463302452736401,0.8489424376224388,20.5,1012.394
1791320878.6120863,69.51253094050105,0.8448637416152749,0.8454973295081514,0.8489820629189724,20.49,1012.391
1791320909.9534328,69.51440605371532,0.8458012989471457,0.8448637423400106,0.8491799285922332,20.52,1012.392
1791320941.2739506,69.51443917843436,0.8449652411163059,0.8449486787567847,0.8480556587668859,20.52,1012.391
1791320972.620547,69.51583777860554,0.8454604772342108,0.8447611771486188,0.8477667349534636,20.56,1012.39
1791321003.9530263,69.5179520190159,0.8459884228825962,0.8449313026774192,0.8478489794174822,20.56,1012.389
1791321035.2964244,69.51251043959748,0.8436911915447161,0.8464119812539224,0.8483484750260958,20.54,1012.403
1791321066.6431613,69.51406951664157,0.8453948363870232,0.844615297864975,0.8485094339257022,20.54,1012.41
1791321097.965344,69.51380779192168,0.8450617888490363,0.8451926512089852,0.8486684347891336,20.52,1012.422
1791321129.311041,69.51449964937541,0.8457020383408796,0.8453561096140118,0.8492151991512288,20.47,1012.421
1791321160.6355639,69.51800858658349,0.8463721487334886,0.8446176801294479,0.8491758207640713,20.46,1012.424
1791321191.9859242,69.51669116867465,0.8456679434098596,0.8463266523642776,0.8490202524167865,20.44,1012.421
1791321223.3213377,69.51420385249588,0.8450617888490363,0.8463054469384194,0.8490988154123776,20.4,1012.427
1791321254.6798823,69.51301477063939,0.8457922092133284,0.8463867501415737,0.8490210250535882,20.4,1012.428
1791321286.0333624,69.51632400504924,0.8473303535755543,0.8456757363706242,0.8490210250535882,20.42,1012.43
1791321317.3809035,69.51861127061494,0.8467372570104581,0.8455936242276121,0.848942368537094,20.38,1012.433
1791321348.7054079,69.51664704153735,0.8447972526230031,0.8457793671617931,0.8489029339441618,20.4,1012.435
1791321380.0458992,69.52096421593798,0.8473917974775494,0.8452332102772344,0.8484670375081432,20.4,1012.439
1791321411.3944614,69.52099318706837,0.8454545863498368,0.8454401007846405,0.8480981436427578,20.43,1012.43
1791321442.735814,69.52024254752017,0.8442506031094217,0.8446259228835188,0.8482154684129607,20.44,1012.421
1791321474.090347,69.5221831406636,0.8460723581857437,0.8451020616140299,0.8480129513291713,20.5,1012.415
1791321505.4438508,69.51938360303058,0.8443885994656545,0.8457883682821661,0.8484613181934851,20.54,1012.423
1791321536.7743614,69.51975983603826,0.8462017302976397,0.8460136137937964,0.8489028411665529,20.54,1012.425
1791321568.1149757,69.51929485613242,0.8447641609437381,0.8449966508966571,0.8491002330936221,20.57,1012.414
1791321599.4583514,69.5170839675747,0.8448135930488204,0.8459190373276778,0.848783994087988,20.57,1012.409
1791321630.7997682,69.51859103053715,0.8466374895207914,0.8458839580395695,0.8488630408051415,20.53,1012.395
1791321662.148376,69.51859103053715,0.8452484135234293,0.8452484135234293,0.8484261361041309,20.5,1012.383
1791321693.4927475,69.51979392669406,0.8458839580395695,0.8452825099611172,0.8486641963018723,20.53,1012.379
1791321724.8372493,69.52013004723088,0.8451836551416112,0.8450155948732009,0.8483436984775343,20.57,1012.371
1791321756.1798398,69.51836985986407,0.8448468350466914,0.8457269287300943,0.8484198903268179,20.59,1012.357
1791321787.5251243,69.52005749411637,0.8453361721173175,0.8444923549911653,0.8481404076920246,20.62,1012.342
1791321818.870618,69.51896396818421,0.8450334370139991,0.8455801999800798,0.8484574253784263,20.63,1012.327
1791321850.2093565,69.5202260292868,0.8454604772342108,0.8448294466829137,0.8480483255851528,20.67,1012.307
1791321881.5627754,69.51548916173299,0.8442110669447196,0.8465795007216254,0.848617287613741,20.67,1012.298
1791321912.8502166,69.51419135374205,0.8448466669738612,0.8454955709693284,0.8479659877519053,20.63,1012.291
1791321944.181591,69.51524835364312,0.8454604772342108,0.8449319772836792,0.8480520075664885,20.62,1012.283
1791321975.5292084,69.51784260631116,0.8463486116586176,0.8450514853245933,0.8486185827431602,20.63,1012.273
1791322006.87573,69.52077605946477,0.8461083598172802,0.8446416332404807,0.8479310513619654,20.62,1012.256
1791322038.2130845,69.52060608799071,0.8453257781397626,0.8454107638767856,0.8480483255851528,20.63,1012.241
1791322069.5588803,69.51654596892035,0.8437543589905689,0.8457844185257456,0.848294301159654,20.63,1012.23
1791322100.9031875,69.51525224015806,0.8447786294234586,0.8454254938046012,0.8486598157103138,20.62,1012.215
1791322132.2527273,69.51882534410741,0.8461561177911302,0.8443695658164551,0.847974017659547,20.65,1012.201
1791322163.5972435,69.51671331006085,0.8448125946511413,0.8458686116744235,0.847974017659547,20.67,1012.194
1791322194.943539,69.51606508736445,0.8442837545872784,0.8446078659354789,0.8485371043344622,20.67,1012.184
1791322226.2861478,69.51592724406491,0.8448637438331528,0.844932665482924,0.8482491476866731,20.67,1012.177
1791322257.6116738,69.51871598526807,0.8467752995175529,0.8453809289159685,0.8480013319086983,20.7,1012.163
1791322288.9500196,69.51781920209767,0.8447258281677861,0.8451742197529908,0.8479183756794048,20.73,1012.159
1791322320.3025963,69.5164793516762,0.8448464955108507,0.8455164207215858,0.8484113154718629,20.7,1012.158
1791322351.641038,69.51350576440296,0.8439387001679887,0.8454254938046012,0.8480520075664885,20.7,1012.154
1791322382.9865508,69.51178671493437,0.8448806768021575,0.84574020153645,0.8488622590540165,20.7,1012.153
1791322414.3290284,69.50977143461317,0.8448637423400106,0.8458713825006119,0.8487431575058101,20.7,1012.146
1791322445.6854544,69.51553583882101,0.8454199568582368,0.8425377547543179,0.8487026959592164,20.69,1012.145
1791322477.0361102,69.51482756191876,0.8448637423400106,0.8452178807911311,0.8486224036403689,20.66,1012.142
1791322508.380411,69.51378333947702,0.8450997121800237,0.8456218234008964,0.8486224036403689,20.62,1012.149
1791322539.7210133,69.51250236076416,0.8447794675018104,0.8454199568582368,0.8486224036403689,20.57,1012.148
1791322571.0735927,69.51517256889157,0.8458940341818009,0.8445589301180975,0.8486620242120753,20.6,1012.158
1791322602.4069414,69.51669619119671,0.8452024234862175,0.8444406123336425,0.8485403446102509,20.59,1012.152
1791322633.7444384,69.51533713177436,0.8451180184061369,0.8457975481173136,0.8483388421911722,20.6,1012.15
1791322665.0909965,69.51578248872532,0.8449662558316459,0.844743577356163,0.8480520075664885,20.6,1012.158
1791322696.4284616,69.51440164446053,0.844932665482924,0.8456230876153171,0.847961921757888,20.62,1012.16
1791322727.7769861,69.51315902707906,0.8444320698511404,0.8450533785418772,0.8479183756794048,20.6,1012.165
1791322759.1075695,69.51061216435397,0.8446052887924943,0.8458787201550391,0.847961921757888,20.59,1012.163
1791322790.448934,69.51411682628327,0.8456370594651536,0.8438847285005031,0.8481271282753183,20.62,1012.163
1791322821.7735004,69.51442470516763,0.8448294466829137,0.8446755072407329,0.8482094698417505,20.59,1012.168
1791322853.1140034,69.51637654574321,0.8460964850095737,0.8451205647217841,0.848130490066657,20.59,1012.174
1791322884.4693904,69.51750845638217,0.8454810902563733,0.8449151349368954,0.8484134863369416,20.62,1012.174
1791322915.8098419,69.51515022192329,0.8444363837845352,0.845615501013976,0.8480091107894533,20.56,1012.171
1791322947.1515539,69.5160375499981,0.8455801999800798,0.845136535942676,0.848294301159654,20.6,1012.17
1791322978.5009332,69.51254959304588,0.8437867970563684,0.8455307755324807,0.8480483255851528,20.59,1012.171
1791323009.850472,69.51278842957458,0.8446416332404807,0.8445222149761276,0.848212481743297,20.6,1012.174
1791323041.1917977,69.51360816630432,0.8458557398492528,0.8454458714843806,0.8476843174253698,20.59,1012.173
1791323072.5184298,69.514910766028,0.8447094884427264,0.8440581885808907,0.8484134863369416,20.6,1012.173
1791323103.8668394,69.51401312165683,0.8446393927307082,0.8450882149162897,0.8480408677094617,20.59,1012.172
1791323135.2093422,69.51156350201359,0.8443982777936948,0.8456230876153171,0.8487791864165304,20.57,1012.164
1791323166.5480604,69.51097896801136,0.8451742197529908,0.8454664867541049,0.8481237379322505,20.56,1012.156
1791323197.8973317,69.51187463575552,0.8454664867541049,0.8450186528820255,0.8486159815080797,20.54,1012.156
1791323229.2277825,69.51252765781089,0.8449840374097738,0.8446575263820838,0.8483712962257899,20.56,1012.149
1791323260.5733407,69.51489440634215,0.8458069120431031,0.8446235377774751,0.8483314038301665,20.59,1012.149
1791323291.915789,69.51732754294547,0.8451552684696435,0.8439387001679887,0.8488208740125226,20.57,1012.151
1791323323.2633686,69.52181147683469,0.8469514553873367,0.8447094884427264,0.8482916376828231,20.56,1012.15
1791323354.603915,69.51684099442038,0.8448294466829137,0.8473146878900695,0.8480876645502118,20.57,1012.151
1791323385.951327,69.51886079848425,0.8450351383736443,0.8440252363417031,0.848617287613741,20.57,1012.15
1791323417.293904,69.51632855959868,0.8441446444339945,0.8454107638767856,0.8480483255851528,20.57,1012.146
1791323448.6405394,69.51615943639412,0.8457711782469771,0.8458557398492528,0.8478444392436159,20.56,1012.148
1791323479.9719172,69.51560676042077,0.8452755254255252,0.8455518634121998,0.8490246638133914,20.6,1012.156
1791323511.2664921,69.51429864092039,0.8446916230069296,0.8453456827571214,0.8482889516329838,20.59,1012.155
1791323542.6149895,69.51780562954997,0.8460845096691842,0.8443310153543939,0.8484534667195349,20.62,1012.16
1791323573.9533076,69.51918068527728,0.8456370594651536,0.8449495316015002,0.8486575698732576,20.63,1012.16
1791323605.2998426,69.52179001362201,0.8463744075716192,0.8450697433992543,0.8486575698732576,20.66,1012.162
1791323636.6498017,69.51983611403651,0.8450351383736443,0.846012088166398,0.8490651299104012,20.62,1012.166
1791323667.98595,69.51788324449869,0.8449151349368954,0.8458915697058023,0.8482916376828231,20.66,1012.161
1791323699.3373637,69.51544958408427,0.8447952579591875,0.846012088166398,0.8488208740125226,20.65,1012.16
1791323730.619005,69.51568950056463,0.8448294466829137,0.8447094884427264,0.8490651299104012,20.63,1012.153
1791323761.9643507,69.51610019652284,0.8456864382354801,0.8454810902563733,0.8484134863369416,20.69,1012.152
1791323793.3038146,69.51602934092274,0.8455660914495001,0.8456015192495503,0.8488614574898007,20.66,1012.146
1791323824.6535892,69.51537838441014,0.8449151349368954,0.8452406131931978,0.8485354636657756,20.65,1012.152
1791323855.992946,69.5134947271002,0.8453959094423456,0.8463377380973158,0.8487393081236713,20.67,1012.146
1791323887.341415,69.51236298007281,0.8451205647217841,0.8456864382354801,0.8491053830169731,20.69,1012.143
1791323918.6829085,69.5113716595459,0.8453959094423456,0.8458915697058023,0.8491874513138256,20.65,1012.142
1791323950.0213332,69.50990199418261,0.8454458714843806,0.8461807041660249,0.848780418700201,20.65,1012.144
1791323981.3537302,69.51120253598067,0.8469514553873367,0.8463011844883072,0.8490242458729423,20.67,1012.139
1791324012.653412,69.5110622733755,0.8453257781397626,0.8453959094423456,0.8492274035339408,20.67,1012.148
1791324044.0017626,69.51373749315245,0.8466633880282337,0.8453257781397626,0.8489022680844259,20.65,1012.147
1791324075.3322046,69.51154708887273,0.8448808468989367,0.8459760490387922,0.8489022680844259,20.65,1012.149
1791324106.6797554,69.51390643819013,0.8457355572408691,0.8445558825821646,0.8486586975176201,20.63,1012.14
1791324138.0513196,69.51568847066952,0.8464217917721701,0.8455307755324807,0.8490242458729423,20.65,1012.131
1791324169.382826,69.51739763819107,0.8468306327995688,0.8459760490387922,0.8489022680844259,20.66,1012.137
1791324200.7133706,69.51804722491924,0.8457355572408691,0.8454107638767856,0.8491053830169731,20.63,1012.136
1791324232.0568051,69.51698961820446,0.8459401236051411,0.8464689269625292,0.8490645429443979,20.65,1012.134
1791324263.3971944,69.51555272100855,0.8450171086429116,0.8457355572408691,0.8486185827431602,20.65,1012.128
1791324294.737665,69.50994757754634,0.8437867970563684,0.8465893687874714,0.8485771326349111,20.67,1012.128
1791324326.0882792,69.50872302126284,0.845820022967062,0.846432301108815,0.8494695361584838,20.66,1012.124
1791324357.4366882,69.509911852898,0.8446933372296833,0.8440989214121052,0.8493066800914564,20.63,1012.118
1791324388.781249,69.51015072332305,0.8456293656476672,0.8455099304351444,0.8495886410959812,20.62,1012.119
1791324420.1278126,69.5092628036036,0.8452560886318795,0.8457000484916054,0.8492261370148784,20.63,1012.126
1791324451.4681284,69.50861389960814,0.8451711189715947,0.8454955709693284,0.8492671459101723,20.67,1012.121
1791324482.8177319,69.5121911359095,0.8469597371222808,0.8451711189715947,0.8484972021138828,20.65,1012.114
1791324514.1601698,69.51307821284871,0.8457844185257456,0.8453408800561398,0.8484972021138828,20.65,1012.109
1791324545.48965,69.51089698015437,0.8448978065354225,0.8459884228825962,0.8487810270914267,20.62,1012.11
1791324576.84216,69.51154452298083,0.8459884228825962,0.845664651469368,0.8489832479008851,20.62,1012.113
1791324608.1967123,69.50838400838809,0.8451020616140299,0.8466823189103998,0.8488619941042841,20.63,1012.107
1791324639.5290759,69.51195575686697,0.8464792114691232,0.8446933372296833,0.8491852569499457,20.62,1012.108
1791324670.8667853,69.51137893347828,0.8455801999800798,0.8458686116744235,0.848699890149558,20.59,1012.102
1791324702.209241,69.51379616369145,0.8460723581857437,0.8448637430791586,0.8487810270914267,20.62,1012.1
1791324733.5577133,69.51403512222065,0.8458330241131372,0.8457135448485393,0.8489832479008851,20.6,1012.095
1791324764.9060843,69.51265149748869,0.8456782745623439,0.8463700869283203,0.8486211406221108,20.62,1012.094
1791324796.2486415,69.51255418915319,0.8456782745623439,0.8457269287300943,0.8489830069481794,20.59,1012.095
1791324827.5812962,69.51529327130906,0.846893711248215,0.8455241701702776,0.8491435930687757,20.63,1012.087
1791324858.9267209,69.51223842219886,0.8442701235622161,0.8457975481173136,0.8489830069481794,20.63,1012.083
1791324890.2741914,69.51206925941459,0.8450334370139991,0.8451180184061369,0.8491038808904289,20.6,1012.079
1791324921.612684,69.51288106650203,0.845965029060125,0.8455591255164061,0.8493050893266828,20.6,1012.072
1791324952.9621043,69.51376386557101,0.8456782745623439,0.8452368750278586,0.8489830069481794,20.63,1012.067
1791324984.30366,69.51634861499495,0.847125398825109,0.8458330241131372,0.8490639608930663,20.65,1012.055
1791325015.650621,69.51828413840887,0.8474104842955795,0.8464427225886199,0.8491445051092414,20.67,1012.056
1791325046.979655,69.51675524235633,0.8456782745623439,0.8464427225886199,0.8491445051092414,20.66,1012.044
1791325078.3291473,69.51472721667022,0.8452368750278586,0.846250887870912,0.8493851303789979,20.69,1012.035
1791325109.679697,69.51344156991561,0.8452866528049573,0.8459294761822604,0.8489427197212237,20.67,1012.027
1791325141.009096,69.51337027763915,0.8460128616909756,0.8460485078292073,0.8487017684755327,20.69,1012.016
1791325172.3545518,69.51699225608971,0.8466916660274332,0.8448806768021575,0.8486211406221108,20.67,1012.005
1791325203.703078,69.51464515997121,0.8456917843008787,0.8468653323601245,0.849022608760817,20.66,1012.004
1791325235.0356388,69.51239089150982,0.8453361721173175,0.846463306348013,0.8498242535349511,20.65,1011.995
1791325266.364043,69.50912359871178,0.8456702713004232,0.8473039176994468,0.849820535700433,20.62,1011.988
1791325297.6935327,69.50624269872031,0.8453707069107819,0.8468111569065178,0.8497864164460788,20.65,1011.979
1791325329.036146,69.50874102898266,0.846976093861266,0.8457269287300943,0.8494650047574271,20.67,1011.977
1791325360.3745728,69.51203236163379,0.8473725950556616,0.8457269287300943,0.8497068770630579,20.67,1011.97
1791325391.728008,69.51348093148977,0.8474985866891035,0.8467743017611121,0.8497449601993274,20.66,1011.966
1791325423.0676079,69.51436240110637,0.8461676635383976,0.8457269287300943,0.8493851303789979,20.66,1011.959
1791325454.4191139,69.51524445440548,0.8462869435038908,0.8458459168543376,0.849506087941548,20.7,1011.96
1791325485.7574873,69.51460129620725,0.8454053496309814,0.8457269287300943,0.8489427197212237,20.7,1011.951
1791325517.05114,69.51307758615874,0.8452866528049573,0.8460485078292073,0.8493442573803396,20.7,1011.942
1791325548.4004958,69.51348099877876,0.8467375614947321,0.846535855184722,0.8496242555707468,20.72,1011.94
1791325579.7440126,69.51236476844349,0.84585870254087,0.8464168177085084,0.849303511784523,20.73,1011.939
1791325611.088694,69.51108312494401,0.84585870254087,0.846499524290609,0.8495036762908343,20.73,1011.927
1791325642.440175,69.50978234959028,0.8462149446832613,0.8468653323601245,0.849223635591944,20.67,1011.934
1791325673.7865822,69.51008946813954,0.846107784556587,0.8459542252819563,0.8497415668693642,20.66,1011.936
1791325705.1369708,69.50897833347757,0.8453510201927302,0.8459065875237114,0.8492614987922181,20.65,1011.94
1791325736.472789,69.51160587470694,0.846463306348013,0.8451495357333239,0.8495421475472086,20.63,1011.932
1791325767.8150792,69.5096873919803,0.8447459407305763,0.8457051820939028,0.8492224004260998,20.62,1011.936
1791325799.1424704,69.5096873919803,0.8452674242994359,0.8452674242994359,0.8492224004260998,20.63,1011.934
1791325830.4941032,69.5086451733394,0.8449478426872982,0.845468952007745,0.8489825310263764,20.65,1011.93
1791325861.8335083,69.50616190349119,0.8455870059115735,0.8468286408356779,0.8490622436174988,20.65,1011.92
1791325893.162088,69.5076059409654,0.8464272008310081,0.8457051820939028,0.8495421475472086,20.65,1011.92
1791325924.4925246,69.50784212017622,0.8453017447470168,0.8451836551416112,0.849022608760817,20.62,1011.925
1791325955.8381097,69.50824552121287,0.8459419020547758,0.84574020153645,0.848902653304991,20.62,1011.926
1791325987.1594832,69.51184796391671,0.8474230447528145,0.8456218234008964,0.849022608760817,20.67,1011.933
1791326018.5049624,69.51229813102059,0.8462619807086554,0.8460368971567173,0.849820535700433,20.66,1011.934
1791326049.8545177,69.51303184219788,0.8458012989471457,0.8454344433584979,0.8495396032825829,20.65,1011.923
1791326081.2040212,69.51487495782091,0.8471477269473666,0.8462261691358491,0.8496213635752186,20.67,1011.92
1791326112.5424845,69.51918536319596,0.8459419020547758,0.8437866993672499,0.8496213635752186,20.66,1011.925
1791326143.8739614,69.51807094289983,0.8458234807448121,0.8463806908928764,0.8499823471656185,20.63,1011.928
1791326175.221349,69.51726438656425,0.84585870254087,0.8462619807086554,0.8499823471656185,20.67,1011.939
1791326206.558245,69.5136633556908,0.8451836551416112,0.846984170578338,0.8485829061838821,20.7,1011.943
1791326237.9053705,69.5127889036524,0.8455522963889232,0.8459895224081163,0.84950128459274,20.7,1011.95
1791326269.2429779,69.51101145592185,0.8453017447470168,0.8461904686123005,0.8492224004260998,20.69,1011.959
1791326300.5485358,69.50973577077727,0.8457533646446412,0.846391207216928,0.8492614987922181,20.69,1011.969
1791326331.8809907,69.50876787405821,0.8459895224081163,0.8464734707676493,0.8493813297291873,20.67,1011.988
1791326363.205488,69.51075258277577,0.8468286408356779,0.8458362864769008,0.8494605482206797,20.65,1012.0
1791326394.5439837,69.51282849350304,0.8469921806455898,0.8459542252819563,0.8499779843667664,20.66,1012.018
1791326425.8906314,69.51289809880156,0.8456702713004232,0.8456354686511632,0.8489425775060748,20.66,1012.026
1791326457.239961,69.51615498019339,0.8477478393491465,0.8461193986532265,0.8491016741604801,20.65,1012.037
1791326488.5775826,69.51772815980875,0.8472801397131712,0.8464935499054889,0.8497348638275223,20.63,1012.044
1791326519.9339821,69.51551087673039,0.8459436314036491,0.8470522729428347,0.8495724004018471,20.69,1012.059
1791326551.2624347,69.51646552770728,0.8471695079519844,0.8466921824635378,0.8499651094511481,20.67,1012.07
1791326582.6049774,69.51559870289167,0.8459785688461113,0.8464119812539224,0.8496533826701048,20.67,1012.071
1791326613.9353495,69.51052479280655,0.8444631698420713,0.8470001248846322,0.8496156508118489,20.67,1012.089
1791326645.2829506,69.5079891401678,0.8443466019701618,0.8456144282895406,0.8485857217862328,20.65,1012.085
1791326676.6266217,69.50885910805968,0.8455661857814994,0.8451312018355586,0.8498953336366303,20.6,1012.091
1791326707.9698665,69.51313723167584,0.8464016369825109,0.8442625751744295,0.8493794528783414,20.62,1012.099
1791326739.318308,69.5099709168774,0.844430456394578,0.8460136137937964,0.8489028411665529,20.6,1012.094
1791326770.6598477,69.51051046208364,0.8462483414492301,0.8459785688461113,0.8498131915519205,20.56,1012.104
1791326802.007399,69.5102057649738,0.8459785688461113,0.8461309174010279,0.8485466656325459,20.57,1012.105
1791326833.3549047,69.51314293154483,0.8466830055043121,0.8452144222187955,0.8488234564820161,20.57,1012.098
1791326864.6792917,69.51655507750128,0.84683727481378,0.8451312018355586,0.848942507276416,20.56,1012.108
1791326896.0239673,69.51956782190024,0.8474728193299205,0.8459664471304401,0.8488234564820161,20.57,1012.109
1791326927.3722615,69.51702564383568,0.8452484135234293,0.84651950255571,0.8493794528783414,20.57,1012.101
1791326958.7209005,69.51693349510577,0.8464016369825109,0.8464477113474662,0.8497757929325415,20.59,1012.101
1791326990.062367,69.51394034330303,0.8446809907276599,0.8461775666290272,0.84953457722434,20.57,1012.096
1791327021.3948445,69.51338040152619,0.8459088009724866,0.8461887718609084,0.8499283283245692,20.6,1012.092
1791327052.7533784,69.51298380368009,0.845559382262535,0.8457576811855867,0.8492175604435156,20.57,1012.087
1791327084.090956,69.51324805573272,0.8451958453805781,0.8450637193542654,0.8490611222403721,20.6,1012.083
1791327115.426409,69.50921102974543,0.8448637416152749,0.8468822546089196,0.849496560072077,20.59,1012.074
1791327146.7697365,69.5063559261556,0.8454630601157287,0.8468906119106411,0.8492988568654106,20.59,1012.067
1791327178.1123054,69.50878658153603,0.8460956742078577,0.8448803465176453,0.8491400196297973,20.57,1012.056
1791327209.4609082,69.51194157016536,0.8474043374211073,0.8458268431064435,0.8491788890467341,20.59,1012.045
1791327240.8054416,69.5147879095327,0.8472500127901119,0.8458268431064435,0.8492573844694705,20.6,1012.042
1791327272.136848,69.5144580317882,0.8456144282895406,0.8457793671617931,0.849496560072077,20.65,1012.036
1791327303.4694324,69.51737532921864,0.8470522729428347,0.8455936242276121,0.8492973305987037,20.65,1012.04
1791327334.7557085,69.51548330288878,0.8453948363870232,0.8463408495519509,0.8493757451661056,20.63,1012.037
1791327366.0993037,69.51541342800385,0.8459436314036491,0.8459785688461113,0.8496533826701048,20.62,1012.029
1791327397.4487026,69.51452231107547,0.8451958453805781,0.8456414038447686,0.8494539997773949,20.6,1012.022
1791327428.7764113,69.51608022705642,0.8468627553433213,0.8460837973528481,0.8498835059616574,20.63,1012.013
1791327460.1126628,69.5171036413723,0.8462349656964993,0.8457232585385611,0.8490995213655215,20.65,1012.005
1791327491.443302,69.51458479910112,0.8459905916545217,0.8472500127901119,0.8497688550612924,20.65,1011.998
1791327522.7986596,69.51584357829786,0.8458740770617217,0.8452446874633485,0.8495320949215092,20.66,1011.99
1791327554.1431828,69.51535429698866,0.8460255118303084,0.8462701524849056,0.8498874163342237,20.62,1011.986
1791327585.4876268,69.51284058238737,0.8452110305331263,0.8464678878337747,0.84941389568559,20.65,1011.972
1791327616.8301907,69.5154464610857,0.8472935310036895,0.8459905916545217,0.8492958167602334,20.65,1011.963
1791327648.165598,69.51434711519984,0.8454288959031813,0.8459785688461113,0.849218755584251,20.62,1011.95
1791327679.5062237,69.51457990695211,0.8458740770617217,0.8457576811855867,0.8492573844694705,20.62,1011.944
1791327710.8395865,69.5145089250791,0.8463867501415737,0.8464222410780815,0.8489816024350714,20.63,1011.931
1791327742.1931741,69.51364314329732,0.8462592915726463,0.8466921824635378,0.8493373993936432,20.67,1011.923
1791327773.5305972,69.51371337694466,0.8461423419693763,0.846107225145705,0.8496128294616364,20.66,1011.916
1791327804.8770628,69.51071481224433,0.8452110305331263,0.8467103128832913,0.8494518524396228,20.62,1011.911
1791327836.2327092,69.50985635474277,0.8459678263672865,0.8463970551180698,0.849529632770286,20.62,1011.907
1791327867.5593948,69.5117368554661,0.8465133028685271,0.8455730525068609,0.849725013221396,20.63,1011.898
1791327898.9015605,69.50906295795525,0.8454092040455354,0.8467461528009549,0.849765428410379,20.65,1011.893
1791327930.2491584,69.50873719892617,0.8458049468527442,0.8459678263672865,0.8496474707407479,20.62,1011.892
1791327961.592771,69.50976125192051,0.8456071760496773,0.8450951495525098,0.8491778579618436,20.6,1011.89
1791327992.934186,69.51266731408457,0.8464324174848847,0.8449793864028553,0.8490995213655215,20.59,1011.889
1791328024.283669,69.51266731408457,0.8460373130315868,0.8460373130315868,0.8492958167602334,20.6,1011.887
1791328055.6251392,69.51266731408457,0.8463513675246125,0.8463513675246125,0.8496100310853955,20.65,1011.887
1791328086.9716768,69.51173405665716,0.8461536735086126,0.8466203022223169,0.8498466293995027,20.66,1011.887
1791328118.3051329,69.5138588607956,0.8463408495519509,0.8452784474827376,0.8500060986558545,20.62,1011.889
1791328149.6456625,69.50961909964616,0.8446982808845633,0.8468181614592816,0.8493357198527748,20.59,1011.882
1791328180.9860091,69.5073301415422,0.8450794986653807,0.846223977717361,0.848548213603449,20.6,1011.886
1791328212.329458,69.50677101988143,0.8459905916545217,0.8462701524849056,0.849805966947895,20.57,1011.885
1791328243.6769612,69.50393889086898,0.8450617888490363,0.8464778533552586,0.8503155984008421,20.56,1011.884
1791328275.0255463,69.50472874204763,0.8454234552430836,0.845028529653759,0.849529632770286,20.52,1011.882
1791328306.3699465,69.50788562101962,0.8463266523642776,0.8447482128782801,0.8489422320446742,20.5,1011.878
1791328337.7174287,69.50937146562542,0.8468267196557492,0.8460837973528481,0.8490206371663036,20.52,1011.88
1791328369.055193,69.5106932420315,0.8460025167613048,0.8453416285582681,0.8492163750050645,20.5,1011.885
1791328400.4026012,69.51085659194332,0.8456547274627773,0.8455730525068609,0.8490988154123776,20.56,1011.893
1791328431.747955,69.51148342551777,0.845886469294083,0.8455730525068609,0.8493340539535258,20.56,1011.899
1791328463.0725346,69.51518000416831,0.846199886081305,0.8443515967560332,0.848863803468818,20.54,1011.899
1791328494.4170246,69.51690206674002,0.8467821021589368,0.8459210708730883,0.8494919124548694,20.54,1011.895
1791328525.7515264,69.51429666215328,0.8447810950594841,0.8460837973528481,0.8489423000134467,20.62,1011.899
1791328557.0780203,69.51132664568415,0.8445175085267399,0.8460025167613048,0.8492163750050645,20.59,1011.904
1791328588.4245162,69.51257967674503,0.8470235706485131,0.8463970551180698,0.849529632770286,20.57,1011.9
1791328619.7530448,69.51211522887439,0.8463618002409858,0.8465940241763047,0.8489813749939729,20.59,1011.903
1791328651.0934682,69.51140008800637,0.8457491105044702,0.8461066809384852,0.8496416540737625,20.62,1011.904
1791328682.440018,69.51380869181689,0.8475867159231978,0.846382414017936,0.8499121937419502,20.6,1011.909
1791328713.7684555,69.51056069546377,0.8448637402073852,0.8464877383839469,0.8497988589930896,20.6,1011.91
1791328745.1160197,69.51118499369093,0.8458987612809757,0.8455866121673946,0.8495271905262736,20.63,1011.908
1791328776.4414666,69.51227423546125,0.8475758804110737,0.847031259525916,0.8493324015303675,20.62,1011.914
1791328807.7859068,69.51016867514451,0.8453897313291806,0.8464425114875481,0.8494896169006597,20.59,1011.92
1791328839.1285267,69.5068096208255,0.8456206180793846,0.847300145238888,0.849372097531174,20.62,1011.923
1791328870.4719026,69.5071391316057,0.8448801861393443,0.8447154307492499,0.849372097531174,20.59,1011.925
1791328901.814504,69.50707070495015,0.8456547274627773,0.8456889407905486,0.8492943151988123,20.57,1011.918
1791328933.1669378,69.51021284820177,0.8464678878337747,0.8448968162079643,0.8496878087540202,20.59,1011.911
1791328964.508478,69.51177204671535,0.8473736234330955,0.8465940241763047,0.8489031172398428,20.6,1011.913
1791328995.8559625,69.51170227708342,0.8460837973528481,0.8461186821688145,0.8496474707407479,20.6,1011.909
1791329027.1865265,69.51410747550379,0.8461649131504192,0.8449623139402325,0.8496847208188231,20.62,1011.908
1791329058.5288959,69.51112894331025,0.8452744630538136,0.8467637291505851,0.8493324015303675,20.6,1011.902
1791329089.8734343,69.50988475018413,0.845715030313807,0.8463371268768708,0.8493702957882324,20.63,1011.894
1791329121.1569407,69.51493627473165,0.8479297443060345,0.8454039820322751,0.8493702957882324,20.6,1011.893
1791329152.491434,69.51368767827734,0.8462109103945569,0.846835208621719,0.8495271905262736,20.59,1011.885
1791329183.8458838,69.51175057910959,0.8450112276218311,0.8459797772057077,0.8491758207640713,20.59,1011.881
1791329215.1733758,69.5124713986748,0.8457020383408796,0.8453416285582681,0.8491768352346922,20.57,1011.865
1791329246.5178373,69.51224087783498,0.844797891911149,0.844913152331062,0.8490594742435249,20.57,1011.861
1791329277.855521,69.51270375228849,0.8460490185750185,0.8458175813482667,0.8491768352346922,20.56,1011.853
1791329309.2047873,69.51378797301368,0.846176062008197,0.8456339516456027,0.8487468509558758,20.6,1011.846
1791329340.5443404,69.51730354162216,0.846835208621719,0.8450774243174816,0.8490202524167865,20.62,1011.834
1791329371.901792,69.51683923791414,0.8466389593759767,0.8468711112299809,0.8495671621839558,20.66,1011.829
1791329403.2393227,69.51464325040037,0.8448473199006032,0.8459453136574886,0.8492928257656951,20.67,1011.817
1791329434.571011,69.5164216503962,0.8469152785932519,0.846026078595339,0.8496816578001183,20.65,1011.808
1791329465.9182997,69.51603200916226,0.8463475172949139,0.8465423379118798,0.8494455138656237,20.63,1011.802
1791329497.25974,69.51495366795311,0.8454181183237008,0.8459572889282798,0.8497953478798357,20.62,1011.791
1791329528.5984993,69.51642305555455,0.8467724114385695,0.8460377176378429,0.8494455138656237,20.65,1011.786
1791329559.9487376,69.51201139633305,0.8457279179807718,0.8479337475915268,0.8493685085251026,20.62,1011.773
1791329591.295371,69.5113899259675,0.8461066809384852,0.8464174161212602,0.8496416540737625,20.62,1011.754
1791329622.640962,69.51263600242554,0.8463721487334886,0.8457491105044702,0.8493702957882324,20.62,1011.741
1791329653.9882493,69.51101618253475,0.8456679434098596,0.8464778533552586,0.8489813749939729,20.63,1011.736
1791329685.3338227,69.51437460334049,0.8466745819069532,0.8449953715040862,0.8492943151988123,20.63,1011.723
1791329716.6732538,69.51444546020888,0.8465584879423319,0.8465230595081379,0.8491374154695687,20.65,1011.716
1791329748.022983,69.51490786626118,0.8459332413670336,0.8457020383408796,0.8492943151988123,20.63,1011.704
1791329779.3803961,69.51615709430799,0.8463266523642776,0.8457020383408796,0.8492546971143149,20.66,1011.694
1791329810.7267458,69.51467299184654,0.8458519729455799,0.8465940241763047,0.8490988154123776,20.67,1011.679
1791329842.070348,69.51780239389493,0.8477296141746157,0.8461649131504192,0.8492943151988123,20.65,1011.673
1791329873.4548576,69.51733761986347,0.8467549765571889,0.8469873635729206,0.8486297669750335,20.66,1011.657
1791329904.8063152,69.51396501019727,0.8450774243174816,0.8467637291505851,0.8494497224812677,20.63,1011.653
1791329936.1507695,69.51387390237025,0.8462218458872086,0.8462673998007183,0.8493307624204394,20.6,1011.646
1791329967.4942577,69.51171290491396,0.8451413471590635,0.8462218458872086,0.849718578291376,20.66,1011.634
1791329998.8478093,69.51272614162981,0.8461066809384852,0.8456000625805625,0.8493307624204394,20.66,1011.626
1791330030.1863985,69.51436360039298,0.8461413190153054,0.8453225896337169,0.8492533696917038,20.67,1011.625
1791330061.529776,69.51655707045411,0.8465680376812601,0.8454713026506926,0.8488643016495621,20.69,1011.617
1791330092.8643064,69.51577090449061,0.8454713026506926,0.8458643856324473,0.8489032077761841,20.67,1011.613
1791330124.2047935,69.51491731600564,0.8454375913899611,0.8458643856324473,0.8491758207640713,20.67,1011.605
1791330155.5523329,69.5164652249924,0.8467192681508714,0.8459453136574886,0.8488251084578696,20.67,1011.594
1791330186.8977096,69.51484696493964,0.846026078595339,0.846835208621719,0.8492151991512288,20.69,1011.582
1791330218.241223,69.51461597613279,0.845028529653759,0.8451440240571833,0.8490594742435249,20.65,1011.568
1791330249.5928175,69.5130394225352,0.8460025167613048,0.8467907935600978,0.8486285646973765,20.63,1011.563
1791330280.9472115,69.51537488749055,0.8461300464179075,0.8449623139402325,0.8491768352346922,20.6,1011.548
1791330312.2757995,69.51349914776466,0.8456206180793846,0.8465584879423319,0.849372097531174,20.62,1011.539
1791330343.6023803,69.51248472691375,0.8459453136574886,0.8464525240829454,0.8491758207640713,20.6,1011.523
1791330374.9476328,69.51193225502905,0.8456810529859301,0.8459572889282798,0.8488255131291259,20.63,1011.51
1791330406.294276,69.51395974940453,0.8461066809384852,0.8450929337507433,0.8493307624204394,20.62,1011.49
1791330437.6328049,69.51395974940453,0.8465327375405317,0.8465327375405317,0.8496416540737625,20.62,1011.487
1791330468.9681468,69.51379806883209,0.8458301139476656,0.8459109542338855,0.8494476096921896,20.65,1011.484
1791330500.3086421,69.51356758799216,0.846026078595339,0.8461413190153054,0.8493702957882324,20.66,1011.475
1791330531.6372728,69.51435296041039,0.8460606296189794,0.8456679434098596,0.8486694730141955,20.66,1011.47
1791330562.981649,69.51543702998204,0.8463721487334886,0.8458301139476656,0.8489421646240639,20.63,1011.47
1791330594.3200645,69.51497490455289,0.8462566756693742,0.8464877383839469,0.8494476096921896,20.65,1011.469
1791330625.67062,69.5137244114023,0.8449953715040862,0.8456206180793846,0.8491768352346922,20.6,1011.464
1791330657.0193799,69.50974287765703,0.8445677210697036,0.8465584879423319,0.8495671621839558,20.62,1011.462
1791330688.347655,69.51559793607606,0.8453079947917354,0.8423804655822182,0.8486684347891336,20.59,1011.465
1791330719.6891096,69.5158959204546,0.8454234552430836,0.8452744630538136,0.8489422320446742,20.6,1011.462
1791330751.0346444,69.51527162222743,0.8452744630538136,0.8455866121673946,0.8487081033032055,20.59,1011.461
1791330782.364045,69.51316905494376,0.8445353285255585,0.8455866121673946,0.8483959541896243,20.59,1011.457
1791330813.7046666,69.51563282563905,0.8464877383839469,0.8452558530363042,0.8494873398785805,20.62,1011.45
1791330845.0491972,69.51174499778224,0.8451744753901602,0.8471183893185625,0.8487868416824269,20.59,1011.427
1791330876.3975728,69.5092628640645,0.8448310804443454,0.846072147303218,0.8492913483145307,20.6,1011.417
1791330907.6930223,69.51052446149227,0.8470029474473724,0.8463721487334886,0.8490583976526641,20.59,1011.402
1791330939.032621,69.5157357114366,0.8475021237169176,0.844896498744746,0.8491758207640713,20.57,1011.397
1791330970.3850243,69.51737632813833,0.8462916110015558,0.8454713026506926,0.8489422320446742,20.57,1011.386
1791331001.7246554,69.51652187740011,0.8458643856324473,0.8462916110015558,0.8492928257656951,20.56,1011.366
1791331033.0710943,69.5157360398708,0.8452410328809475,0.8456339516456027,0.8485912164011394,20.57,1011.356
1791331064.401481,69.5105153675887,0.8437969406347714,0.8464072767758266,0.8490202524167865,20.54,1011.353
1791331095.7499902,69.5105153675887,0.8453561096140118,0.8453561096140118,0.8489032077761841,20.57,1011.347
1791331127.0775502,69.50943255420452,0.845207703812386,0.8457491105044702,0.8483197544887844,20.54,1011.343
1791331158.4141204,69.51215290805378,0.8462566756693742,0.844896498744746,0.8489811493899454,20.54,1011.338
1791331189.765559,69.5140852747512,0.846026078595339,0.8450598952466306,0.849214032766235,20.53,1011.341
1791331221.0920155,69.51804684982682,0.8466481751584026,0.8446673876205933,0.8491365614106579,20.53,1011.344
1791331252.4405735,69.51804684982682,0.846382414017936,0.846382414017936,0.848980925600821,20.57,1011.339
1791331283.7819223,69.51795253763339,0.8454990069474679,0.8455461630441802,0.849482840540337,20.59,1011.339
1791331315.1334476,69.515023732869,0.8447336893538656,0.8461980917360602,0.8487489960727226,20.57,1011.343
1791331346.4800775,69.51864748140429,0.846382414017936,0.8445705397502933,0.8493291364634935,20.57,1011.34
1791331377.8165581,69.51802819283726,0.8453037607778294,0.845613405061342,0.849019492179981,20.6,1011.338
1791331409.1679487,69.51577538287198,0.845566275750014,0.8466926807326542,0.8493685085251026,20.57,1011.335
1791331440.5055115,69.51407247719136,0.8458766984637236,0.8467281513040351,0.8490198707671163,20.63,1011.32
1791331471.855123,69.51453149047559,0.8454039820322751,0.8451744753901602,0.8495247679490099,20.65,1011.31
1791331503.195451,69.516722422279,0.8466481751584026,0.8455527092566973,0.8491758207640713,20.65,1011.302
1791331534.5492618,69.51547508709561,0.8453561096140118,0.8459797772057077,0.8487862813683401,20.63,1011.293
1791331565.895594,69.50910587120757,0.8429454384738876,0.8461300464179075,0.8487081033032055,20.62,1011.284
1791331597.2329426,69.5095675069498,0.8458987612809757,0.8456679434098596,0.8488251084578696,20.62,1011.272
1791331628.5755746,69.51111289848393,0.8460952854007819,0.8453225896337169,0.8483959541896243,20.63,1011.259
1791331659.9199185,69.50862325794282,0.845207703812386,0.8464525240829454,0.8489811493899454,20.63,1011.247
1791331691.2665179,69.50839239316439,0.8460606296189794,0.846176062008197,0.8489811493899454,20.62,1011.233
1791331722.6112297,69.51078617198758,0.8460606296189794,0.8448637402073852,0.8494476096921896,20.59,1011.228
1791331753.962623,69.51069403457181,0.846026078595339,0.846072147303218,0.8490198707671163,20.59,1011.218
1791331785.3199267,69.51147573616655,0.8457279179807718,0.845337067183403,0.8490583976526641,20.57,1011.218
1791331816.6425767,69.50930882829168,0.8457959457557102,0.846879399693146,0.8484762628127772,20.56,1011.211
1791331847.9768782,69.51101388685746,0.8452410328809475,0.8443885035980594,0.8492928257656951,20.52,1011.21
1791331879.3194277,69.51569951174,0.8475021237169176,0.8451593112756478,0.8492533696917038,20.57,1011.208
1791331910.6679764,69.51593006199595,0.8458643856324473,0.8457491105044702,0.8487862813683401,20.57,1011.202
1791331942.000426,69.51406094730889,0.8454375913899611,0.8463721487334886,0.8489811493899454,20.57,1011.204
1791331973.3508925,69.51251681450108,0.8450112276218311,0.8457832940257373,0.8489032077761841,20.56,1011.201
1791332004.6983721,69.51258253002199,0.8449293565051977,0.844896498744746,0.8485912164011394,20.54,1011.197
1791332036.027978,69.51156668929742,0.8455527092566973,0.8460606296189794,0.8491758207640713,20.49,1011.191
1791332067.352445,69.51366902362105,0.8464072767758266,0.8453561096140118,0.848474447572492,20.52,1011.178
1791332098.701821,69.51560517922087,0.8456679434098596,0.8446998656099453,0.8491758207640713,20.54,1011.176
1791332130.0334177,69.51364756787831,0.8448637402073852,0.8458425458786659,0.8483980874604702,20.53,1011.171
1791332161.3889098,69.51586630061743,0.846622059480482,0.8455126931109234,0.8488259145514817,20.59,1011.164
1791332192.7373276,69.51586630061743,0.8457407025928816,0.8457407025928816,0.8493667355679313,20.57,1011.163
1791332224.0779552,69.51696812797788,0.8461980917360602,0.8456471780558414,0.8491748144503993,20.59,1011.161
1791332255.4064293,69.51673918324121,0.8454181183237008,0.8455325906920313,0.8491357142085527,20.62,1011.155
1791332286.7577956,69.51814175457395,0.8468079666048528,0.8461066809384852,0.8487482867802256,20.62,1011.148
1791332318.1103535,69.51464662975786,0.844324584895175,0.846072147303218,0.8484762628127772,20.6,1011.15
1791332349.453864,69.51448464894713,0.8456000625805625,0.8456810529859301,0.84890329758346,20.6,1011.141
1791332380.799432,69.51533668097669,0.846026078595339,0.8456000625805625,0.8485925624006849,20.6,1011.141
1791332412.1447997,69.51464756858164,0.8453704741162803,0.845715030313807,0.8482034165660621,20.59,1011.132
1791332443.477333,69.51651385827083,0.8466481751584026,0.845715030313807,0.8491365614106579,20.62,1011.128
1791332474.8037906,69.51674425769048,0.8459453136574886,0.8458301139476656,0.8490198707671163,20.62,1011.117
1791332506.1483097,69.51527021086885,0.8447818854692114,0.8455189088800258,0.8489421646240639,20.62,1011.118
1791332537.4928267,69.51899903306214,0.8467281513040351,0.8448637402073852,0.8486705028871112,20.62,1011.105
1791332568.837273,69.5176594790516,0.844896498744746,0.845566275750014,0.8487868416824269,20.59,1011.104
1791332600.1838393,69.51860238714161,0.8462673998007183,0.8457959457557102,0.8487868416824269,20.6,1011.102
1791332631.537288,69.51409840663328,0.8452558530363042,0.847507843290472,0.8488645477356812,20.63,1011.095
1791332662.8857863,69.51051999399768,0.8451260722754519,0.8469152785932519,0.8487862813683401,20.6,1011.095
1791332694.2172303,69.51370052052623,0.8463721487334886,0.8447818854692114,0.8490981151641882,20.59,1011.09
1791332725.451879,69.5141610872136,0.8459453136574886,0.845715030313807,0.8486309595564242,20.6,1011.09
1791332756.7933161,69.51376828471805,0.8455527092566973,0.8457491105044702,0.8483577966384457,20.59,1011.088
1791332788.136986,69.51626169572405,0.8458643856324473,0.8446176801294479,0.8488643016495621,20.62,1011.088
1791332819.474346,69.51291712947696,0.8446998656099453,0.8463721487334886,0.8488643016495621,20.57,1011.082
1791332850.8137507,69.51314751555032,0.8454713026506926,0.8453561096140118,0.8486694730141955,20.6,1011.084
1791332882.1662912,69.51259284436384,0.8457832940257373,0.8460606296189794,0.8485912164011394,20.56,1011.083
1791332913.4927523,69.5130518851796,0.8458766984637236,0.8456471780558414,0.8485542810209631,20.57,1011.084
1791332944.8363318,69.51334709615112,0.8456602985966788,0.8455126931109234,0.8488263127639065,20.59,1011.088
1791332976.1776655,69.51389546087609,0.8465869078394919,0.8463127254770084,0.8492507467061845,20.57,1011.092
1791333007.5292737,69.51476969232313,0.8460033914735348,0.845566275750014,0.8487873975047975,20.62,1011.095
1791333038.8826954,69.51545815096802,0.846072147303218,0.8457279179807718,0.8490583976526641,20.6,1011.101
1791333070.2291603,69.51786862300912,0.8469671166090558,0.8457618805884998,0.8493291364634935,20.62,1011.108
1791333101.5818546,69.51786862300912,0.8459916318555798,0.8459916318555798,0.8482818272179101,20.6,1011.113
1791333132.936141,69.51623399745203,0.8448637402073852,0.8456810529859301,0.8487089791137933,20.59,1011.112
1791333164.2787833,69.51515366278417,0.8450598952466306,0.8456000625805625,0.8487089791137933,20.62,1011.112
1791333195.6183534,69.51632826713136,0.8464174161212602,0.8458301139476656,0.8485925624006849,20.57,1011.096
1791333226.9687793,69.51649120136106,0.8452891709272394,0.845207703812386,0.8490589337763467,20.62,1011.1
1791333258.3141458,69.52045551586825,0.8473861392858648,0.8454039820322751,0.8488255131291259,20.63,1011.093
1791333289.6626585,69.51687023343045,0.8451744753901602,0.8469671166090558,0.8492913483145307,20.63,1011.087
1791333320.992125,69.5093887375008,0.844815019541574,0.8485557675063978,0.849057865820327,20.57,1011.089
1791333352.3146327,69.5082424567893,0.8454990069474679,0.846072147303218,0.8489033866704416,20.6,1011.076
1791333383.664118,69.50637804569266,0.8448637402073852,0.8457959457557102,0.849214032766235,20.56,1011.074
1791333415.0066507,69.51073491663962,0.8476973443535047,0.8455189088800258,0.8489421646240639,20.59,1011.074
1791333446.3491907,69.5101118784106,0.8451260722754519,0.8454375913899611,0.8486309595564242,20.62,1011.072
1791333477.6966412,69.514470946577,0.8475021237169176,0.8453225896337169,0.848514464847594,20.63,1011.06
1791333509.0412931,69.51431004416202,0.8462566756693742,0.8463371268768708,0.8487475717644608,20.62,1011.043
1791333540.3775556,69.51548845224897,0.8459453136574886,0.8453561096140118,0.8492533696917038,20.65,1011.033
1791333571.7382936,69.51555699561854,0.8458643856324473,0.8458301139476656,0.8483197544887844,20.65,1011.026
1791333603.0846882,69.51276615603686,0.8446998656099453,0.8460952854007819,0.8488255131291259,20.6,1011.01
1791333634.4401479,69.51096670281275,0.8450112276218311,0.8459109542338855,0.8487475717644608,20.6,1011.0
1791333665.7817008,69.50724724057314,0.8433629043855894,0.8452226355053968,0.8486321425583769,20.56,1010.992
1791333697.1270943,69.50955998722341,0.8453037607778294,0.844147387452693,0.8488259145514817,20.53,1010.993
1791333728.4695632,69.50871252329979,0.8448800288160182,0.8453037607778294,0.8486321425583769,20.56,1010.986
1791333759.8181696,69.50701211737169,0.8446350076088847,0.8454852105729351,0.8485925624006849,20.54,1010.968
1791333791.1636288,69.50724150844584,0.8452891709272394,0.8451744753901602,0.8480871958071471,20.53,1010.952
1791333822.5050862,69.50894237528566,0.8452891709272394,0.8444387375073313,0.8482818272179101,20.52,1010.944
1791333853.8495002,69.51142700624285,0.8456810529859301,0.8444387375073313,0.8486705028871112,20.53,1010.948
1791333885.1931384,69.51227771845399,0.8459916318555798,0.845566275750014,0.8487868416824269,20.56,1010.951
1791333916.5306008,69.51492165741024,0.8462673998007183,0.8449454303225944,0.8492913483145307,20.59,1010.946
1791333947.8761137,69.51609838661058,0.8459109542338855,0.8453225896337169,0.8485925624006849,20.59,1010.931
1791333979.21756,69.5175725152032,0.8463371268768708,0.8456000625805625,0.8488255131291259,20.62,1010.903
1791334010.5471678,69.51383993582482,0.8435376923430838,0.8454039820322751,0.8480871958071471,20.56,1010.873
1791334041.8725917,69.51151385634203,0.8449782792739163,0.8461413190153054,0.848514464847594,20.54,1010.862
1791334073.2180936,69.51592108818947,0.8471977324180335,0.8449941164943167,0.8482440143062449,20.56,1010.859
1791334104.5656066,69.51484535336228,0.8454655240599345,0.8460033914735348,0.8483623454117365,20.59,1010.857
1791334135.9089906,69.51647279042136,0.8463127254770084,0.8454990069474679,0.8485938976047168,20.57,1010.856
1791334167.2575235,69.51872755459485,0.8458766984637236,0.844749316376981,0.8489420977450115,20.56,1010.846
1791334198.6161983,69.51803680807565,0.8457959457557102,0.8461413190153054,0.8486705028871112,20.57,1010.834
1791334229.9605663,69.51757828910797,0.8445852936771063,0.8448145531609427,0.848552782535053,20.53,1010.818
1791334261.291129,69.51548011352418,0.8443885035980594,0.8454375913899611,0.8488643016495621,20.52,1010.787
1791334292.6306763,69.51554733223955,0.8454375913899611,0.8454039820322751,0.848552782535053,20.56,1010.751
1791334323.9799428,69.51515381811399,0.8450442758181637,0.8452410328809475,0.8485912164011394,20.56,1010.722
1791334355.3164928,69.5120354801555,0.8450442758181637,0.8466034447974038,0.8487862813683401,20.56,1010.715
1791334386.667964,69.51482383323348,0.846176062008197,0.8447818854692114,0.8489811493899454,20.56,1010.724
1791334418.0186393,69.51521655374476,0.8456339516456027,0.8454375913899611,0.8491758207640713,20.6,1010.728
1791334449.3790398,69.51420269114672,0.8449782792739163,0.8454852105729351,0.8485925624006849,20.57,1010.734
1791334480.7213883,69.5130912530704,0.8451593112756478,0.845715030313807,0.8487475717644608,20.59,1010.724
1791334511.993934,69.51332204748255,0.8464525240829454,0.8463371268768708,0.8491365614106579,20.57,1010.705
1791334543.3445392,69.51705086967584,0.8457959457557102,0.8439315346590603,0.84890329758346,20.56,1010.686
1791334574.6880596,69.513091404644,0.8445530050246102,0.8465327375405317,0.8485925624006849,20.56,1010.67
1791334606.0335224,69.51083389362749,0.8454039820322751,0.8465327375405317,0.848514464847594,20.54,1010.678
1791334637.3800273,69.5110633665408,0.8454852105729351,0.8453704741162803,0.8484762628127772,20.56,1010.675
1791334668.7285466,69.51021149865134,0.8445852936771063,0.8450112276218311,0.8482034165660621,20.56,1010.667
1791334700.0739527,69.51021149865134,0.8453561096140118,0.8453561096140118,0.8494099489600362,20.54,1010.653
1791334731.4064226,69.50952128555411,0.8449293565051977,0.8452744630538136,0.8485912164011394,20.57,1010.647
1791334762.7568698,69.51092984710719,0.8459453136574886,0.8452410328809475,0.8492533696917038,20.59,1010.633
1791334794.1029556,69.51155414533436,0.8449623139402325,0.8446501648266515,0.8480461202626959,20.57,1010.623
1791334825.430922,69.51405133824301,0.8462109103945569,0.8449623139402325,0.8488251084578696,20.59,1010.609
1791334856.782538,69.51474015865945,0.8450442758181637,0.8446998656099453,0.8485912164011394,20.57,1010.6
1791334888.1109755,69.51342773763555,0.844896498744746,0.8455527092566973,0.848474447572492,20.57,1010.592
1791334919.456485,69.51536539664339,0.8464877383839469,0.8455189088800258,0.8486694730141955,20.59,1010.585
1791334950.794885,69.5158930730387,0.8458301139476656,0.845566275750014,0.8485925624006849,20.56,1010.574
1791334982.1443748,69.51729422436557,0.846462456251935,0.8457618805884998,0.8491357142085527,20.54,1010.561
1791335013.484832,69.51886491429156,0.8454852105729351,0.8446998656099453,0.8491365614106579,20.56,1010.564
1791335044.8364756,69.5177813222941,0.8453225896337169,0.8458643856324473,0.8483577966384457,20.56,1010.553
1791335076.1589274,69.51489739148248,0.8451260722754519,0.8465680376812601,0.8484362097525749,20.56,1010.553
1791335107.5084035,69.51325788348393,0.8449293565051977,0.8457491105044702,0.8487475717644608,20.53,1010.544
1791335138.8549635,69.51132040175435,0.8448145531609427,0.8457832940257373,0.848552782535053,20.56,1010.541
1791335170.1943085,69.51099601003946,0.8458175813482667,0.8459797772057077,0.8487081033032055,20.53,1010.527
1791335201.5398996,69.50850259903346,0.8446176801294479,0.8458643856324473,0.8487862813683401,20.54,1010.533
1791335232.8664021,69.51037454728373,0.8464072767758266,0.8454713026506926,0.8489032077761841,20.53,1010.525
1791335264.2189915,69.51168979615629,0.8464877383839469,0.8458301139476656,0.8488643016495621,20.53,1010.525
1791335295.5774028,69.51136270644952,0.8447818854692114,0.8449454303225944,0.8483980874604702,20.52,1010.519
1791335326.9207764,69.50995873576578,0.8450598952466306,0.8457618805884998,0.8484762628127772,20.49,1010.504
1791335358.2492669,69.5100545282781,0.845337067183403,0.8452891709272394,0.8485542810209631,20.5,1010.494
1791335389.5919616,69.51037881648992,0.8456810529859301,0.8455189088800258,0.8493307624204394,20.52,1010.49
1791335420.938287,69.51162363676048,0.8455189088800258,0.844896498744746,0.8492533696917038,20.52,1010.489
1791335452.2869568,69.50890359679971,0.8445852936771063,0.8459453136574886,0.848514464847594,20.49,1010.483
1791335483.632367,69.50913429803147,0.8457832940257373,0.8456679434098596,0.8489032077761841,20.5,1010.469
1791335514.9778042,69.51123686531514,0.8455866121673946,0.8445353285255585,0.8480838050760433,20.49,1010.449
1791335546.3332233,69.51202399070826,0.8457832940257373,0.8453897313291806,0.8489422320446742,20.56,1010.435
1791335577.676765,69.51264765829995,0.8459797772057077,0.8456679434098596,0.8489032077761841,20.57,1010.427
1791335609.023412,69.51366492256838,0.8456679434098596,0.8451593112756478,0.8485128014461707,20.56,1010.418
1791335640.395811,69.51294480647296,0.8451926512089852,0.8455527092566973,0.8490594742435249,20.56,1010.418
1791335671.7451952,69.51409400136069,0.8452744630538136,0.8446998656099453,0.8487081033032055,20.57,1010.415
1791335703.085839,69.5174305134755,0.8467281513040351,0.8450598952466306,0.8490198707671163,20.59,1010.402
1791335734.417198,69.51913295579813,0.8469233684645289,0.846072147303218,0.84890329758346,20.6,1010.397
1791335765.7647343,69.51478485162303,0.844749316376981,0.8469233684645289,0.8487089791137933,20.59,1010.395
1791335797.1082199,69.5126223039419,0.8452558530363042,0.8463371268768708,0.8490974205520765,20.56,1010.39
1791335828.436792,69.51425976270507,0.8461413190153054,0.8453225896337169,0.8489421646240639,20.57,1010.392
1791335859.7801623,69.51107910262562,0.8437657795742879,0.8453561096140118,0.8486309595564242,20.56,1010.393
1791335891.1257417,69.51022450084213,0.8451593112756478,0.8455866121673946,0.8483959541896243,20.57,1010.398
1791335922.4712255,69.51600601332919,0.847031259525916,0.8441405032823847,0.8483959541896243,20.57,1010.392
1791335953.8188264,69.51593876989885,0.8453561096140118,0.8453897313291806,0.8489032077761841,20.52,1010.392
1791335985.1641681,69.513118799635,0.8445353285255585,0.8459453136574886,0.8486694730141955,20.53,1010.392
1791336016.4866025,69.51341441676651,0.845207703812386,0.8450598952466306,0.8483980874604702,20.57,1010.394
1791336047.8271525,69.51217210128792,0.8453704741162803,0.8459916318555798,0.8483980874604702,20.52,1010.394
1791336079.1806343,69.51403745120786,0.8462218458872086,0.8452891709272394,0.849214032766235,20.52,1010.38
1791336110.5222692,69.51583185809785,0.846382414017936,0.8454852105729351,0.8486705028871112,20.53,1010.377
1791336141.8727257,69.51419613038799,0.8454039820322751,0.8462218458872086,0.8490198707671163,20.53,1010.359
1791336173.2032428,69.51426334910336,0.8454375913899611,0.8454039820322751,0.8489421646240639,20.54,1010.351
1791336204.549786,69.512560142693,0.8451744753901602,0.846026078595339,0.8490198707671163,20.54,1010.347
1791336235.890236,69.51233013918052,0.8453225896337169,0.8454375913899611,0.848552782535053,20.54,1010.335
1791336267.2305994,69.51140965998557,0.845207703812386,0.8456679434098596,0.8488643016495621,20.52,1010.322
1791336298.577197,69.51272120442579,0.8450442758181637,0.8443885035980594,0.8485912164011394,20.53,1010.302
1791336329.857633,69.5136704851657,0.8456339516456027,0.8451593112756478,0.8488643016495621,20.53,1010.278
1791336361.1971092,69.5096956541547,0.8439113457754691,0.8458987612809757,0.8488251084578696,20.54,1010.257
1791336392.549882,69.51055112052507,0.8460143453525786,0.8455866121673946,0.8485128014461707,20.54,1010.243
1791336423.8930519,69.50992745293337,0.8453561096140118,0.8456679434098596,0.8487862813683401,20.53,1010.233
1791336455.2355871,69.51032113212713,0.8454713026506926,0.8452744630538136,0.8485912164011394,20.57,1010.215
1791336486.5803266,69.50897775975315,0.8450774243174816,0.8457491105044702,0.8485128014461707,20.53,1010.208
1791336517.9245248,69.50541076844365,0.8439315346590603,0.845715030313807,0.8485925624006849,20.52,1010.191
1791336549.267171,69.50409855155891,0.8454852105729351,0.8461413190153054,0.848514464847594,20.5,1010.189
1791336580.6187077,69.50511502132844,0.8454375913899611,0.8449293565051977,0.8489811493899454,20.52,1010.192
1791336611.944045,69.50527717866484,0.845715030313807,0.8456339516456027,0.8490589337763467,20.52,1010.196
1791336643.2896252,69.50590021689386,0.8454375913899611,0.8451260722754519,0.848552782535053,20.52,1010.198
1791336674.633125,69.50986359068439,0.8464525240829454,0.8444708371876795,0.8484362097525749,20.52,1010.201
1791336705.976793,69.5136966279852,0.8463371268768708,0.8444206082264676,0.8488255131291259,20.54,1010.194
1791336737.320089,69.51471420741201,0.8453561096140118,0.8448473199006032,0.8485128014461707,20.54,1010.189
1791336768.6646104,69.51589286134859,0.8460606296189794,0.8454713026506926,0.8487862813683401,20.57,1010.185
1791336800.0111556,69.5140218585735,0.8450442758181637,0.8459797772057077,0.8483577966384457,20.56,1010.177
1791336831.3476229,69.51238203605247,0.8446176801294479,0.8454375913899611,0.848552782535053,20.56,1010.171
1791336862.696945,69.51277546759297,0.8451260722754519,0.8449293565051977,0.8483577966384457,20.59,1010.164
1791336894.0345423,69.51402343309316,0.8454713026506926,0.8448473199006032,0.8489032077761841,20.59,1010.146
1791336925.375079,69.51565814017455,0.8464174161212602,0.8456000625805625,0.8483197544887844,20.59,1010.14
1791336956.7144742,69.5165085400738,0.8456810529859301,0.8452558530363042,0.8490974205520765,20.59,1010.129
1791336988.0460162,69.5156570527519,0.8454852105729351,0.8459109542338855,0.849214032766235,20.59,1010.119
1791337019.3855789,69.5138617484419,0.8466836678479978,0.8475813200029984,0.8489421646240639,20.6,1010.11
1791337050.7369301,69.51114350849414,0.8441597889061476,0.8455189088800258,0.8483980874604702,20.54,1010.105
1791337082.0845618,69.50966774272887,0.8450112276218311,0.8457491105044702,0.8483577966384457,20.54,1010.096
1791337113.4129882,69.51029015286414,0.8461413190153054,0.8458301139476656,0.8490589337763467,20.57,1010.081
1791337144.7514322,69.51029015286414,0.8457491105044702,0.8457491105044702,0.848552782535053,20.54,1010.082
1791337176.103245,69.51124072274257,0.8455527092566973,0.8450774243174816,0.8487081033032055,20.57,1010.075
1791337207.4434898,69.51350563735278,0.8459797772057077,0.8448473199006032,0.848474447572492,20.56,1010.075
1791337238.7890046,69.51265158368773,0.8450442758181637,0.8454713026506926,0.8486297669750335,20.54,1010.071
1791337270.1344295,69.51202665354845,0.8448801861393443,0.8451926512089852,0.8487862813683401,20.52,1010.073
1791337301.4808965,69.51366718801721,0.8455527092566973,0.8447324420223156,0.8483959541896243,20.53,1010.071
1791337332.809366,69.51622770797582,0.8457832940257373,0.8445030340464336,0.8485912164011394,20.54,1010.067
1791337364.1439977,69.51498414136252,0.8452891709272394,0.8459109542338855,0.8484362097525749,20.54,1010.066
1791337395.4943829,69.51599690236928,0.845566275750014,0.8450598952466306,0.8490974205520765,20.56,1010.068
1791337426.8259697,69.51429260619315,0.8452891709272394,0.8461413190153054,0.8488255131291259,20.53,1010.068
1791337458.15864,69.513832831038,0.845207703812386,0.8454375913899611,0.8483197544887844,20.53,1010.064
1791337489.5009165,69.5134384377691,0.8447651173057827,0.8449623139402325,0.8489032077761841,20.5,1010.058
1791337520.8294337,69.51064137885238,0.8441405032823847,0.8455390327407407,0.8483554945842944,20.5,1010.052
1791337552.1769438,69.51024738418155,0.8449623139402325,0.8451593112756478,0.8489032077761841,20.5,1010.043
1791337583.5134473,69.50876588742943,0.8455051162786259,0.8462458646546828,0.848864053568725,20.5,1010.041
1791337614.8589454,69.50978235719896,0.8454375913899611,0.8449293565051977,0.8489032077761841,20.53,1010.027
1791337646.1995103,69.51063617825679,0.8456679434098596,0.8452410328809475,0.848474447572492,20.54,1010.013
1791337677.5500982,69.51063617825679,0.8459453136574886,0.8459453136574886,0.8488643016495621,20.56,1010.001
1791337708.8972926,69.50955414246707,0.8450929337507433,0.8456339516456027,0.8483197544887844,20.53,1009.993
1791337740.241911,69.51204002392927,0.8464174161212602,0.8451744753901602,0.84890329758346,20.53,1009.985
1791337771.585497,69.51396899527334,0.8461871211774333,0.8452226355053968,0.8483980874604702,20.52,1009.983
1791337802.9138784,69.51452240315247,0.8456471780558414,0.8453704741162803,0.8481656839431275,20.5,1009.979
1791337834.2533796,69.51288431661231,0.8446998656099453,0.8455189088800258,0.848552782535053,20.5,1009.972
1791337865.6030238,69.51396697986274,0.8459453136574886,0.8454039820322751,0.8486309595564242,20.49,1009.96
1791337896.9444287,69.51008536423697,0.8446176801294479,0.8465584879423319,0.8482004944344717,20.47,1009.943
1791337928.2797892,69.50821057381913,0.8448801861393443,0.8458175813482667,0.8485128014461707,20.47,1009.946
1791337959.626547,69.51070902991272,0.8460143453525786,0.8447651173057827,0.8485128014461707,20.46,1009.937
1791337990.9498115,69.50946106441253,0.8454713026506926,0.8460952854007819,0.848162613776644,20.5,1009.93
1791338022.2982917,69.51047935731053,0.8451593112756478,0.8446501648266515,0.8487081033032055,20.49,1009.931
1791338053.6169217,69.5113348236809,0.8460143453525786,0.8455866121673946,0.8487081033032055,20.46,1009.928
1791338084.9663875,69.51560667433998,0.8466389593759767,0.8445030340464336,0.8490202524167865,20.5,1009.921
1791338116.2609224,69.51576963789188,0.8454375913899611,0.8453561096140118,0.8488643016495621,20.52,1009.907
1791338147.6003504,69.51085349244106,0.8432569575883968,0.845715030313807,0.8482412634205437,20.5,1009.905
1791338178.9398162,69.50789891189697,0.8443060037536981,0.8457832940257373,0.8485912164011394,20.52,1009.899
1791338210.2813053,69.50898202480312,0.8453561096140118,0.8448145531609427,0.848552782535053,20.53,1009.896
1791338241.6279798,69.50773908407201,0.8451744753901602,0.8457959457557102,0.8482034165660621,20.52,1009.883
1791338272.9712694,69.50760709098353,0.8449782792739163,0.8450442758181637,0.8490198707671163,20.47,1009.881
1791338304.3147604,69.50869113304653,0.8452744630538136,0.8447324420223156,0.8487081033032055,20.49,1009.886
1791338335.6593657,69.50901804985658,0.8453561096140118,0.8451926512089852,0.8489422320446742,20.47,1009.89
1791338367.010769,69.50425325320131,0.8444528102940837,0.846835208621719,0.848004836835752,20.47,1009.893
1791338398.3652227,69.50346519724204,0.8445353285255585,0.8449293565051977,0.8487081033032055,20.43,1009.899
1791338429.6948512,69.50705257106704,0.8468711112299809,0.8450774243174816,0.8487081033032055,20.47,1009.896
1791338461.0182788,69.50978124791513,0.8463266523642776,0.8449623139402325,0.8488251084578696,20.53,1009.906
1791338492.3666532,69.50696600884199,0.8453561096140118,0.8467637291505851,0.8485912164011394,20.5,1009.9
1791338523.7042916,69.50945816175806,0.8460606296189794,0.8448145531609427,0.8487475717644608,20.5,1009.897
1791338555.0577388,69.51047439895474,0.846176062008197,0.8456679434098596,0.8482792250260948,20.49,1009.888
1791338586.3851364,69.51132735839475,0.8452410328809475,0.8448145531609427,0.848474447572492,20.49,1009.87
1791338617.7216675,69.51349145832808,0.8464525240829454,0.8453704741162803,0.8487089791137933,20.5,1009.874
1791338649.0792465,69.51652762517556,0.8462673998007183,0.844749316376981,0.8491748144503993,20.54,1009.866
1791338680.4146929,69.51629808505227,0.8450929337507433,0.845207703812386,0.8489421646240639,20.53,1009.87
1791338711.7571485,69.5157440113009,0.8455189088800258,0.8457959457557102,0.8486309595564242,20.54,1009.87
1791338743.1052244,69.51449919103034,0.8467637291505851,0.8473861392858648,0.8488255131291259,20.53,1009.862
1791338774.4542744,69.51364599965291,0.8446176801294479,0.8450442758181637,0.8489032077761841,20.5,1009.854
1791338805.8006964,69.5145006014364,0.8455866121673946,0.8451593112756478,0.848474447572492,20.5,1009.845
1791338837.145111,69.51512363966542,0.8457491105044702,0.8454375913899611,0.848552782535053,20.52,1009.839
1791338868.4886577,69.51263022865942,0.8443060037536981,0.8455527092566973,0.8488643016495621,20.5,1009.839
1791338899.8341048,69.51076111397236,0.8445030340464336,0.8454375913899611,0.8480461202626959,20.53,1009.839
1791338931.17772,69.50866058741154,0.8446176801294479,0.8456679434098596,0.8480461202626959,20.49,1009.831
1791338962.5192108,69.50971377991313,0.8456679434098596,0.8451413471590635,0.8488255131291259,20.5,1009.825
1791338993.8687267,69.5125831428063,0.8466573169519849,0.8452226355053968,0.8488645477356812,20.52,1009.816
1791339025.2141182,69.5121258091257,0.8449126803187622,0.8451413471590635,0.8488259145514817,20.52,1009.811
1791339056.5508583,69.50754791941105,0.8435070008983823,0.8457959457557102,0.8484762628127772,20.52,1009.805
1791339087.8871932,69.51052484285579,0.8465327375405317,0.8450442758181637,0.848474447572492,20.52,1009.802
1791339119.2347198,69.507712767248,0.8454375913899611,0.8468436291938548,0.8489811493899454,20.53,1009.805
1791339150.5731986,69.50922045205135,0.8452891709272394,0.8445353285255585,0.8482034165660621,20.5,1009.803
1791339181.922685,69.51171890814494,0.8463266523642776,0.8450774243174816,0.8488251084578696,20.52,1009.794
1791339213.2680552,69.51398453558897,0.8464072767758266,0.8452744630538136,0.8486297669750335,20.5,1009.783
1791339244.5977156,69.51405461831442,0.8463266523642776,0.8462916110015558,0.8488251084578696,20.52,1009.782
1791339275.9290278,69.5130376692044,0.8454713026506926,0.8459797772057077,0.84796723365105,20.52,1009.783
1791339307.257595,69.51310473268023,0.8453079947917354,0.8452744630538136,0.8485128014461707,20.5,1009.785
1791339338.6012332,69.51645652737237,0.846835208621719,0.8451593112756478,0.848474447572492,20.49,1009.776
1791339369.9406717,69.5160626008346,0.8456206180793846,0.8458175813482667,0.8489422320446742,20.5,1009.769
1791339401.2761376,69.51675445828833,0.8457020383408796,0.8453561096140118,0.8486297669750335,20.5,1009.75
1791339432.6198237,69.51357689053721,0.8448637402073852,0.8464525240829454,0.8488255131291259,20.47,1009.747
1791339463.9602318,69.51006826785161,0.8449293565051977,0.8466836678479978,0.8487475717644608,20.47,1009.745
1791339495.296639,69.5075051600729,0.8449293565051977,0.8462109103945569,0.848552782535053,20.46,1009.739
1791339526.6371946,69.50983857970354,0.8457020383408796,0.8445353285255585,0.8486297669750335,20.47,1009.725
1791339557.965469,69.51210389167049,0.8467192681508714,0.8455866121673946,0.8482004944344717,20.44,1009.71
1791339589.3121383,69.5124983826361,0.8458519729455799,0.8456547274627773,0.8483554945842944,20.52,1009.697
1791339620.6328545,69.51397751564116,0.8453897313291806,0.8446501648266515,0.8485128014461707,20.5,1009.692
1791339651.9851232,69.51414095885175,0.8452410328809475,0.8451593112756478,0.848474447572492,20.49,1009.683
1791339683.3276393,69.51374784183373,0.8452410328809475,0.8454375913899611,0.8486694730141955,20.5,1009.661
1791339714.6691148,69.51243434285423,0.8448145531609427,0.8454713026506926,0.848552782535053,20.53,1009.642
1791339746.0075467,69.50970298582355,0.8448801861393443,0.8462458646546828,0.8485512719027575,20.5,1009.63
1791339777.3599799,69.50970298582355,0.8452744630538136,0.8452744630538136,0.8486297669750335,20.52,1009.621
1791339808.7074852,69.50993322155702,0.8455527092566973,0.8454375913899611,0.8486309595564242,20.54,1009.613
1791339840.0470853,69.50891706630998,0.8452410328809475,0.8457491105044702,0.8482412634205437,20.54,1009.599
1791339871.398495,69.51235467464905,0.8457959457557102,0.8440771415861738,0.8491365614106579,20.53,1009.585
1791339902.7378917,69.51501215886424,0.846176062008197,0.8448473199006032,0.8489811493899454,20.57,1009.571
1791339934.0236406,69.51734386567912,0.8466034447974038,0.8454375913899611,0.8485912164011394,20.59,1009.563
1791339965.3560476,69.51695066639375,0.8453561096140118,0.8455527092566973,0.8489811493899454,20.59,1009.553
1791339996.688434,69.51632699880206,0.8453561096140118,0.8456679434098596,0.8489811493899454,20.56,1009.545
1791340028.033979,69.51796864349599,0.8460952854007819,0.8452744630538136,0.8489032077761841,20.57,1009.54
1791340059.380415,69.51375792075139,0.8441405032823847,0.8462458646546828,0.8483959541896243,20.54,1009.529
1791340090.718946,69.51438285089067,0.8461300464179075,0.8458175813482667,0.8483173019053927,20.53,1009.521
1791340122.070608,69.513691738348,0.8447651173057827,0.8451106735771163,0.8487468509558758,20.53,1009.513
1791340153.418899,69.51290365124972,0.8453079947917354,0.8457020383408796,0.8489422320446742,20.52,1009.508
1791340184.7523906,69.51047615511379,0.8449623139402325,0.846176062008197,0.8482004944344717,20.52,1009.508
1791340216.0759606,69.51031289203992,0.8451260722754519,0.845207703812386,0.8487475717644608,20.47,1009.511
1791340247.419478,69.50844471996861,0.8450112276218311,0.8459453136574886,0.8490589337763467,20.5,1009.512
1791340278.7658772,69.50837920289389,0.8448637402073852,0.844896498744746,0.848514464847594,20.5,1009.504
1791340310.1154242,69.50706583925377,0.845207703812386,0.8458643856324473,0.8483197544887844,20.49,1009.493
1791340341.4510043,69.50752604808753,0.8450774243174816,0.8448473199006032,0.8485912164011394,20.5,1009.502
1791340372.7984686,69.50634406347108,0.8447651173057827,0.8453561096140118,0.8483959541896243,20.47,1009.507
1791340404.1519322,69.50775484218326,0.8455527092566973,0.8448473199006032,0.8489032077761841,20.49,1009.511
1791340435.5054271,69.51150442301895,0.8467549765571889,0.8448801861393443,0.8487468509558758,20.49,1009.516
1791340466.8489175,69.5165677018323,0.8467549765571889,0.8442233371505138,0.8487468509558758,20.52,1009.521
1791340498.1914432,69.5182107740036,0.8463266523642776,0.8455051162786259,0.848864053568725,20.5,1009.534
1791340529.5389993,69.51656849835553,0.8446501648266515,0.8454713026506926,0.8487081033032055,20.5,1009.541
1791340560.8833225,69.51180599347992,0.8443380157130704,0.8467192681508714,0.8482792250260948,20.47,1009.551
1791340592.2059155,69.50993404522966,0.8442233371505138,0.8451593112756478,0.8480838050760433,20.47,1009.557
1791340623.5413852,69.51219998815075,0.8460952854007819,0.8449623139402325,0.848474447572492,20.47,1009.561
1791340654.8829427,69.50986310747635,0.8450774243174816,0.8462458646546828,0.8482004944344717,20.49,1009.567
1791340686.2202842,69.50946863112007,0.8448801861393443,0.8450774243174816,0.8485128014461707,20.47,1009.575
1791340717.5739233,69.51134437084596,0.8456206180793846,0.8446827482164372,0.8485512719027575,20.46,1009.571
1791340748.918375,69.51305600494507,0.8459332413670336,0.8450774243174816,0.8486684347891336,20.52,1009.569
1791340780.2639055,69.51055754885148,0.8444528102940837,0.8457020383408796,0.8489422320446742,20.47,1009.564
1791340811.6074634,69.51516093303005,0.8458175813482667,0.8435158892589867,0.8486297669750335,20.49,1009.568
1791340842.9477782,69.51134161872933,0.8442552560000629,0.8461649131504192,0.8484342276682267,20.5,1009.564
1791340874.2913923,69.51344946372045,0.8455390327407407,0.8444851102451815,0.8485512719027575,20.49,1009.56
1791340905.6378903,69.51134161872933,0.8444851102451815,0.8455390327407407,0.8478464197943413,20.47,1009.553
1791340936.979425,69.51025508052186,0.8448801861393443,0.8454234552430836,0.8484342276682267,20.49,1009.541
1791340968.3308237,69.50979380503664,0.844797891911149,0.845028529653759,0.8482766017093996,20.5,1009.536
1791340999.673255,69.5108129781497,0.8458175813482667,0.8453079947917354,0.8489422320446742,20.49,1009.532
1791341031.0169349,69.50940171921044,0.8449623139402325,0.8456679434098596,0.8489032077761841,20.47,1009.525
1791341062.3643181,69.509795233336,0.8452410328809475,0.8450442758181637,0.8482412634205437,20.43,1009.522
1791341093.7207155,69.5116662361111,0.8466034447974038,0.8456679434098596,0.8482412634205437,20.44,1009.512
1791341125.0603485,69.51462490103845,0.8463266523642776,0.8448473199006032,0.8485128014461707,20.43,1009.508
1791341156.4038975,69.51571128856226,0.8456206180793846,0.8450774243174816,0.8489422320446742,20.46,1009.496
1791341187.7592487,69.51781511775422,0.846835208621719,0.8457832940257373,0.8488251084578696,20.43,1009.494
1791341219.1019292,69.51656715225404,0.8448473199006032,0.8454713026506926,0.8482792250260948,20.44,1009.492
1791341250.446341,69.51351107620269,0.8442552560000629,0.8457832940257373,0.8485128014461707,20.46,1009.49
1791341281.7858245,69.51101766519669,0.8446176801294479,0.8458643856324473,0.8486694730141955,20.47,1009.482
1791341313.132228,69.51009877386528,0.8446998656099453,0.8451593112756478,0.848552782535053,20.46,1009.479
1791341344.4747484,69.51134673936546,0.8460952854007819,0.8454713026506926,0.8487081033032055,20.46,1009.482
1791341375.819389,69.51384772566665,0.8468711112299809,0.8456206180793846,0.8485128014461707,20.49,1009.484
1791341407.2026887,69.51493381107042,0.8460143453525786,0.8454713026506926,0.8483173019053927,20.44,1009.496
1791341438.5623865,69.51424125367527,0.8454713026506926,0.8458175813482667,0.8482792250260948,20.49,1009.492
1791341469.902627,69.51338758352327,0.8459453136574886,0.8463721487334886,0.8490981151641882,20.5,1009.497
1791341501.2472918,69.50869440628283,0.8432873630253797,0.8456339516456027,0.848552782535053,20.47,1009.497
1791341532.591792,69.50666186325051,0.8446176801294479,0.8456339516456027,0.8483577966384457,20.47,1009.494
1791341563.936344,69.50518531912158,0.8443060037536981,0.8450442758181637,0.848552782535053,20.47,1009.489
1791341595.2818367,69.50768125012193,0.8457832940257373,0.8445353285255585,0.8487862813683401,20.44,1009.485
1791341626.61042,69.50692560251093,0.8445353285255585,0.844913152331062,0.8487081033032055,20.44,1009.48
1791341657.940772,69.50824139517293,0.844913152331062,0.8442552560000629,0.8483554945842944,20.44,1009.477
1791341689.2882617,69.50988406909993,0.8458987612809757,0.8450774243174816,0.8488251084578696,20.44,1009.469
1791341720.5697474,69.51074078742717,0.8455390327407407,0.8451106735771163,0.8487468509558758,20.44,1009.451
1791341751.920214,69.51245730247324,0.846199886081305,0.8453416285582681,0.8484726176033595,20.49,1009.45
1791341783.2626069,69.51347870928443,0.8456547274627773,0.8451440240571833,0.8484726176033595,20.49,1009.436
1791341814.6123807,69.51315040460909,0.8451774762206037,0.8453416285582681,0.8487072203790816,20.49,1009.429
1791341845.9397216,69.5122942371311,0.8449953715040862,0.8454234552430836,0.8485512719027575,20.5,1009.418
1791341877.2902322,69.51377258870464,0.8460952854007819,0.8453561096140118,0.8488251084578696,20.5,1009.416
1791341908.6296363,69.51455779750623,0.8459453136574886,0.8455527092566973,0.848552782535053,20.53,1009.406
1791341939.974106,69.51363452531447,0.8455527092566973,0.8460143453525786,0.848552782535053,20.52,1009.397
1791341971.3166704,69.51317228405362,0.8455051162786259,0.8457362369090511,0.8489422320446742,20.53,1009.387
1791342002.6602461,69.51175575115606,0.8448307662919615,0.8455390327407407,0.8485898594746212,20.53,1009.375
1791342034.003787,69.51020291675809,0.845028529653759,0.8458049468527442,0.8482766017093996,20.5,1009.366
1791342065.3551779,69.5075328683139,0.8446328021451946,0.8459678263672865,0.8490206371663036,20.52,1009.352
1791342096.6995654,69.5075328683139,0.8451106735771163,0.8451106735771163,0.8486684347891336,20.49,1009.332
1791342128.0402777,69.5065125795676,0.8452260925359013,0.8457362369090511,0.848864053568725,20.52,1009.324
1791342159.384556,69.51003638995262,0.8457362369090511,0.8439743317165441,0.8485512719027575,20.56,1009.302
1791342190.7291648,69.51003638995262,0.8456547274627773,0.046525572604011925,0.8490594742435249,20.56,1009.285
1791342222.0776145,69.51003638995262,0.049242541238481596,0.04637642333346923,0.04963453221727514,20.54,1009.261
1791342253.4201639,69.51003638995262,0.049533025023442305,0.04603722557193856,0.04984868519243962,20.56,1009.248
1791342284.7656357,69.51003638995262,0.04926774339288267,0.046084324837590285,0.04960911643560462,20.56,1009.231
1791342316.0962243,69.51003638995262,0.04940672339370658,0.046549287127639394,0.049772343419605555,20.54,1009.22
1791342347.4396617,69.51003638995262,0.049544714666454305,0.046549287127639394,0.04988379870280892,20.52,1009.204
1791342378.7801023,69.51003638995262,0.049507713064198745,0.04603722557193856,0.04982321192713149,20.47,1009.197
1791342410.1275296,69.51003638995262,0.04943193216539181,0.04603722557193856,0.049482426961161015,20.52,1009.185
1791342441.4672446,69.51003638995262,0.049533025023442305,0.04606076316447193,0.04987418451865986,20.5,1009.176
1791342472.813628,69.51003638995262,0.04892671959839247,0.04606076316447193,0.04955836287857073,20.49,1009.158
1791342504.1500967,69.51003638995262,0.049217364854445,0.04644766565191861,0.04987418451865986,20.5,1009.159
1791342535.4935396,69.51003638995262,0.04926774339288267,0.04647146175662946,0.04958372666934426,20.5,1009.158
1791342566.8330336,69.51003638995262,0.04931822517121057,0.04620249570866909,0.04965997405436102,20.49,1009.155
1791342598.1765525,69.51003638995262,0.049343504874556576,0.04615515471056489,0.04997644323416545,20.53,1009.154
1791342629.5160623,69.51003638995262,0.04926774339288267,0.04644766565191861,0.04960911643560462,20.5,1009.151
1791342660.8646843,69.51003638995262,0.049368810507105856,0.046297469647617474,0.04971093605521023,20.5,1009.153
1791342692.2089717,69.51003638995262,0.049368810507105856,0.04644766565191861,0.04968544198694953,20.49,1009.151
1791342723.5396364,69.51003638995262,0.04931822517121057,0.046226202644389223,0.04965997405436102,20.49,1009.156
1791342754.8751419,69.51003638995262,0.04941949971955038,0.04615515471056489,0.05005341287923987,20.47,1009.158
1791342786.2255495,69.51003638995262,0.04926774339288267,0.04640014647767942,0.04958372666934426,20.49,1009.16
1791342817.57322,69.51003638995262,0.049533025023442305,0.04610791062826671,0.04989970994580586,20.47,1009.153
1791342848.9156082,69.51003638995262,0.049242541238481596,0.04637642333346923,0.04955836287857073,20.46,1009.152
1791342880.2581499,69.51003638995262,0.04931822517121057,0.046495282256316633,0.049925261513973224,20.44,1009.145
1791342911.605691,69.51003638995262,0.04926774339288267,0.04617881307651219,0.04995083926333971,20.44,1009.138
1791342942.9442139,69.51003638995262,0.049368810507105856,0.04610791062826671,0.04971093605521023,20.43,1009.136
1791342974.3006454,69.51003638995262,0.049368810507105856,0.046249933921102965,0.0500277300016485,20.44,1009.12
1791343005.6601026,69.51003638995262,0.04905217902726218,0.04620249570866909,0.04968544198694953,20.47,1009.11
1791343036.9865758,69.51003638995262,0.04931822517121057,0.04617881307651219,0.04968544198694953,20.47,1009.103
1791343068.3239727,69.51003638995262,0.04960911643560462,0.04617881307651219,0.049925261513973224,20.43,1009.087
1791343099.6735644,69.51003638995262,0.049368810507105856,0.04617881307651219,0.04971093605521023,20.46,1009.079
1791343131.0130413,69.51003638995262,0.049368810507105856,0.046226202644389223,0.04971093605521023,20.43,1009.074
1791343162.3654315,69.51003638995262,0.049343504874556576,0.04617881307651219,0.04997644323416545,20.46,1009.08
1791343193.7079675,69.51003638995262,0.04931822517121057,0.04617881307651219,0.04963453221727514,20.47,1009.082
1791343225.0476587,69.51003638995262,0.04931822517121057,0.0467398771811899,0.049925261513973224,20.47,1009.092
1791343256.394956,69.51003638995262,0.04963453221727514,0.046297469647617474,0.04995083926333971,20.46,1009.099
1791343287.7363892,69.51003638995262,0.049343504874556576,0.04620249570866909,0.04965997405436102,20.46,1009.103
1791343319.0849535,69.51003638995262,0.0487605542158954,0.0462736895763176,0.05005341287923987,20.43,1009.11
1791343350.4274545,69.51003638995262,0.04905217902726218,0.04568638320564737,0.04968544198694953,20.46,1009.103
1791343381.756915,69.51003638995262,0.049470293128837405,0.046297469647617474,0.049787575476959396,20.46,1009.093
1791343413.1056736,69.51003638995262,0.04917828352424028,0.04590940869795095,0.04949572900774873,20.47,1009.085
1791343444.4590595,69.51003638995262,0.04939414210877195,0.04615515471056489,0.049736456299395125,20.47,1009.075
1791343475.8053296,69.51003638995262,0.049368810507105856,0.04615515471056489,0.04968544198694953,20.47,1009.069
1791343507.0941885,69.51003638995262,0.049292971357236016,0.04651912718851277,0.04960911643560462,20.46,1009.062
1791343538.4275577,69.51003638995262,0.04939414210877195,0.046226202644389223,0.04971093605521023,20.42,1009.048
1791343569.7768447,69.51003638995262,0.04941949971955038,0.0462736895763176,0.049736456299395125,20.4,1009.038
1791343601.099477,69.51003638995262,0.04931822517121057,0.04620249570866909,0.04965997405436102,20.42,1009.036
1791343632.4458616,69.51003638995262,0.04907734816233368,0.046084324837590285,0.04968544198694953,20.44,1009.043
1791343663.7763672,69.51003638995262,0.04963453221727514,0.04617881307651219,0.04995083926333971,20.43,1009.043
1791343695.1230285,69.51003638995262,0.04989970994580586,0.04610791062826671,0.04989970994580586,20.44,1009.046
1791343726.4674547,69.51003638995262,0.049507713064198745,0.04637642333346923,0.04982321192713149,20.46,1009.047
1791343757.8138182,69.51003638995262,0.04958372666934426,0.04651912718851277,0.049925261513973224,20.42,1009.055
1791343789.1613424,69.51003638995262,0.04941949971955038,0.046495282256316633,0.04971093605521023,20.4,1009.054
1791343820.497856,69.51003638995262,0.049368810507105856,0.04615515471056489,0.04968544198694953,20.42,1009.051
1791343851.8284788,69.51003638995262,0.049368810507105856,0.046249933921102965,0.04968544198694953,20.38,1009.05
1791343883.1620045,69.51003638995262,0.049368810507105856,0.04617881307651219,0.04971093605521023,20.4,1009.04
1791343914.501298,69.51003638995262,0.049368810507105856,0.046249933921102965,0.04968544198694953,20.43,1009.038
1791343945.8498914,69.51003638995262,0.04939414210877195,0.046249933921102965,0.04976200275983897,20.44,1009.035
1791343977.1883645,69.51003638995262,0.04907734816233368,0.04615515471056489,0.04968544198694953,20.44,1009.028
1791344008.5389543,69.51003638995262,0.04941949971955038,0.04620249570866909,0.049787575476959396,20.44,1009.032
1791344039.8664355,69.51003638995262,0.049736456299395125,0.046297469647617474,0.05005341287923987,20.4,1009.033
1791344071.2079217,69.51003638995262,0.049470293128837405,0.0463928348480665,0.04983879984331643,20.4,1009.038
1791344102.5605257,69.51003638995262,0.04957219382570943,0.04632127417266427,0.04983879984331643,20.42,1009.049
1791344133.8709538,69.51003638995262,0.04944488337951884,0.0462736895763176,0.04976200275983897,20.4,1009.053
1791344165.2142987,69.51003638995262,0.049470293128837405,0.046249933921102965,0.049787575476959396,20.39,1009.064
1791344196.550096,69.51003638995262,0.04944488337951884,0.04620249570866909,0.04971093605521023,20.4,1009.074
1791344227.9032845,69.51003638995262,0.04941949971955038,0.046226202644389223,0.049736456299395125,20.42,1009.073
1791344259.2467668,69.51003638995262,0.04941949971955038,0.04656689050094771,0.049736456299395125,20.43,1009.063
1791344290.5884411,69.51003638995262,0.04941949971955038,0.046226202644389223,0.04971093605521023,20.4,1009.037
1791344321.9297247,69.51003638995262,0.04941949971955038,0.046249933921102965,0.04976200275983897,20.4,1009.008
1791344353.2642753,69.51003638995262,0.04939414210877195,0.046226202644389223,0.049736456299395125,20.39,1008.973
1791344384.6139483,69.51003638995262,0.04920358226984019,0.046368956735032975,0.04983879984331643,20.42,1008.921
1791344415.9582381,69.51003638995262,0.04957219382570943,0.046297469647617474,0.0498644515738048,20.4,1008.88
1791344447.3088617,69.51003638995262,0.04949572900774873,0.046614751995739466,0.04983879984331643,20.39,1008.843
1791344478.6487577,69.51003638995262,0.04920358226984019,0.04605118447696281,0.0498644515738048,20.39,1008.816
1791344509.9957094,69.51003638995262,0.04920358226984019,0.046368956735032975,0.04952119105657831,20.4,1008.8
1791344541.3203287,69.51003638995262,0.04925425792794514,0.0464406649276964,0.049915834333158625,20.42,1008.789
1791344572.6648974,69.51003638995262,0.04949572900774873,0.04590940869795095,0.049813174491257176,20.42,1008.786
1791344603.9931865,69.51003638995262,0.049470293128837405,0.0463928348480665,0.0498644515738048,20.44,1008.787
1791344635.3408277,69.51003638995262,0.04954667931573463,0.046297469647617474,0.0498644515738048,20.42,1008.803
1791344666.686214,69.51003638995262,0.04952119105657831,0.04607489895030221,0.04983879984331643,20.42,1008.827
1791344698.0207765,69.51003638995262,0.04952119105657831,0.04607489895030221,0.04952119105657831,20.4,1008.845
1791344729.3752308,69.51003638995262,0.04952119105657831,0.04632127417266427,0.04954667931573463,20.42,1008.87
1791344760.716747,69.51003638995262,0.04917828352424028,0.04598018729949548,0.04949572900774873,20.46,1008.886
1791344792.058283,69.51003638995262,0.04920358226984019,0.04612240124441615,0.04954667931573463,20.49,1008.897
1791344823.4017103,69.51003638995262,0.04930503807721862,0.0461938386222013,0.049915834333158625,20.49,1008.891
1791344854.7522006,69.51003638995262,0.049355923041179056,0.04612240124441615,0.04994156544377912,20.49,1008.877
1791344886.0939314,69.51003638995262,0.04938140493013177,0.04614618914084941,0.04967451518655335,20.46,1008.845
1791344917.4371448,69.51003638995262,0.049355923041179056,0.0461938386222013,0.04970016156092482,20.43,1008.807
1791344948.766807,69.51003638995262,0.04930503807721862,0.04641673756627059,0.04967451518655335,20.44,1008.759
1791344980.0994365,69.51003638995262,0.04949572900774873,0.046638719656172715,0.04952119105657831,20.43,1008.721
1791345011.4357634,69.51003638995262,0.04930503807721862,0.0463928348480665,0.04994156544377912,20.39,1008.69
1791345042.782231,69.51003638995262,0.04925425792794514,0.04609863786018986,0.049597734627077894,20.38,1008.661
1791345074.1289966,69.51003638995262,0.04933046743709092,0.0461938386222013,0.05028575092596338,20.39,1008.653
1791345105.475169,69.51003638995262,0.04957219382570943,0.04614618914084941,0.049623301760498874,20.4,1008.659
1791345136.8077416,69.51003638995262,0.04938140493013177,0.04621770028324823,0.04972583443082515,20.4,1008.678
1791345168.1450934,69.51003638995262,0.049458008713926,0.0461938386222013,0.049458008713926,20.36,1008.699
1791345199.489706,69.51003638995262,0.04938140493013177,0.0462415866087592,0.04970016156092482,20.4,1008.711
1791345230.8322237,69.51003638995262,0.04943244772564608,0.046512595252994345,0.04977725982161906,20.39,1008.715
1791345262.1596215,69.51003638995262,0.04930503807721862,0.04634510318919715,0.049623301760498874,20.35,1008.707
1791345293.5072625,69.51003638995262,0.04920358226984019,0.04609863786018986,0.0498644515738048,20.38,1008.685
1791345324.8106174,69.51003638995262,0.04896153521491643,0.04607489895030221,0.049597734627077894,20.39,1008.656
1791345356.1383233,69.51003638995262,0.04930503807721862,0.04607489895030221,0.049623301760498874,20.42,1008.619
1791345387.4716294,69.51003638995262,0.04952119105657831,0.046368956735032975,0.050233934039239356,20.36,1008.586
1791345418.8232741,69.51003638995262,0.04954667931573463,0.04617000158743617,0.0498644515738048,20.4,1008.558
1791345450.1647453,69.51003638995262,0.049127763999198715,0.046027494402459034,0.04949572900774873,20.4,1008.543
1791345481.5111563,69.51003638995262,0.04927963492099716,0.0463928348480665,0.049623301760498874,20.44,1008.531
1791345512.855662,69.51003638995262,0.04925425792794514,0.0463928348480665,0.049890129723473724,20.43,1008.533
1791345544.2040873,69.51003638995262,0.04957219382570943,0.04614618914084941,0.04994156544377912,20.42,1008.534
1791345575.5326798,69.51003638995262,0.04903733089580477,0.04617000158743617,0.04970016156092482,20.4,1008.537
1791345606.8751025,69.51003638995262,0.04930503807721862,0.0463928348480665,0.049623301760498874,20.43,1008.541
1791345638.211503,69.51003638995262,0.049228907057664466,0.04632127417266427,0.04954667931573463,20.44,1008.56
1791345669.5582619,69.51003638995262,0.04925425792794514,0.04605118447696281,0.04957219382570943,20.44,1008.567
1791345700.906595,69.51003638995262,0.04927963492099716,0.046368956735032975,0.049915834333158625,20.44,1008.559
1791345732.2489223,69.51003638995262,0.049228907057664466,0.046368956735032975,0.049915834333158625,20.43,1008.556
1791345763.6027803,69.51003638995262,0.04927963492099716,0.04648859373281046,0.049915834333158625,20.44,1008.55
1791345794.9460235,69.51003638995262,0.049355923041179056,0.046368956735032975,0.04967451518655335,20.43,1008.541
1791345826.2715428,69.51003638995262,0.049597734627077894,0.04646461697047356,0.04994156544377912,20.4,1008.537
1791345857.5981176,69.51003638995262,0.04908799185853843,0.04646461697047356,0.04972583443082515,20.43,1008.535
1791345888.9394326,69.51003638995262,0.04930503807721862,0.0463928348480665,0.049915834333158625,20.42,1008.543
1791345920.2859054,69.51003638995262,0.04957219382570943,0.0464406649276964,0.04994156544377912,20.43,1008.553
1791345951.6315334,69.51003638995262,0.04940691314468179,0.04621770028324823,0.04977725982161906,20.42,1008.567
1791345982.9727755,69.51003638995262,0.04940691314468179,0.04592250049707051,0.04970016156092482,20.44,1008.575
1791346014.3012328,69.51003638995262,0.04940691314468179,0.046265497636995376,0.04940691314468179,20.47,1008.576
1791346045.6409044,69.51003638995262,0.049458008713926,0.04653662156939159,0.0498030124249286,20.46,1008.573
1791346076.9773178,69.51003638995262,0.04940691314468179,0.04614618914084941,0.04972583443082515,20.44,1008.565
1791346108.3128183,69.51003638995262,0.04938140493013177,0.04641673756627059,0.04970016156092482,20.46,1008.552
1791346139.6552763,69.51003638995262,0.04930503807721862,0.04614618914084941,0.049915834333158625,20.47,1008.541
1791346171.010774,69.51003638995262,0.049458008713926,0.04658474874468844,0.04977725982161906,20.47,1008.54
1791346202.355371,69.51003638995262,0.04943244772564608,0.046512595252994345,0.05007061994902346,20.46,1008.54
1791346233.6957407,69.51003638995262,0.04943244772564608,0.04660884968071818,0.04977725982161906,20.43,1008.54
1791346265.04331,69.51003638995262,0.049458008713926,0.04653662156939159,0.0498030124249286,20.43,1008.537
1791346296.3887281,69.51003638995262,0.04943244772564608,0.04631339395508423,0.0498030124249286,20.4,1008.548
1791346327.731175,69.51003638995262,0.04943244772564608,0.04631339395508423,0.0498030124249286,20.42,1008.578
1791346359.070651,69.51003638995262,0.04921510341183537,0.046337379321856005,0.04953485053294419,20.44,1008.591
1791346390.4241247,69.51003638995262,0.0498030124249286,0.04648859373281046,0.04977725982161906,20.46,1008.581
1791346421.7676644,69.51003638995262,0.04970016156092482,0.04621770028324823,0.04999310733192764,20.43,1008.571
1791346453.112114,69.51003638995262,0.04950921007646164,0.046265497636995376,0.0498030124249286,20.46,1008.567
1791346484.4396954,69.51003638995262,0.049458008713926,0.0462415866087592,0.04977725982161906,20.44,1008.572
1791346515.7670863,69.51003638995262,0.049483596150507556,0.0461938386222013,0.0498030124249286,20.49,1008.561
1791346547.1096606,69.51003638995262,0.04967451518655335,0.04612240124441615,0.04999310733192764,20.47,1008.544
1791346578.4521189,69.51003638995262,0.0491896284643239,0.04658474874468844,0.049828791688599376,20.5,1008.51
1791346609.7966187,69.51003638995262,0.049483596150507556,0.04638542466375011,0.049828791688599376,20.46,1008.488
1791346641.1511016,69.51003638995262,0.04956051756119646,0.04663297556722197,0.049880430362796956,20.44,1008.477
1791346672.4926202,69.51003638995262,0.04950921007646164,0.04628943340629713,0.050122428699349644,20.42,1008.496
1791346703.8341281,69.51003638995262,0.04950921007646164,0.046265497636995376,0.04985459765405301,20.42,1008.515
1791346735.177607,69.51003638995262,0.04938140493013177,0.046560672720447886,0.04970016156092482,20.42,1008.511
1791346766.520074,69.51003638995262,0.04938140493013177,0.0461938386222013,0.04970016156092482,20.4,1008.506
1791346797.8676283,69.51003638995262,0.04938140493013177,0.04653662156939159,0.04972583443082515,20.42,1008.481
1791346829.1939669,69.51003638995262,0.049483596150507556,0.04653662156939159,0.04977725982161906,20.39,1008.467
1791346860.5384889,69.51003638995262,0.04943244772564608,0.04631339395508423,0.0498030124249286,20.38,1008.473
1791346891.8790498,69.51003638995262,0.049458008713926,0.04628943340629713,0.04975153383733477,20.36,1008.492
1791346923.2155404,69.51003638995262,0.049458008713926,0.04621770028324823,0.0500447557169685,20.36,1008.516
1791346954.5390913,69.51003638995262,0.049355923041179056,0.04612240124441615,0.04970016156092482,20.35,1008.527
1791346985.8785748,69.51003638995262,0.04940691314468179,0.04636138954519158,0.0498030124249286,20.35,1008.521
1791347017.2271008,69.51003638995262,0.04963767849026841,0.04636138954519158,0.04963767849026841,20.36,1008.508
1791347048.5685627,69.51003638995262,0.049266132548665735,0.04638542466375011,0.049906289856424764,20.35,1008.499
1791347079.9179208,69.51003638995262,0.04889535629072655,0.046337379321856005,0.04953485053294419,20.38,1008.483
1791347111.1924646,69.51003638995262,0.04958621120254525,0.046337379321856005,0.04985459765405301,20.38,1008.478
1791347142.5814195,69.51003638995262,0.04943244772564608,0.0462415866087592,0.05007061994902346,20.33,1008.479
1791347173.9224892,69.51003638995262,0.04938140493013177,0.0461938386222013,0.04972583443082515,20.36,1008.479
1791347205.278934,69.51003638995262,0.049458008713926,0.04631339395508423,0.04977725982161906,20.39,1008.48
1791347236.6206372,69.51003638995262,0.049458008713926,0.04658474874468844,0.04975153383733477,20.4,1008.482
1791347267.9669366,69.51003638995262,0.049483596150507556,0.04621770028324823,0.04977725982161906,20.38,1008.485
1791347299.320384,69.51003638995262,0.04933046743709092,0.0461938386222013,0.04967451518655335,20.39,1008.48
1791347330.655887,69.51003638995262,0.049458008713926,0.0462415866087592,0.04977725982161906,20.42,1008.46
1791347361.9875467,69.51003638995262,0.04908799185853843,0.04658474874468844,0.050096510929312124,20.42,1008.447
1791347393.3208783,69.51003638995262,0.049458008713926,0.0462415866087592,0.04977725982161906,20.39,1008.45
1791347424.6723309,69.51003638995262,0.04940691314468179,0.04648859373281046,0.05007061994902346,20.38,1008.455
1791347456.009903,69.51003638995262,0.049483596150507556,0.04631339395508423,0.0498030124249286,20.4,1008.459
1791347487.357312,69.51003638995262,0.049458008713926,0.04628943340629713,0.04977725982161906,20.36,1008.467
1791347518.7038097,69.51003638995262,0.049458008713926,0.04631339395508423,0.0498030124249286,20.33,1008.469
1791347550.0354183,69.51003638995262,0.04958621120254525,0.04631339395508423,0.049906289856424764,20.32,1008.469
1791347581.3837745,69.51003638995262,0.049458008713926,0.0462415866087592,0.04975153383733477,20.36,1008.473
1791347612.7292056,69.51003638995262,0.04924060475959598,0.04628943340629713,0.049880430362796956,20.36,1008.477
1791347644.0618522,69.51003638995262,0.049483596150507556,0.04660884968071818,0.049828791688599376,20.36,1008.471
1791347675.4103608,69.51003638995262,0.04940691314468179,0.04621770028324823,0.04975153383733477,20.33,1008.462
1791347706.7549202,69.51003638995262,0.04938140493013177,0.0461938386222013,0.04970016156092482,20.39,1008.455
1791347738.0953724,69.51003638995262,0.04916417987608651,0.04631339395508423,0.0498030124249286,20.39,1008.442
1791347769.3867176,69.51003638995262,0.0491896284643239,0.04621770028324823,0.04950921007646164,20.39,1008.431
1791347800.7402964,69.51003638995262,0.048819506498539875,0.04604147674359109,0.0498030124249286,20.39,1008.417
1791347832.0637426,69.51003638995262,0.04913875760623294,0.04589877899710488,0.04977725982161906,20.43,1008.416
1791347863.413248,69.51003638995262,0.04943244772564608,0.0462415866087592,0.04975153383733477,20.42,1008.418
1791347894.7426338,69.51003638995262,0.04940691314468179,0.0464406649276964,0.050018918191717866,20.4,1008.415
1791347926.0851736,69.51003638995262,0.04943244772564608,0.04631339395508423,0.04975153383733477,20.43,1008.42
1791347957.4357598,69.51003638995262,0.04924060475959598,0.046337379321856005,0.04958621120254525,20.44,1008.423
1791347988.7662098,69.51003638995262,0.04950921007646164,0.04608924003805773,0.04985459765405301,20.47,1008.416
1791348020.1097302,69.51003638995262,0.04897144214197664,0.04640948471627094,0.04963767849026841,20.44,1008.423
1791348051.43624,69.51003638995262,0.04953485053294419,0.0462415866087592,0.04985459765405301,20.49,1008.42
1791348082.7766554,69.51003638995262,0.04943244772564608,0.046337379321856005,0.049483596150507556,20.49,1008.419
1791348114.1191607,69.51003638995262,0.04943244772564608,0.0462415866087592,0.04943244772564608,20.46,1008.418
1791348145.4526994,69.51003638995262,0.04972583443082515,0.04621770028324823,0.04975153383733477,20.46,1008.41
1791348176.7941961,69.51003638995262,0.04938140493013177,0.04653662156939159,0.0500447557169685,20.46,1008.4
1791348208.1277485,69.51003638995262,0.04938140493013177,0.0464406649276964,0.04999310733192764,20.43,1008.394
1791348239.474111,69.51003638995262,0.04930503807721862,0.04617000158743617,0.04964889526671508,20.42,1008.384
1791348270.8365405,69.51003638995262,0.049458008713926,0.046265497636995376,0.050096510929312124,20.42,1008.377
1791348302.1931555,69.51003638995262,0.04956051756119646,0.04645767977855918,0.049932176176616286,20.42,1008.372
1791348333.5294957,69.51003638995262,0.04947131170377058,0.04655437082416667,0.04947131170377058,20.42,1008.372
1791348364.8730612,69.51003638995262,0.04936850894222293,0.04643356974157383,0.049689252728446785,20.4,1008.367
1791348396.2185726,69.51003638995262,0.04956051756119646,0.04643356974157383,0.049906289856424764,20.43,1008.359
1791348427.5602624,69.51003638995262,0.04958621120254525,0.0460653460098706,0.04961193149840307,20.4,1008.365
1791348458.9105337,69.51003638995262,0.04950921007646164,0.04604147674359109,0.050122428699349644,20.39,1008.366
1791348490.242086,69.51003638995262,0.049266132548665735,0.04608924003805773,0.04961193149840307,20.42,1008.366
1791348521.5815806,69.51003638995262,0.049317267615398945,0.0461371025344425,0.04966345221972595,20.44,1008.365
1791348552.9239407,69.51003638995262,0.049317267615398945,0.04643356974157383,0.04966345221972595,20.47,1008.365
1791348584.2674916,69.51003638995262,0.04950921007646164,0.046337379321856005,0.049828791688599376,20.46,1008.367
1791348615.5981758,69.51003638995262,0.049291686820189855,0.046017632200747186,0.049932176176616286,20.46,1008.373
1791348646.9304621,69.51003638995262,0.04953485053294419,0.046337379321856005,0.04985459765405301,20.44,1008.375
1791348678.2539947,69.51003638995262,0.04953485053294419,0.046337379321856005,0.049880430362796956,20.44,1008.375
1791348709.5996299,69.51003638995262,0.04936850894222293,0.04632955074606506,0.049740934250796155,20.43,1008.374
1791348740.9379056,69.51003638995262,0.04954869518372231,0.04620908295973084,0.04987060962748804,20.4,1008.378
1791348772.2795355,69.51003638995262,0.04947131170377058,0.046305406965167016,0.049844620489827324,20.4,1008.383
1791348803.6280487,69.51003638995262,0.049522873805767295,0.04618506454212266,0.049844620489827324,20.39,1008.387
1791348834.9773626,69.51003638995262,0.04939416955672811,0.04611315886670437,0.0500359905596492,20.39,1008.393
1791348866.319011,69.51003638995262,0.04958621120254525,0.04638542466375011,0.04961193149840307,20.36,1008.403
1791348897.6500015,69.51003638995262,0.04956051756119646,0.04631339395508423,0.049880430362796956,20.35,1008.409
1791348928.943871,69.51003638995262,0.04953485053294419,0.04628943340629713,0.04985459765405301,20.36,1008.423
1791348960.2804058,69.51003638995262,0.0491896284643239,0.04636138954519158,0.050122428699349644,20.38,1008.428
1791348991.6321876,69.51003638995262,0.049483596150507556,0.0462415866087592,0.04977725982161906,20.39,1008.432
1791349022.9743588,69.51003638995262,0.04921510341183537,0.0460653460098706,0.04956051756119646,20.42,1008.433
1791349054.320924,69.51003638995262,0.049317267615398945,0.04640948471627094,0.04966345221972595,20.44,1008.433
1791349085.6436353,69.51003638995262,0.04956051756119646,0.0460653460098706,0.049906289856424764,20.4,1008.433
1791349116.993859,69.51003638995262,0.04958621120254525,0.04623312637176324,0.04998402946384262,20.38,1008.424
1791349148.3184228,69.51003638995262,0.04914990001511905,0.04620908295973084,0.04979272339242211,20.38,1008.417
1791349179.6649091,69.51003638995262,0.04947131170377058,0.04623312637176324,0.049818658425566126,20.43,1008.416
1791349211.0134406,69.51003638995262,0.04914990001511905,0.046257194817255286,0.04979272339242211,20.44,1008.416
1791349242.3517637,69.51003638995262,0.04936850894222293,0.04616107107998436,0.05000999651467065,20.43,1008.424
1791349273.7032855,69.51003638995262,0.04939416955672811,0.04618506454212266,0.05000999651467065,20.44,1008.432
1791349305.0478935,69.51003638995262,0.049689252728446785,0.046505975043583204,0.0503307403008945,20.43,1008.433
1791349336.3922358,69.51003638995262,0.04941985686069931,0.04623312637176324,0.049740934250796155,20.44,1008.436
1791349367.7317247,69.51003638995262,0.04944557089579754,0.04618506454212266,0.049766815348200974,20.43,1008.442
1791349399.076354,69.51003638995262,0.049689252728446785,0.0461371025344425,0.04971508005818866,20.43,1008.441
1791349430.4238055,69.51003638995262,0.049266132548665735,0.04643356974157383,0.05022636851030428,20.43,1008.44
1791349461.7633584,69.51003638995262,0.04934287497560927,0.04608924003805773,0.04995808936513786,20.44,1008.433
1791349493.0978274,69.51003638995262,0.049266132548665735,0.04636138954519158,0.04958621120254525,20.46,1008.425
1791349524.4393275,69.51003638995262,0.049766815348200974,0.04653016034982769,0.04979272339242211,20.44,1008.421
1791349555.7728004,69.51003638995262,0.049740934250796155,0.04620908295973084,0.050062011640893,20.42,1008.413
1791349587.1003876,69.51003638995262,0.04939416955672811,0.046257194817255286,0.04971508005818866,20.42,1008.413
1791349618.4407167,69.51003638995262,0.04947131170377058,0.046257194817255286,0.049844620489827324,20.42,1008.412
1791349649.788279,69.51003638995262,0.04947131170377058,0.046505975043583204,0.04979272339242211,20.43,1008.399
1791349681.1266494,69.51003638995262,0.04966345221972595,0.04648181486620821,0.04998402946384262,20.42,1008.396
1791349712.4741797,69.51003638995262,0.04966345221972595,0.04638542466375011,0.04995808936513786,20.39,1008.392
1791349743.818777,69.51003638995262,0.04950921007646164,0.04628943340629713,0.04985459765405301,20.39,1008.389
1791349775.168106,69.51003638995262,0.04921510341183537,0.04643356974157383,0.04958621120254525,20.4,1008.377
1791349806.4907565,69.51003638995262,0.04953485053294419,0.046337379321856005,0.049880430362796956,20.4,1008.375
1791349837.8251698,69.51003638995262,0.04958621120254525,0.04640948471627094,0.049932176176616286,20.4,1008.374
1791349869.175595,69.51003638995262,0.04956051756119646,0.04636138954519158,0.049880430362796956,20.4,1008.374
1791349900.5161002,69.51003638995262,0.049458008713926,0.046337379321856005,0.04977725982161906,20.39,1008.377
1791349931.863698,69.51003638995262,0.04956051756119646,0.046657126442964825,0.049906289856424764,20.36,1008.369
1791349963.1921093,69.51003638995262,0.04906264829933872,0.046337379321856005,0.04975153383733477,20.39,1008.366
1791349994.5215902,69.51003638995262,0.04954869518372231,0.046402133389119596,0.04987060962748804,20.4,1008.363
1791350025.8700783,69.51003638995262,0.04957454350241528,0.04647494381364312,0.04992266929257867,20.4,1008.351
1791350057.2285974,69.51003638995262,0.04962632113084297,0.046353719717379976,0.049974837760865365,20.35,1008.354
1791350088.5661979,69.51003638995262,0.04954869518372231,0.04620908295973084,0.049844620489827324,20.35,1008.354
1791350119.8925204,69.51003638995262,0.04936850894222293,0.04648181486620821,0.049689252728446785,20.38,1008.349
1791350151.2431045,69.51003638995262,0.04934287497560927,0.04604147674359109,0.04963767849026841,20.36,1008.35
1791350182.5867524,69.51003638995262,0.04963767849026841,0.04608924003805773,0.04998402946384262,20.39,1008.353
1791350213.9289663,69.51003638995262,0.04913875760623294,0.046337379321856005,0.0498030124249286,20.36,1008.359
1791350245.2696028,69.51003638995262,0.04956051756119646,0.04631339395508423,0.049880430362796956,20.39,1008.365
1791350276.6080928,69.51003638995262,0.04953485053294419,0.04604147674359109,0.049880430362796956,20.4,1008.372
1791350307.9524572,69.51003638995262,0.049317267615398945,0.04608924003805773,0.04966345221972595,20.39,1008.375
1791350339.3010516,69.51003638995262,0.04956051756119646,0.04631339395508423,0.049880430362796956,20.39,1008.382
1791350370.6499057,69.51003638995262,0.049483596150507556,0.046265497636995376,0.04985459765405301,20.38,1008.385
1791350401.9900115,69.51003638995262,0.04950921007646164,0.046265497636995376,0.049828791688599376,20.38,1008.395
1791350433.3493717,69.51003638995262,0.049522873805767295,0.04612789242366372,0.04987060962748804,20.39,1008.394
1791350464.6937964,69.51003638995262,0.0493554511563228,0.046402133389119596,0.0496782070295887,20.42,1008.391
1791350496.0334632,69.51003638995262,0.04973020153860809,0.046426378168680144,0.050053295216601,20.4,1008.394
1791350527.3608336,69.51003638995262,0.049303902356670634,0.04628128833532377,0.04989662588091882,20.4,1008.399
1791350558.7073977,69.51003638995262,0.04936850894222293,0.04620908295973084,0.04971508005818866,20.39,1008.408
1791350590.0519485,69.51003638995262,0.0500359905596492,0.046753980616443286,0.0500359905596492,20.4,1008.408
1791350621.3854194,69.51003638995262,0.04941985686069931,0.04623312637176324,0.050088059800604406,20.39,1008.408
1791350652.7398574,69.51003638995262,0.04966345221972595,0.046337379321856005,0.04966345221972595,20.4,1008.41
1791350684.0864618,69.51003638995262,0.0491896284643239,0.04631339395508423,0.049828791688599376,20.42,1008.409
1791350715.3728158,69.51003638995262,0.04956051756119646,0.04636138954519158,0.049906289856424764,20.42,1008.396
1791350746.7193344,69.51003638995262,0.04958621120254525,0.04631339395508423,0.049906289856424764,20.4,1008.395
1791350778.0638685,69.51003638995262,0.04977725982161906,0.04628943340629713,0.050122428699349644,20.4,1008.389
1791350809.4103997,69.51003638995262,0.049483596150507556,0.04638542466375011,0.0498030124249286,20.4,1008.385
1791350840.7528853,69.51003638995262,0.04925246112391175,0.046007636302299336,0.04992266929257867,20.42,1008.373
1791350872.0845082,69.51003638995262,0.049381265999224565,0.04652361117197905,0.04970419068651139,20.43,1008.377
1791350903.4429488,69.51003638995262,0.04948479598056085,0.046450648296929624,0.04978230499928148,20.39,1008.374
1791350934.787401,69.51003638995262,0.04957454350241528,0.046257194817255286,0.04957454350241528,20.39,1008.373
1791350966.1287515,69.51003638995262,0.04914990001511905,0.04655437082416667,0.049766815348200974,20.39,1008.364
1791350997.467411,69.51003638995262,0.04907325905526756,0.04645767977855918,0.049740934250796155,20.36,1008.364
1791351028.8157935,69.51003638995262,0.04963767849026841,0.04638542466375011,0.04995808936513786,20.35,1008.365
1791351060.16119,69.51003638995262,0.049291686820189855,0.04640948471627094,0.04963767849026841,20.36,1008.367
1791351091.507745,69.51003638995262,0.04966345221972595,0.04643356974157383,0.05000999651467065,20.36,1008.371
1791351122.849275,69.51003638995262,0.049740934250796155,0.046505975043583204,0.050088059800604406,20.35,1008.378
1791351154.1766849,69.51003638995262,0.049689252728446785,0.04645767977855918,0.04998402946384262,20.33,1008.382
1791351185.516211,69.51003638995262,0.04963767849026841,0.04638542466375011,0.04995808936513786,20.35,1008.385
1791351216.8627822,69.51003638995262,0.04956051756119646,0.04631339395508423,0.049880430362796956,20.32,1008.387
1791351248.2081907,69.51003638995262,0.0498030124249286,0.04643356974157383,0.0498030124249286,20.33,1008.399
1791351279.5527565,69.51003638995262,0.04941985686069931,0.04632955074606506,0.05014023752467907,20.31,1008.403
1791351310.896254,69.51003638995262,0.04905834131193774,0.046450648296929624,0.04973020153860809,20.31,1008.416
1791351342.2417622,69.51003638995262,0.049600418804031154,0.046450648296929624,0.04994873990501531,20.35,1008.437
1791351373.5794837,69.51003638995262,0.04954869518372231,0.04628128833532377,0.04957454350241528,20.33,1008.432
1791351404.9308193,69.51003638995262,0.04947131170377058,0.04648181486620821,0.050114135081073645,20.36,1008.438
1791351436.2873795,69.51003638995262,0.04953485053294419,0.04631339395508423,0.04985459765405301,20.35,1008.444
1791351467.634817,69.51003638995262,0.04953485053294419,0.04636138954519158,0.04985459765405301,20.38,1008.451
1791351498.9762053,69.51003638995262,0.04953485053294419,0.046337379321856005,0.049880430362796956,20.36,1008.453
1791351530.3166177,69.51003638995262,0.04977725982161906,0.0462415866087592,0.04977725982161906,20.38,1008.459
1791351561.65169,69.51003638995262,0.049483596150507556,0.04660884968071818,0.049828791688599376,20.38,1008.464
1791351593.0047402,69.51003638995262,0.0498030124249286,0.046265497636995376,0.050122428699349644,20.36,1008.456
1791351624.3261242,69.51003638995262,0.04933046743709092,0.04585140944206188,0.049623301760498874,20.38,1008.463
1791351655.6606598,69.51003638995262,0.04940691314468179,0.04648859373281046,0.050018918191717866,20.35,1008.455
1791351687.0071154,69.51003638995262,0.04933046743709092,0.04611315886670437,0.04996732309633923,20.35,1008.451
1791351718.3495536,69.51003638995262,0.04962632113084297,0.04647494381364312,0.0502449197811262,20.33,1008.45
1791351749.6801543,69.51003638995262,0.04943297678293422,0.046572380563557704,0.04973020153860809,20.38,1008.431
1791351781.0075982,69.51003638995262,0.04945887280871022,0.046200348326317364,0.049808397693561206,20.36,1008.427
1791351812.3489838,69.51003638995262,0.049600418804031154,0.04632955074606506,0.04992266929257867,20.35,1008.411
1791351843.6935139,69.51003638995262,0.04941985686069931,0.04645767977855918,0.0500359905596492,20.38,1008.407
1791351875.0381145,69.51003638995262,0.04947131170377058,0.04620908295973084,0.049818658425566126,20.35,1008.404
1791351906.3905833,69.51003638995262,0.04939416955672811,0.04648181486620821,0.049740934250796155,20.36,1008.405
1791351937.7441986,69.51003638995262,0.04939416955672811,0.04628128833532377,0.049766815348200974,20.39,1008.412
1791351969.0735,69.51003638995262,0.04941985686069931,0.04623312637176324,0.049740934250796155,20.4,1008.419
1791352000.4190674,69.51003638995262,0.04944557089579754,0.046505975043583204,0.049740934250796155,20.42,1008.428
1791352031.7554982,69.51003638995262,0.049317267615398945,0.04645767977855918,0.04966345221972595,20.43,1008.441
1791352063.1012824,69.51003638995262,0.04963767849026841,0.04618506454212266,0.04998402946384262,20.43,1008.446
1791352094.4495893,69.51003638995262,0.04936850894222293,0.04618506454212266,0.0500359905596492,20.46,1008.447
1791352125.7979965,69.51003638995262,0.04958621120254525,0.046426378168680144,0.05022636851030428,20.46,1008.452
1791352157.1265671,69.51003638995262,0.05002711537379822,0.04628128833532377,0.05002711537379822,20.44,1008.459
1791352188.4500906,69.51003638995262,0.049600418804031154,0.04647494381364312,0.04994873990501531,20.43,1008.456
1791352219.783536,69.51003638995262,0.04965225052521216,0.04670016440710347,0.049974837760865365,20.42,1008.463
1791352251.1261103,69.51003638995262,0.04944557089579754,0.04620908295973084,0.050088059800604406,20.4,1008.465
1791352282.4625216,69.51003638995262,0.04979272339242211,0.04653016034982769,0.05014023752467907,20.43,1008.462
1791352313.808863,69.51003638995262,0.04979272339242211,0.04643356974157383,0.050088059800604406,20.35,1008.468
1791352345.1633728,69.51003638995262,0.04958621120254525,0.04636138954519158,0.049906289856424764,20.31,1008.463
1791352376.50395,69.51003638995262,0.04950921007646164,0.046337379321856005,0.050122428699349644,20.33,1008.47
1791352407.8533294,69.51003638995262,0.049906289856424764,0.04638542466375011,0.049906289856424764,20.35,1008.463
1791352439.1808743,69.51003638995262,0.0491896284643239,0.04636138954519158,0.0498030124249286,20.33,1008.463
1791352470.518384,69.51003638995262,0.04956051756119646,0.04643356974157383,0.049906289856424764,20.4,1008.462
1791352501.856901,69.51003638995262,0.04953485053294419,0.04653662156939159,0.04985459765405301,20.39,1008.458
1791352533.1604307,69.51003638995262,0.049600418804031154,0.046402133389119596,0.04992266929257867,20.36,1008.468
1791352564.4998155,69.51003638995262,0.04962632113084297,0.04603163733887644,0.049974837760865365,20.36,1008.47
1791352595.839428,69.51003638995262,0.04951074634119322,0.04624877885055735,0.04986066522493873,20.36,1008.475
1791352627.1968832,69.51003638995262,0.04970419068651139,0.046426378168680144,0.05000096290285461,20.35,1008.482
1791352658.5423217,69.51003638995262,0.049278168315483636,0.046353719717379976,0.04994873990501531,20.35,1008.484
1791352689.8818252,69.51003638995262,0.04979272339242211,0.04620908295973084,0.049818658425566126,20.33,1008.484
1791352721.220531,69.51003638995262,0.04939416955672811,0.04620908295973084,0.04971508005818866,20.38,1008.485
1791352752.572856,69.51003638995262,0.04947131170377058,0.04657860650590682,0.050088059800604406,20.38,1008.477
1791352783.9152403,69.51003638995262,0.04936850894222293,0.04653016034982769,0.0500359905596492,20.38,1008.482
1791352815.2498155,69.51003638995262,0.04934287497560927,0.0461371025344425,0.049932176176616286,20.4,1008.476
1791352846.6054895,69.51003638995262,0.04936850894222293,0.04640948471627094,0.04998402946384262,20.4,1008.47
1791352877.9376948,69.51003638995262,0.04958621120254525,0.046337379321856005,0.05020034316439744,20.38,1008.466
1791352909.321155,69.51003638995262,0.04950921007646164,0.04658474874468844,0.049828791688599376,20.35,1008.467
1791352940.6757035,69.51003638995262,0.04943244772564608,0.04631339395508423,0.0498030124249286,20.35,1008.457
1791352972.0302844,69.51003638995262,0.04949707932645318,0.046596803622139304,0.05019252407125376,20.36,1008.458
1791353003.3796768,69.51003638995262,0.04945887280871022,0.046402133389119596,0.04978230499928148,20.36,1008.454
1791353034.708131,69.51003638995262,0.049808397693561206,0.04637030055148764,0.04983451775442143,20.35,1008.45
1791353066.0497565,69.51003638995262,0.049588760984197344,0.04674896540433335,0.049886840148280154,20.35,1008.446
1791353097.3882406,69.51003638995262,0.04957454350241528,0.046353719717379976,0.04992266929257867,20.32,1008.439
1791353128.735672,69.51003638995262,0.049600418804031154,0.046257194817255286,0.04989662588091882,20.33,1008.436
1791353160.0822802,69.51003638995262,0.049522873805767295,0.04628128833532377,0.04987060962748804,20.36,1008.441
1791353191.4237554,69.51003638995262,0.049818658425566126,0.04623312637176324,0.049818658425566126,20.36,1008.439
1791353222.7601,69.51003638995262,0.04936850894222293,0.04653016034982769,0.049689252728446785,20.38,1008.451
1791353254.0987484,69.51003638995262,0.049522873805767295,0.04657860650590682,0.049818658425566126,20.35,1008.461
1791353285.4441423,69.51003638995262,0.04934287497560927,0.04611315886670437,0.0500359905596492,20.32,1008.466
1791353316.7867217,69.51003638995262,0.04941985686069931,0.046505975043583204,0.050062011640893,20.35,1008.469
1791353348.1292,69.51003638995262,0.04936850894222293,0.04638542466375011,0.05000999651467065,20.33,1008.47
1791353379.471593,69.51003638995262,0.04956051756119646,0.04618506454212266,0.049906289856424764,20.36,1008.477
1791353410.8191974,69.51003638995262,0.04936850894222293,0.04672455216329194,0.04963767849026841,20.38,1008.482
1791353442.166596,69.51003638995262,0.04948479598056085,0.04649926475867899,0.050158289167649646,20.38,1008.489
1791353473.497031,69.51003638995262,0.04953672393340401,0.04624877885055735,0.04991304256770342,20.35,1008.5
1791353504.838608,69.51003638995262,0.04905834131193774,0.04637791391855595,0.04975623962859591,20.33,1008.508
1791353536.1831784,69.51003638995262,0.04957454350241528,0.046305406965167016,0.050218708259422346,20.35,1008.526
1791353567.5247405,69.51003638995262,0.04949707932645318,0.04620908295973084,0.049818658425566126,20.33,1008.544
1791353598.8770797,69.51003638995262,0.04944557089579754,0.04657860650590682,0.050088059800604406,20.36,1008.563
1791353630.239578,69.51003638995262,0.04971508005818866,0.04618506454212266,0.0500359905596492,20.36,1008.574
1791353661.5851307,69.51003638995262,0.049689252728446785,0.04640948471627094,0.05000999651467065,20.36,1008.602
1791353692.9384737,69.51003638995262,0.04958621120254525,0.04645767977855918,0.04961193149840307,20.36,1008.619
1791353724.2730772,69.51003638995262,0.049689252728446785,0.04643356974157383,0.050062011640893,20.35,1008.634
1791353755.6146371,69.51003638995262,0.04963767849026841,0.04643356974157383,0.049932176176616286,20.38,1008.648
1791353786.9528863,69.51003638995262,0.04985459765405301,0.04628943340629713,0.050174344775161826,20.38,1008.644
1791353818.3065743,69.51003638995262,0.04953485053294419,0.04663297556722197,0.05014837330073712,20.33,1008.651
1791353849.659998,69.51003638995262,0.04972583443082515,0.04648181486620821,0.050096510929312124,20.32,1008.648
1791353881.012476,69.51003638995262,0.049522873805767295,0.046152019126356296,0.04987060962748804,20.33,1008.641
1791353912.357958,69.51003638995262,0.04975623962859591,0.04624877885055735,0.049886840148280154,20.33,1008.635
1791353943.7024398,69.51003638995262,0.04973020153860809,0.046602867434436715,0.05000096290285461,20.35,1008.621
1791353975.0420122,69.51003638995262,0.04934287497560927,0.04640948471627094,0.049689252728446785,20.39,1008.598
1791354006.3733854,69.51003638995262,0.04950921007646164,0.0462415866087592,0.049828791688599376,20.38,1008.582
1791354037.7129278,69.51003638995262,0.04977725982161906,0.0462415866087592,0.050096510929312124,20.35,1008.569
1791354069.0614886,69.51003638995262,0.049458008713926,0.04668130234679207,0.04977725982161906,20.35,1008.553
1791354100.4139397,69.51003638995262,0.04985459765405301,0.04660884968071818,0.04985459765405301,20.35,1008.544
1791354131.7534792,69.51003638995262,0.04972583443082515,0.046512595252994345,0.0500447557169685,20.33,1008.537
1791354163.0859153,69.51003638995262,0.049355923041179056,0.046512595252994345,0.04967451518655335,20.35,1008.531
1791354194.4074492,69.51003638995262,0.04972583443082515,0.046560672720447886,0.0500447557169685,20.35,1008.522
1791354225.7368221,69.51003638995262,0.04943244772564608,0.04660884968071818,0.04975153383733477,20.38,1008.52
1791354257.0824544,69.51003638995262,0.049483596150507556,0.04658474874468844,0.049828791688599376,20.39,1008.528
1791354288.4199193,69.51003638995262,0.04943244772564608,0.046705503317629626,0.04970016156092482,20.39,1008.532
1791354319.6943133,69.51003638995262,0.04949707932645318,0.04652361117197905,0.049818658425566126,20.39,1008.538
1791354351.0248296,69.51003638995262,0.04978230499928148,0.046353719717379976,0.04978230499928148,20.4,1008.548
1791354382.3603644,69.51003638995262,0.04925246112391175,0.046305406965167016,0.049600418804031154,20.4,1008.562
1791354413.7167115,69.51003638995262,0.049766815348200974,0.04653016034982769,0.049766815348200974,20.46,1008.577
1791354445.058344,69.51003638995262,0.049689252728446785,0.046505975043583204,0.0500359905596492,20.42,1008.592
1791354476.406876,69.51003638995262,0.04956051756119646,0.04638542466375011,0.049906289856424764,20.4,1008.615
1791354507.7482371,69.51003638995262,0.049932176176616286,0.04623312637176324,0.04995808936513786,20.39,1008.634
1791354539.0938256,69.51003638995262,0.04949707932645318,0.04616107107998436,0.050114135081073645,20.39,1008.655
1791354570.4383516,69.51003638995262,0.04939416955672811,0.04640948471627094,0.049689252728446785,20.4,1008.668
1791354601.7726974,69.51003638995262,0.04956051756119646,0.04643356974157383,0.049880430362796956,20.39,1008.677
1791354633.1093192,69.51003638995262,0.04963767849026841,0.04668130234679207,0.04995808936513786,20.38,1008.687
1791354664.4368086,69.51003638995262,0.04958621120254525,0.04636138954519158,0.049932176176616286,20.38,1008.686
1791354695.7801602,69.51003638995262,0.049880430362796956,0.04663297556722197,0.04985459765405301,20.38,1008.681
1791354727.1266959,69.51003638995262,0.04958621120254525,0.046802558652432075,0.05027850024000732,20.36,1008.661
1791354758.4671967,69.51003638995262,0.049844620489827324,0.046773404170195536,0.05019252407125376,20.33,1008.642
1791354789.815639,69.51003638995262,0.04951074634119322,0.046394681565464994,0.04983451775442143,20.33,1008.63
1791354821.152235,69.51003638995262,0.04951074634119322,0.046572380563557704,0.050158289167649646,20.39,1008.61
1791354852.4988072,69.51003638995262,0.04983451775442143,0.04652361117197905,0.050158289167649646,20.38,1008.598
1791354883.8502514,69.51003638995262,0.04965225052521216,0.046426378168680144,0.049974837760865365,20.36,1008.594
1791354915.1927633,69.51003638995262,0.04987060962748804,0.04655437082416667,0.05016636717388735,20.36,1008.598
1791354946.5421314,69.51003638995262,0.04936850894222293,0.04620908295973084,0.05000999651467065,20.38,1008.597
1791354977.8876715,69.51003638995262,0.049689252728446785,0.046505975043583204,0.049740934250796155,20.38,1008.6
1791355009.2271054,69.51003638995262,0.04963767849026841,0.04645767977855918,0.04995808936513786,20.39,1008.608
1791355040.5557108,69.51003638995262,0.04963767849026841,0.04668130234679207,0.04995808936513786,20.35,1008.616
1791355071.8951247,69.51003638995262,0.04958621120254525,0.04636138954519158,0.049880430362796956,20.36,1008.617
1791355103.2396438,69.51003638995262,0.04961193149840307,0.04643356974157383,0.04998402946384262,20.38,1008.628
1791355134.5811799,69.51003638995262,0.049689252728446785,0.04645767977855918,0.05000999651467065,20.38,1008.634
1791355165.9365535,69.51003638995262,0.049689252728446785,0.04638542466375011,0.05000999651467065,20.38,1008.648
1791355197.2941768,69.51003638995262,0.049906289856424764,0.04649926475867899,0.0500359905596492,20.36,1008.655
1791355228.621611,69.51003638995262,0.04983451775442143,0.04637030055148764,0.050184606516473454,20.33,1008.663
1791355259.9641225,69.51003638995262,0.049588760984197344,0.04654150776298378,0.04969316375778494,20.35,1008.675
1791355291.3055804,69.51003638995262,0.04953672393340401,0.04647494381364312,0.04956272880007983,20.33,1008.677
1791355322.6461105,69.51003638995262,0.049522873805767295,0.046627153649227045,0.04987060962748804,20.36,1008.686
1791355353.9775739,69.51003638995262,0.049522873805767295,0.04618506454212266,0.049818658425566126,20.35,1008.695
1791355385.3290386,69.51003638995262,0.04939416955672811,0.04648181486620821,0.050062011640893,20.35,1008.692
1791355416.6854405,69.51003638995262,0.049906289856424764,0.04628943340629713,0.05022636851030428,20.33,1008.687
1791355448.0289438,69.51003638995262,0.049458008713926,0.04636138954519158,0.049828791688599376,20.36,1008.681
1791355479.3745227,69.51003638995262,0.04956051756119646,0.04643356974157383,0.049880430362796956,20.35,1008.681
1791355510.721065,69.51003638995262,0.04963767849026841,0.04640948471627094,0.04995808936513786,20.36,1008.679
1791355542.0615609,69.51003638995262,0.04961193149840307,0.04653016034982769,0.04998402946384262,20.36,1008.668
1791355573.4030812,69.51003638995262,0.049689252728446785,0.04653016034982769,0.0500359905596492,20.32,1008.647
1791355604.7585423,69.51003638995262,0.04970419068651139,0.04647494381364312,0.050053295216601,20.35,1008.639
1791355636.1046333,69.51003638995262,0.0496782070295887,0.04637791391855595,0.04994873990501531,20.35,1008.65
1791355667.4485247,69.51003638995262,0.04970419068651139,0.04665146518983079,0.05002711537379822,20.35,1008.653
1791355698.7998729,69.51003638995262,0.04949707932645318,0.04628128833532377,0.049818658425566126,20.36,1008.666
1791355730.139446,69.51003638995262,0.049689252728446785,0.04636138954519158,0.05000999651467065,20.36,1008.681
1791355761.491894,69.51003638995262,0.04961193149840307,0.04663297556722197,0.05022636851030428,20.33,1008.69
1791355792.8313782,69.51003638995262,0.04950921007646164,0.046337379321856005,0.049828791688599376,20.33,1008.707
1791355824.1638775,69.51003638995262,0.04950921007646164,0.04643356974157383,0.049880430362796956,20.36,1008.72
1791355855.5073547,69.51003638995262,0.049906289856424764,0.04668130234679207,0.049932176176616286,20.35,1008.733
1791355886.855019,69.51003638995262,0.04958621120254525,0.04636138954519158,0.049906289856424764,20.38,1008.73
1791355918.195386,69.51003638995262,0.049266132548665735,0.0461371025344425,0.04995808936513786,20.38,1008.742
1791355949.5159504,69.51003638995262,0.04963767849026841,0.046337379321856005,0.04995808936513786,20.35,1008.737
1791355980.8613157,69.51003638995262,0.049880430362796956,0.04621770028324823,0.05014837330073712,20.35,1008.724
1791356012.2089078,69.51003638995262,0.04941985686069931,0.046450648296929624,0.05014023752467907,20.35,1008.71
1791356043.5524604,69.51003638995262,0.049407107860615175,0.04637791391855595,0.050079502474257596,20.35,1008.696
1791356074.8978844,69.51003638995262,0.04943297678293422,0.04652361117197905,0.049808397693561206,20.4,1008.684
1791356106.2035732,69.51003638995262,0.04992266929257867,0.04653016034982769,0.050218708259422346,20.39,1008.678
1791356137.51482,69.51003638995262,0.04934287497560927,0.04645767977855918,0.05000999651467065,20.38,1008.666
1791356168.855371,69.51003638995262,0.04961193149840307,0.046505975043583204,0.05000999651467065,20.38,1008.669
1791356200.1968818,69.51003638995262,0.049766815348200974,0.04643356974157383,0.050062011640893,20.36,1008.656
1791356231.5394146,69.51003638995262,0.04958621120254525,0.04672972939448416,0.05020034316439744,20.35,1008.652
1791356262.8848107,69.51003638995262,0.04961193149840307,0.04636138954519158,0.049932176176616286,20.33,1008.65
1791356294.2162457,69.51003638995262,0.04961193149840307,0.046505975043583204,0.04963767849026841,20.36,1008.649
1791356325.552943,69.51003638995262,0.04966345221972595,0.04648181486620821,0.04998402946384262,20.39,1008.652
1791356356.8892252,69.51003638995262,0.04963767849026841,0.04636138954519158,0.04998402946384262,20.39,1008.637
1791356388.2367334,69.51003638995262,0.049766815348200974,0.04632955074606506,0.05014023752467907,20.35,1008.624
1791356419.5772974,69.51003638995262,0.04970419068651139,0.046572380563557704,0.050079502474257596,20.38,1008.612
1791356450.9278064,69.51003638995262,0.04956272880007983,0.046572380563557704,0.049886840148280154,20.38,1008.61
1791356482.272314,69.51003638995262,0.04970419068651139,0.04655437082416667,0.05000096290285461,20.36,1008.619
1791356513.616824,69.51003638995262,0.04963767849026841,0.04638542466375011,0.04998402946384262,20.36,1008.626
1791356544.9571273,69.51003638995262,0.04956051756119646,0.046657126442964825,0.049906289856424764,20.33,1008.633
1791356576.293719,69.51003638995262,0.04953485053294419,0.04638542466375011,0.049828791688599376,20.39,1008.63
1791356607.6292472,69.51003638995262,0.04966345221972595,0.04672972939448416,0.04998402946384262,20.38,1008.629
1791356638.9796872,69.51003638995262,0.049906289856424764,0.04636138954519158,0.049906289856424764,20.36,1008.629
1791356670.326191,69.51003638995262,0.049906289856424764,0.04640948471627094,0.049932176176616286,20.33,1008.621
1791356701.6715932,69.51003638995262,0.04924060475959598,0.04636138954519158,0.05022636851030428,20.32,1008.614
1791356733.0152361,69.51003638995262,0.04950921007646164,0.04668130234679207,0.05014837330073712,20.33,1008.614
1791356764.3476045,69.51003638995262,0.04958621120254525,0.046705503317629626,0.049906289856424764,20.33,1008.614
1791356795.6882124,69.51003638995262,0.04958621120254525,0.04640948471627094,0.049906289856424764,20.33,1008.617
1791356827.01483,69.51003638995262,0.049483596150507556,0.04653016034982769,0.050122428699349644,20.31,1008.621
1791356858.363055,69.51003638995262,0.049808397693561206,0.04624877885055735,0.05013199940656156,20.28,1008.627
1791356889.7095778,69.51003638995262,0.04983451775442143,0.04624877885055735,0.05021095149648048,20.28,1008.634
1791356921.0502357,69.51003638995262,0.04951074634119322,0.04610379093302694,0.04983451775442143,20.33,1008.639
1791356952.3885698,69.51003638995262,0.04954869518372231,0.046602867434436715,0.04987060962748804,20.35,1008.634
1791356983.7300086,69.51003638995262,0.0500359905596492,0.04640948471627094,0.0500359905596492,20.32,1008.633
1791357015.058637,69.51003638995262,0.04963767849026841,0.04640948471627094,0.04995808936513786,20.29,1008.641
1791357046.3990479,69.51003638995262,0.04961193149840307,0.04608924003805773,0.0502524208548295,20.31,1008.636
1791357077.7475605,69.51003638995262,0.049317267615398945,0.04643356974157383,0.04963767849026841,20.33,1008.639
1791357109.0930855,69.51003638995262,0.04958621120254525,0.04643356974157383,0.0502524208548295,20.33,1008.648
1791357140.436497,69.51003638995262,0.04936850894222293,0.04653016034982769,0.04971508005818866,20.36,1008.653
1791357171.7871878,69.51003638995262,0.049522873805767295,0.046402133389119596,0.050218708259422346,20.38,1008.672
1791357203.1167164,69.51003638995262,0.04949707932645318,0.04628128833532377,0.04987060962748804,20.36,1008.672
1791357234.4750867,69.51003638995262,0.04941985686069931,0.04605566343000843,0.04979272339242211,20.35,1008.68
1791357265.8146098,69.51003638995262,0.0493554511563228,0.046572380563557704,0.049808397693561206,20.38,1008.687
1791357297.1459627,69.51003638995262,0.04926447940069127,0.046394681565464994,0.049640907477116136,20.42,1008.69
1791357328.4894397,69.51003638995262,0.049771754790460185,0.04676848490683669,0.05009723304676245,20.33,1008.697
1791357359.8400748,69.51003638995262,0.04991304256770342,0.04664572666627689,0.05023732415120949,20.35,1008.707
1791357391.1804864,69.51003638995262,0.04945887280871022,0.046402133389119596,0.05002711537379822,20.32,1008.712
1791357422.5129673,69.51003638995262,0.049600418804031154,0.04709616004346144,0.049974837760865365,20.33,1008.72
1791357453.8585703,69.51003638995262,0.049329663289558956,0.046353719717379976,0.049974837760865365,20.35,1008.732
1791357485.177069,69.51003638995262,0.049522873805767295,0.04665146518983079,0.049844620489827324,20.39,1008.74
1791357516.5244994,69.51003638995262,0.049600418804031154,0.04637791391855595,0.04992266929257867,20.4,1008.751
1791357547.8739793,69.51003638995262,0.049600418804031154,0.04573341294146091,0.04992266929257867,20.38,1008.756
1791357579.2154524,69.51003638995262,0.04992266929257867,0.04670016440710347,0.04992266929257867,20.38,1008.763
1791357610.550172,69.51003638995262,0.04947131170377058,0.04655437082416667,0.050114135081073645,20.35,1008.777
1791357641.8964415,69.51003638995262,0.04947131170377058,0.04616107107998436,0.04979272339242211,20.39,1008.775
1791357673.2419584,69.51003638995262,0.049124326443394116,0.046305406965167016,0.0500359905596492,20.4,1008.779
1791357704.5934637,69.51003638995262,0.049278168315483636,0.045997503969876244,0.049974837760865365,20.38,1008.782
1791357735.941843,69.51003638995262,0.04969316375778494,0.046289103868877565,0.049771754790460185,20.39,1008.78
1791357767.282463,69.51003638995262,0.049472357141244774,0.04626466274016039,0.049824287062190914,20.36,1008.776
1791357798.628018,69.51003638995262,0.049771754790460185,0.04637030055148764,0.05009723304676245,20.38,1008.782
1791357829.9744122,69.51003638995262,0.04945887280871022,0.046176171080686085,0.049808397693561206,20.36,1008.785
1791357861.3099043,69.51003638995262,0.04943297678293422,0.04624877885055735,0.04978230499928148,20.39,1008.787
1791357892.6593697,69.51003638995262,0.04945887280871022,0.046402133389119596,0.04978230499928148,20.39,1008.795
1791357923.940862,69.51003638995262,0.049600418804031154,0.04665146518983079,0.04992266929257867,20.35,1008.788
1791357955.2773817,69.51003638995262,0.04947131170377058,0.046257194817255286,0.049818658425566126,20.36,1008.791
1791357986.6209671,69.51003638995262,0.04944557089579754,0.04657860650590682,0.04979272339242211,20.35,1008.793
1791358017.9773102,69.51003638995262,0.04954869518372231,0.046353719717379976,0.049600418804031154,20.39,1008.787
1791358049.3349304,69.51003638995262,0.049329663289558956,0.04637791391855595,0.0496782070295887,20.38,1008.782
1791358080.6723518,69.51003638995262,0.04965225052521216,0.046602867434436715,0.05000096290285461,20.35,1008.779
1791358112.0218782,69.51003638995262,0.049740934250796155,0.04640948471627094,0.0500359905596492,20.35,1008.775
1791358143.3523815,69.51003638995262,0.04941985686069931,0.04655437082416667,0.0500359905596492,20.33,1008.771
1791358174.687771,69.51003638995262,0.049808397693561206,0.046572380563557704,0.05021095149648048,20.33,1008.764
1791358206.0324578,69.51003638995262,0.0496782070295887,0.04647494381364312,0.050053295216601,20.29,1008.761
1791358237.3838565,69.51003638995262,0.049600418804031154,0.04623312637176324,0.04989662588091882,20.32,1008.755
1791358268.722421,69.51003638995262,0.04979272339242211,0.046627153649227045,0.050088059800604406,20.31,1008.751
1791358300.0698702,69.51003638995262,0.049766815348200974,0.04648181486620821,0.050088059800604406,20.29,1008.755
1791358331.397182,69.51003638995262,0.04963767849026841,0.04648181486620821,0.04998402946384262,20.31,1008.759
1791358362.7379265,69.51003638995262,0.04961193149840307,0.04648181486620821,0.04995808936513786,20.31,1008.76
1791358394.0743484,69.51003638995262,0.04971508005818866,0.046257194817255286,0.050062011640893,20.31,1008.759
1791358425.4277048,69.51003638995262,0.049766815348200974,0.04623312637176324,0.050088059800604406,20.35,1008.758
1791358456.778315,69.51003638995262,0.04966345221972595,0.04640948471627094,0.05000999651467065,20.33,1008.754
1791358488.1178215,69.51003638995262,0.04958621120254525,0.04643356974157383,0.049880430362796956,20.33,1008.755
1791358519.4643328,69.51003638995262,0.04963767849026841,0.04645767977855918,0.04998402946384262,20.35,1008.753
1791358550.8039339,69.51003638995262,0.04941985686069931,0.04645767977855918,0.050088059800604406,20.32,1008.742
1791358582.147254,69.51003638995262,0.04917550022734024,0.046402133389119596,0.05014023752467907,20.32,1008.738
1791358613.4767292,69.51003638995262,0.049808397693561206,0.04669475254922124,0.05013199940656156,20.28,1008.738
1791358644.8562245,69.51003638995262,0.04943297678293422,0.046394681565464994,0.049886840148280154,20.31,1008.736
1791358676.1966484,69.51003638995262,0.04953672393340401,0.04649926475867899,0.04986066522493873,20.31,1008.727
1791358707.5201607,69.51003638995262,0.04987060962748804,0.046627153649227045,0.05016636717388735,20.31,1008.723
1791358738.852703,69.51003638995262,0.04941985686069931,0.04677825702267586,0.049766815348200974,20.31,1008.718
1791358770.1993191,69.51003638995262,0.04963767849026841,0.04677825702267586,0.04995808936513786,20.28,1008.719
1791358801.5388265,69.51003638995262,0.04995808936513786,0.04645767977855918,0.04998402946384262,20.31,1008.718
1791358832.881251,69.51003638995262,0.04936850894222293,0.04611315886670437,0.04971508005818866,20.32,1008.705
1791358864.211619,69.51003638995262,0.049291686820189855,0.04640948471627094,0.049932176176616286,20.32,1008.708
1791358895.5584068,69.51003638995262,0.049291686820189855,0.04643356974157383,0.049932176176616286,20.33,1008.705
1791358926.9027674,69.51003638995262,0.04934287497560927,0.04643356974157383,0.049932176176616286,20.32,1008.695
1791358958.243254,69.51003638995262,0.049689252728446785,0.04653016034982769,0.04971508005818866,20.33,1008.694
1791358989.5727975,69.51003638995262,0.04963767849026841,0.04653016034982769,0.049932176176616286,20.36,1008.689
1791359020.917054,69.51003638995262,0.049600418804031154,0.046492462547319896,0.049974837760865365,20.33,1008.688
1791359052.2576845,69.51003638995262,0.0497193331769314,0.04609429486740544,0.04999181523640689,20.33,1008.681
1791359083.5982969,69.51003638995262,0.049472357141244774,0.04634594514913662,0.049771754790460185,20.35,1008.676
1791359114.948646,69.51003638995262,0.049329663289558956,0.046257194817255286,0.049974837760865365,20.36,1008.671
1791359146.2741175,69.51003638995262,0.04941985686069931,0.046505975043583204,0.050062011640893,20.35,1008.673
1791359177.6038368,69.51003638995262,0.04936850894222293,0.04648181486620821,0.04998402946384262,20.38,1008.677
1791359208.9521337,69.51003638995262,0.04939416955672811,0.04653016034982769,0.049740934250796155,20.36,1008.681
1791359240.291714,69.51003638995262,0.049317267615398945,0.04643356974157383,0.04966345221972595,20.38,1008.679
1791359271.6312437,69.51003638995262,0.049689252728446785,0.04643356974157383,0.05000999651467065,20.39,1008.682
1791359302.9755552,69.51003638995262,0.049291686820189855,0.04638542466375011,0.04961193149840307,20.36,1008.694
1791359334.3261676,69.51003638995262,0.04961193149840307,0.04643356974157383,0.049932176176616286,20.39,1008.69
1791359365.6566722,69.51003638995262,0.04941985686069931,0.04653016034982769,0.049740934250796155,20.4,1008.686
1791359396.9800591,69.51003638995262,0.04934287497560927,0.046802558652432075,0.05000999651467065,20.38,1008.686
1791359428.3214688,69.51003638995262,0.04941985686069931,0.04637791391855595,0.049766815348200974,20.36,1008.679
1791359459.66313,69.51003638995262,0.04962632113084297,0.046224550902997534,0.04994873990501531,20.39,1008.674
1791359491.0146806,69.51003638995262,0.04986066522493873,0.04684687401764073,0.04986066522493873,20.39,1008.675
1791359522.356946,69.51003638995262,0.049522873805767295,0.046675802095883505,0.04987060962748804,20.38,1008.668
1791359553.6974843,69.51003638995262,0.04979272339242211,0.046602867434436715,0.050114135081073645,20.36,1008.66
1791359585.0490067,69.51003638995262,0.049689252728446785,0.04653016034982769,0.05000999651467065,20.38,1008.646
1791359616.3956666,69.51003638995262,0.04944557089579754,0.04655437082416667,0.049740934250796155,20.36,1008.642
1791359647.7229915,69.51003638995262,0.04971508005818866,0.046505975043583204,0.050062011640893,20.38,1008.64
1791359679.0614688,69.51003638995262,0.04944557089579754,0.046602867434436715,0.049818658425566126,20.39,1008.623
1791359710.3570054,69.51003638995262,0.04947131170377058,0.04657860650590682,0.049766815348200974,20.39,1008.617
1791359741.7004862,69.51003638995262,0.04979272339242211,0.04657860650590682,0.050088059800604406,20.4,1008.604
1791359773.0520601,69.51003638995262,0.049766815348200974,0.04653016034982769,0.050114135081073645,20.36,1008.599
1791359804.3843853,69.51003638995262,0.049689252728446785,0.046353719717379976,0.05000999651467065,20.39,1008.591
1791359835.7111242,69.51003638995262,0.049600418804031154,0.04679786850092995,0.04992266929257867,20.36,1008.574
1791359867.0396051,69.51003638995262,0.04945887280871022,0.046394681565464994,0.04983451775442143,20.38,1008.563
1791359898.368934,69.51003638995262,0.04983451775442143,0.046450648296929624,0.050184606516473454,20.38,1008.543
1791359929.7095547,69.51003638995262,0.04987060962748804,0.04623312637176324,0.05019252407125376,20.36,1008.539
1791359961.0640855,69.51003638995262,0.04939416955672811,0.04623312637176324,0.049740934250796155,20.35,1008.547
1791359992.4163911,69.51003638995262,0.04941985686069931,0.046305406965167016,0.049766815348200974,20.38,1008.528
1791360023.746858,69.51003638995262,0.04947131170377058,0.04655437082416667,0.049766815348200974,20.39,1008.523
1791360055.0694392,69.51003638995262,0.04944557089579754,0.046505975043583204,0.050062011640893,20.39,1008.505
1791360086.4038026,69.51003638995262,0.049740934250796155,0.04655437082416667,0.049740934250796155,20.4,1008.504
1791360117.7444136,69.51003638995262,0.049740934250796155,0.046505975043583204,0.050062011640893,20.38,1008.493
1791360149.0839572,69.51003638995262,0.049689252728446785,0.04638542466375011,0.04998402946384262,20.38,1008.492
1791360180.4252942,69.51003638995262,0.049266132548665735,0.046705503317629626,0.04961193149840307,20.39,1008.483
1791360211.774969,69.51003638995262,0.04961193149840307,0.04643356974157383,0.049906289856424764,20.4,1008.471
1791360243.1076539,69.51003638995262,0.049689252728446785,0.04638542466375011,0.04971508005818866,20.38,1008.479
1791360274.4510155,69.51003638995262,0.04944557089579754,0.04649926475867899,0.04987060962748804,20.36,1008.472
1791360305.783461,69.51003638995262,0.049381265999224565,0.046621252309591535,0.05000096290285461,20.32,1008.482
1791360337.123904,69.51003638995262,0.04948479598056085,0.04649926475867899,0.050079502474257596,20.33,1008.479
1791360368.4644027,69.51003638995262,0.049303902356670634,0.04628128833532377,0.04965225052521216,20.32,1008.475
1791360399.8069584,69.51003638995262,0.04954869518372231,0.04632955074606506,0.04987060962748804,20.33,1008.469
1791360431.1433473,69.51003638995262,0.04957454350241528,0.04628128833532377,0.04989662588091882,20.35,1008.464
1791360462.4878004,69.51003638995262,0.049689252728446785,0.04645767977855918,0.05000999651467065,20.35,1008.462
1791360493.8303916,69.51003638995262,0.04966345221972595,0.046802558652432075,0.0503307403008945,20.35,1008.474
1791360525.1829345,69.51003638995262,0.04966345221972595,0.046753980616443286,0.05000999651467065,20.35,1008.488
1791360556.5313032,69.51003638995262,0.049291686820189855,0.04640948471627094,0.049932176176616286,20.32,1008.503
1791360587.8788223,69.51003638995262,0.04963767849026841,0.04643356974157383,0.04995808936513786,20.38,1008.507
1791360619.221253,69.51003638995262,0.04936850894222293,0.04645767977855918,0.05000999651467065,20.36,1008.502
1791360650.5750322,69.51003638995262,0.04961193149840307,0.04643356974157383,0.049932176176616286,20.36,1008.522
1791360681.9142537,69.51003638995262,0.04963767849026841,0.04640948471627094,0.04995808936513786,20.31,1008.534
1791360713.2509048,69.51003638995262,0.049689252728446785,0.04637791391855595,0.050088059800604406,20.32,1008.527
1791360744.592452,69.51003638995262,0.04939419772741655,0.04631357083522061,0.04979800707216266,20.35,1008.53
1791360775.937729,69.51003638995262,0.04944627653415792,0.04644352059006466,0.04979800707216266,20.36,1008.526
1791360807.2793658,69.51003638995262,0.049588760984197344,0.04627303220891109,0.04986066522493873,20.39,1008.505
1791360838.6228762,69.51003638995262,0.049135440618138945,0.046402133389119596,0.04978230499928148,20.43,1008.492
1791360869.9721894,69.51003638995262,0.04957454350241528,0.04655437082416667,0.04989662588091882,20.39,1008.487
1791360901.3147707,69.51003638995262,0.04939416955672811,0.04653016034982769,0.0500359905596492,20.39,1008.504
1791360932.6612298,69.51003638995262,0.049740934250796155,0.04645767977855918,0.050062011640893,20.36,1008.493
1791360964.0026553,69.51003638995262,0.04936850894222293,0.046505975043583204,0.0500359905596492,20.36,1008.474
1791360995.3462594,69.51003638995262,0.048777702080505615,0.046257194817255286,0.050114135081073645,20.38,1008.492
1791361026.689632,69.51003638995262,0.04944557089579754,0.046257194817255286,0.04979272339242211,20.39,1008.488
1791361058.028191,69.51003638995262,0.04944557089579754,0.04620908295973084,0.04979272339242211,20.38,1008.476
1791361089.379726,69.51003638995262,0.04944557089579754,0.04618506454212266,0.04979272339242211,20.39,1008.471
1791361120.7291265,69.51003638995262,0.04962632113084297,0.046426378168680144,0.04962632113084297,20.36,1008.456
1791361152.057707,69.51003638995262,0.04953672393340401,0.04624877885055735,0.049808397693561206,20.38,1008.437
1791361183.3981535,69.51003638995262,0.04948479598056085,0.04632161531807657,0.04983451775442143,20.38,1008.429
1791361214.7376637,69.51003638995262,0.04943297678293422,0.04610379093302694,0.04975623962859591,20.42,1008.405
1791361246.0812247,69.51003638995262,0.04957454350241528,0.046353719717379976,0.05019252407125376,20.43,1008.384
1791361277.427658,69.51003638995262,0.049600418804031154,0.04665146518983079,0.04989662588091882,20.43,1008.375
1791361308.7711298,69.51003638995262,0.04979272339242211,0.04655437082416667,0.050114135081073645,20.4,1008.363
1791361340.1052396,69.51003638995262,0.049740934250796155,0.04657860650590682,0.049766815348200974,20.4,1008.362
1791361371.440211,69.51003638995262,0.04949707932645318,0.04665146518983079,0.05016636717388735,20.35,1008.366
1791361402.7935328,69.51003638995262,0.049600418804031154,0.04665146518983079,0.04994873990501531,20.36,1008.368
1791361434.1221166,69.51003638995262,0.04947131170377058,0.04657860650590682,0.050088059800604406,20.36,1008.356
1791361465.465651,69.51003638995262,0.050062011640893,0.04655437082416667,0.050062011640893,20.36,1008.349
1791361496.802212,69.51003638995262,0.049689252728446785,0.04653016034982769,0.050356901061109745,20.38,1008.331
1791361528.0866082,69.51003638995262,0.049740934250796155,0.04690001819455835,0.050088059800604406,20.35,1008.329
1791361559.4341774,69.51003638995262,0.04953672393340401,0.04667022673264269,0.050158289167649646,20.32,1008.335
1791361590.7785926,69.51003638995262,0.04934222850823998,0.04644352059006466,0.04969316375778494,20.35,1008.332
1791361622.1270487,69.51003638995262,0.04926447940069127,0.04634594514913662,0.04991304256770342,20.39,1008.326
1791361653.4545708,69.51003638995262,0.04961482052882358,0.046719304156630115,0.04996553006828126,20.36,1008.322
1791361684.8080814,69.51003638995262,0.049667021872323434,0.04634594514913662,0.04996553006828126,20.36,1008.326
1791361716.1525197,69.51003638995262,0.04943297678293422,0.04649926475867899,0.04975623962859591,20.36,1008.311
1791361747.5031338,69.51003638995262,0.05002711537379822,0.046402133389119596,0.05002711537379822,20.35,1008.31
1791361778.8594534,69.51003638995262,0.04954869518372231,0.04637791391855595,0.04987060962748804,20.38,1008.311
1791361810.2040865,69.51003638995262,0.04957454350241528,0.046602867434436715,0.050218708259422346,20.38,1008.303
1791361841.5476158,69.51003638995262,0.04925246112391175,0.04637791391855595,0.04992266929257867,20.38,1008.305
1791361872.874025,69.51003638995262,0.049329663289558956,0.046426378168680144,0.0496782070295887,20.4,1008.303
1791361904.2154784,69.51003638995262,0.049381265999224565,0.04649926475867899,0.04973020153860809,20.43,1008.309
1791361935.564056,69.51003638995262,0.04973020153860809,0.046596803622139304,0.04973020153860809,20.44,1008.297
1791361966.9124305,69.51003638995262,0.04956272880007983,0.046621252309591535,0.050184606516473454,20.44,1008.289
1791361998.2580252,69.51003638995262,0.04956272880007983,0.046436294669104185,0.049745530173285125,20.43,1008.279
1791362029.61562,69.51003638995262,0.049407307738957004,0.04637946807135758,0.05006206111981624,20.46,1008.268
1791362060.9591055,69.51003638995262,0.049617786480998745,0.04633007309041771,0.05027532915911495,20.4,1008.258
1791362092.303473,69.51003638995262,0.049644222483019626,0.046485566507480425,0.050168468487883075,20.4,1008.268
1791362123.6470037,69.51003638995262,0.049524600980410755,0.046240247408163064,0.049850594804435794,20.42,1008.249
1791362154.97849,69.51003638995262,0.04934222850823998,0.046394681565464994,0.049667021872323434,20.42,1008.245
1791362186.316897,69.51003638995262,0.049290368531089986,0.04667022673264269,0.04993927252655717,20.43,1008.242
1791362217.652924,69.51003638995262,0.049588760984197344,0.046621252309591535,0.049886840148280154,20.4,1008.237
1791362249.0109518,69.51003638995262,0.049808397693561206,0.04649926475867899,0.050105737189852756,20.39,1008.234
1791362280.3515499,69.51003638995262,0.049329663289558956,0.046450648296929624,0.0496782070295887,20.38,1008.249
1791362311.694947,69.51003638995262,0.04970419068651139,0.04647494381364312,0.05002711537379822,20.4,1008.243
1791362343.036595,69.51003638995262,0.04945887280871022,0.04664572666627689,0.049808397693561206,20.39,1008.246
1791362374.3878765,69.51003638995262,0.04983451775442143,0.04652361117197905,0.050158289167649646,20.38,1008.218
1791362405.7304106,69.51003638995262,0.04975623962859591,0.04647494381364312,0.04975623962859591,20.38,1008.229
1791362437.0750315,69.51003638995262,0.04975623962859591,0.04612789242366372,0.04978230499928148,20.4,1008.251
1791362468.4214659,69.51003638995262,0.04979800707216266,0.04641169789800505,0.05009723304676245,20.42,1008.232
1791362499.7548988,69.51003638995262,0.04970832657772417,0.04633007309041771,0.05003552976858617,20.42,1008.218
1791362531.1083617,69.51003638995262,0.049473430518115154,0.0464537583440119,0.04977682616917006,20.43,1008.224
1791362562.4550104,69.51003638995262,0.05014182426154483,0.046788294215520075,0.05014182426154483,20.4,1008.209
1791362593.800545,69.51003638995262,0.04957695527738625,0.04626466274016039,0.04990329372160282,20.42,1008.233
1791362625.146953,69.51003638995262,0.049472357141244774,0.04654150776298378,0.049824287062190914,20.4,1008.201
1791362656.488437,69.51003638995262,0.05001812807455697,0.046793114131297775,0.05001812807455697,20.4,1008.209
1791362687.8199687,69.51003638995262,0.04953672393340401,0.04667022673264269,0.04986066522493873,20.38,1008.202
1791362719.1813216,69.51003638995262,0.049886840148280154,0.04654798309356881,0.05021095149648048,20.4,1008.197
1791362750.4989262,69.51003638995262,0.049808397693561206,0.046572380563557704,0.05013199940656156,20.38,1008.19
1791362781.847434,69.51003638995262,0.04970419068651139,0.046426378168680144,0.05002711537379822,20.38,1008.191
1791362813.1859074,69.51003638995262,0.04973020153860809,0.04647494381364312,0.050053295216601,20.39,1008.191
1791362844.5355484,69.51003638995262,0.049407107860615175,0.04684687401764073,0.050079502474257596,20.36,1008.182
1791362875.8769302,69.51003638995262,0.04973020153860809,0.04676848490683669,0.050079502474257596,20.36,1008.182
1791362907.2292442,69.51003638995262,0.049524600980410755,0.046460917525090455,0.04987693034288089,20.36,1008.174
1791362938.5849605,69.51003638995262,0.04984039595530841,0.046713983913203576,0.050115208321418483,20.36,1008.172
1791362969.9282918,69.51003638995262,0.049550764299789676,0.046240247408163064,0.049850594804435794,20.36,1008.18
1791363001.2728555,69.51003638995262,0.04961482052882358,0.04664572666627689,0.04993927252655717,20.39,1008.175
1791363032.6144888,69.51003638995262,0.04951074634119322,0.04652361117197905,0.04983451775442143,20.42,1008.178
1791363063.9648714,69.51003638995262,0.0493554511563228,0.0468223584366719,0.05000096290285461,20.43,1008.17
1791363095.3042393,69.51003638995262,0.049381265999224565,0.046176171080686085,0.0496782070295887,20.42,1008.169
1791363126.6523001,69.51003638995262,0.04943297678293422,0.04654798309356881,0.04978230499928148,20.47,1008.171
1791363157.9962666,69.51003638995262,0.04953672393340401,0.046297311018056814,0.04986066522493873,20.49,1008.172
1791363189.3337,69.51003638995262,0.049588760984197344,0.04627303220891109,0.04986066522493873,20.49,1008.173
1791363220.6803617,69.51003638995262,0.04970419068651139,0.046450648296929624,0.05002711537379822,20.43,1008.174
1791363252.0267599,69.51003638995262,0.04973020153860809,0.04637791391855595,0.050053295216601,20.42,1008.184
1791363283.376304,69.51003638995262,0.04953672393340401,0.046297311018056814,0.049886840148280154,20.43,1008.196
1791363314.6658094,69.51003638995262,0.049524600980410755,0.046460917525090455,0.04990329372160282,20.44,1008.217
1791363346.0152936,69.51003638995262,0.04943351987430141,0.04655967062956179,0.04978748407927851,20.44,1008.231
1791363377.355668,69.51003638995262,0.04976107024839263,0.04659065656418543,0.050088620622483856,20.47,1008.252
1791363408.7042243,69.51003638995262,0.049524600980410755,0.046394681565464994,0.049850594804435794,20.47,1008.27
1791363440.0478451,69.51003638995262,0.04939419772741655,0.046793114131297775,0.05007083693588165,20.47,1008.283
1791363471.3873181,69.51003638995262,0.049667021872323434,0.046492462547319896,0.05001812807455697,20.46,1008.291
1791363502.735667,69.51003638995262,0.049771754790460185,0.04676848490683669,0.05009723304676245,20.44,1008.305
1791363534.070316,69.51003638995262,0.04993927252655717,0.046621252309591535,0.050263724524290766,20.4,1008.314
1791363565.4106188,69.51003638995262,0.04945887280871022,0.04652361117197905,0.049808397693561206,20.4,1008.324
1791363596.7571568,69.51003638995262,0.0496782070295887,0.04647494381364312,0.04970419068651139,20.39,1008.332
1791363628.095909,69.51003638995262,0.049808397693561206,0.04652361117197905,0.050158289167649646,20.4,1008.329
1791363659.4412053,69.51003638995262,0.04970419068651139,0.04649926475867899,0.050053295216601,20.4,1008.337
1791363690.790813,69.51003638995262,0.049381265999224565,0.046402133389119596,0.04970419068651139,20.43,1008.336
1791363722.1222332,69.51003638995262,0.049745530173285125,0.04661526991196878,0.04979800707216266,20.44,1008.327
1791363753.46883,69.51003638995262,0.049354966773867526,0.04625617757894866,0.04978748407927851,20.43,1008.332
1791363784.8222523,69.51003638995262,0.049236577287480605,0.04651024165787879,0.049866894089999086,20.46,1008.332
1791363816.149554,69.51003638995262,0.04957695527738625,0.046516972227437524,0.04987693034288089,20.44,1008.32
1791363847.4970832,69.51003638995262,0.04961482052882358,0.046621252309591535,0.04991304256770342,20.42,1008.317
1791363878.8407104,69.51003638995262,0.04951074634119322,0.046596803622139304,0.04986066522493873,20.43,1008.32
1791363910.1832504,69.51003638995262,0.049808397693561206,0.046596803622139304,0.049808397693561206,20.42,1008.327
1791363941.527598,69.51003638995262,0.04951074634119322,0.046621252309591535,0.04983451775442143,20.46,1008.321
1791363972.8671267,69.51003638995262,0.04956272880007983,0.04627303220891109,0.049886840148280154,20.46,1008.326
1791364004.2046657,69.51003638995262,0.04978230499928148,0.04654798309356881,0.050105737189852756,20.42,1008.338
1791364035.5542598,69.51003638995262,0.04978230499928148,0.046596803622139304,0.05013199940656156,20.42,1008.357
1791364066.9045396,69.51003638995262,0.04945887280871022,0.04689598227655805,0.04986066522493873,20.4,1008.369
1791364098.2513034,69.51003638995262,0.049808397693561206,0.04679786850092995,0.05013199940656156,20.4,1008.374
1791364129.593658,69.51003638995262,0.04987693034288089,0.046289103868877565,0.05022963216581938,20.42,1008.372
1791364160.9400423,69.51003638995262,0.04960317395708146,0.046639909279437175,0.04990329372160282,20.43,1008.376
1791364192.2806919,69.51003638995262,0.04965569459875634,0.046485566507480425,0.0500090265240592,20.4,1008.384
1791364223.6111732,69.51003638995262,0.049302736589048365,0.04689189098162268,0.05028278797045075,20.39,1008.385
1791364254.9576926,69.51003638995262,0.049640907477116136,0.04664572666627689,0.04999181523640689,20.36,1008.382
1791364286.3002532,69.51003638995262,0.049808397693561206,0.04652361117197905,0.05013199940656156,20.35,1008.377
1791364317.6376882,69.51003638995262,0.04943297678293422,0.04654798309356881,0.04978230499928148,20.35,1008.378
1791364348.991228,69.51003638995262,0.04943297678293422,0.04652361117197905,0.04978230499928148,20.39,1008.375
1791364380.3336546,69.51003638995262,0.04948479598056085,0.04654798309356881,0.049808397693561206,20.42,1008.376
1791364411.714342,69.51003638995262,0.04886320351473679,0.04632161531807657,0.050184606516473454,20.44,1008.373
1791364443.0546753,69.51003638995262,0.04986066522493873,0.04652361117197905,0.050184606516473454,20.44,1008.376
1791364474.3941712,69.51003638995262,0.04970419068651139,0.04647494381364312,0.050079502474257596,20.43,1008.371
1791364505.745555,69.51003638995262,0.04965225052521216,0.046450648296929624,0.0496782070295887,20.43,1008.361
1791364537.0861616,69.51003638995262,0.04973020153860809,0.04649926475867899,0.05040276531991929,20.43,1008.357
1791364568.4367313,69.51003638995262,0.04945887280871022,0.04672455216329194,0.050079502474257596,20.44,1008.353
1791364599.796178,69.51003638995262,0.049667021872323434,0.046387127170364376,0.05009723304676245,20.43,1008.358
1791364631.1416438,69.51003638995262,0.049354966773867526,0.04620704472310902,0.0500090265240592,20.42,1008.36
1791364662.4801762,69.51003638995262,0.04965569459875634,0.046460917525090455,0.0500090265240592,20.4,1008.361
1791364693.8235679,69.51003638995262,0.04960317395708146,0.046516972227437524,0.04990329372160282,20.39,1008.357
1791364725.1710863,69.51003638995262,0.04939419772741655,0.04634594514913662,0.04969316375778494,20.42,1008.357
1791364756.5185742,69.51003638995262,0.04953672393340401,0.046297311018056814,0.04986066522493873,20.42,1008.359
1791364787.8561418,69.51003638995262,0.04916119426756051,0.04624877885055735,0.04951074634119322,20.44,1008.358
1791364819.2075872,69.51003638995262,0.04956272880007983,0.04664572666627689,0.049886840148280154,20.43,1008.361
1791364850.5450473,69.51003638995262,0.04945887280871022,0.04647494381364312,0.050079502474257596,20.42,1008.362
1791364881.875638,69.51003638995262,0.04943297678293422,0.04654798309356881,0.04978230499928148,20.42,1008.368
1791364913.2190783,69.51003638995262,0.04943297678293422,0.04647494381364312,0.050105737189852756,20.42,1008.381
1791364944.5587504,69.51003638995262,0.049381265999224565,0.04649926475867899,0.050053295216601,20.42,1008.381
1791364975.908163,69.51003638995262,0.049329663289558956,0.04647494381364312,0.049974837760865365,20.44,1008.382
1791365007.2565947,69.51003638995262,0.04983451775442143,0.04656606919489287,0.05021095149648048,20.44,1008.392
1791365038.5972426,69.51003638995262,0.049550764299789676,0.046689266238642016,0.049850594804435794,20.43,1008.394
1791365069.9465973,69.51003638995262,0.049629420382849156,0.04654150776298378,0.0500090265240592,20.39,1008.399
1791365101.2751417,69.51003638995262,0.04949846527546111,0.046492462547319896,0.04979800707216266,20.4,1008.412
1791365132.5676327,69.51003638995262,0.04969316375778494,0.046516972227437524,0.0497193331769314,20.43,1008.431
1791365163.9120853,69.51003638995262,0.04949846527546111,0.04626466274016039,0.04979800707216266,20.44,1008.43
1791365195.242579,69.51003638995262,0.04944627653415792,0.046394681565464994,0.049745530173285125,20.42,1008.424
1791365226.5701303,69.51003638995262,0.04961482052882358,0.04654798309356881,0.05023732415120949,20.42,1008.44
1791365257.920576,69.51003638995262,0.04945887280871022,0.04649926475867899,0.05042916938042402,20.4,1008.437
1791365289.2590432,69.51003638995262,0.04943297678293422,0.046200348326317364,0.050105737189852756,20.4,1008.435
1791365320.5926523,69.51003638995262,0.04951074634119322,0.046572380563557704,0.04983451775442143,20.42,1008.458
1791365351.935146,69.51003638995262,0.04951074634119322,0.046572380563557704,0.04986066522493873,20.43,1008.448
1791365383.2836125,69.51003638995262,0.0492386174518795,0.046572380563557704,0.049886840148280154,20.44,1008.465
1791365414.6192281,69.51003638995262,0.049808397693561206,0.04649926475867899,0.04983451775442143,20.44,1008.459
1791365445.9685202,69.51003638995262,0.049407107860615175,0.046176171080686085,0.04973020153860809,20.44,1008.461
1791365477.3160458,69.51003638995262,0.049290368531089986,0.04651024165787879,0.049745530173285125,20.47,1008.477
1791365508.6666174,69.51003638995262,0.04965569459875634,0.04628078321065764,0.05003552976858617,20.46,1008.466
1791365540.0040548,69.51003638995262,0.049750248790991394,0.04628078321065764,0.049750248790991394,20.47,1008.472
1791365571.3475394,69.51003638995262,0.04938112338686217,0.046639909279437175,0.04970832657772417,20.46,1008.474
1791365602.690955,69.51003638995262,0.049850594804435794,0.04626466274016039,0.049850594804435794,20.47,1008.478
1791365634.030569,69.51003638995262,0.04944627653415792,0.046492462547319896,0.049771754790460185,20.49,1008.465
1791365665.3840103,69.51003638995262,0.04936819944101291,0.046394681565464994,0.04999181523640689,20.5,1008.481
1791365696.7083972,69.51003638995262,0.04961482052882358,0.04634594514913662,0.04993927252655717,20.5,1008.485
1791365728.0559623,69.51003638995262,0.04944627653415792,0.04656606919489287,0.04979800707216266,20.52,1008.47
1791365759.3826046,69.51003638995262,0.04944627653415792,0.046516972227437524,0.049472357141244774,20.52,1008.461
1791365790.7239914,69.51003638995262,0.0497193331769314,0.046394681565464994,0.05001812807455697,20.52,1008.465
1791365822.0714874,69.51003638995262,0.04931628488595102,0.04644352059006466,0.049640907477116136,20.53,1008.476
1791365853.418897,69.51003638995262,0.04969316375778494,0.046719304156630115,0.05001812807455697,20.52,1008.477
1791365884.7643385,69.51003638995262,0.04981392596667518,0.046460917525090455,0.050168468487883075,20.5,1008.472
1791365916.109918,69.51003638995262,0.04945975983713854,0.04635475742224123,0.05014182426154483,20.49,1008.481
1791365947.4405003,69.51003638995262,0.04948602767180553,0.046387127170364376,0.050088620622483856,20.43,1008.476
1791365978.784878,69.51003638995262,0.049550764299789676,0.04626466274016039,0.049850594804435794,20.42,1008.473
1791366010.1235259,69.51003638995262,0.04936819944101291,0.04656606919489287,0.050044468626446244,20.46,1008.455
1791366041.4669704,69.51003638995262,0.049472357141244774,0.046516972227437524,0.04979800707216266,20.46,1008.433
1791366072.8103626,69.51003638995262,0.049824287062190914,0.046817769309916414,0.05015010884892072,20.49,1008.443
1791366104.152857,69.51003638995262,0.04969316375778494,0.04664572666627689,0.05001812807455697,20.49,1008.427
1791366135.4813972,69.51003638995262,0.04956272880007983,0.04627303220891109,0.050184606516473454,20.47,1008.42
1791366166.82789,69.51003638995262,0.04948479598056085,0.046572380563557704,0.049808397693561206,20.47,1008.416
1791366198.1765459,69.51003638995262,0.0492386174518795,0.04634594514913662,0.04991304256770342,20.47,1008.41
1791366229.521824,69.51003638995262,0.04986066522493873,0.04624877885055735,0.04986066522493873,20.47,1008.412
1791366260.8623078,69.51003638995262,0.049135440618138945,0.046176171080686085,0.04978230499928148,20.47,1008.405
1791366292.1917946,69.51003638995262,0.049407107860615175,0.04664572666627689,0.049808397693561206,20.47,1008.404
1791366323.5442588,69.51003638995262,0.04945975983713854,0.046460917525090455,0.04981392596667518,20.49,1008.406
1791366354.899742,69.51003638995262,0.04948602767180553,0.0464537583440119,0.04994655782005685,20.46,1008.402
1791366386.2313738,69.51003638995262,0.049750248790991394,0.0465844245344987,0.050053172907489146,20.47,1008.407
1791366417.5770113,69.51003638995262,0.04973468442938662,0.04633806368018207,0.05003552976858617,20.44,1008.404
1791366448.9194393,69.51003638995262,0.04960317395708146,0.04626466274016039,0.0499296849847714,20.46,1008.401
1791366480.2648897,69.51003638995262,0.049771754790460185,0.046492462547319896,0.05012365700308055,20.47,1008.395
1791366511.603463,69.51003638995262,0.04949846527546111,0.04659065656418543,0.049850594804435794,20.5,1008.384
1791366542.959701,69.51003638995262,0.049745530173285125,0.04644352059006466,0.049771754790460185,20.52,1008.376
1791366574.2873724,69.51003638995262,0.049667021872323434,0.04669475254922124,0.04999181523640689,20.5,1008.364
1791366605.6329033,69.51003638995262,0.049640907477116136,0.04646797868178292,0.04999181523640689,20.47,1008.371
1791366636.9761999,69.51003638995262,0.049745530173285125,0.04611855627329263,0.05007083693588165,20.53,1008.361
1791366668.3207722,69.51003638995262,0.049667021872323434,0.046419088231488895,0.04969316375778494,20.52,1008.352
1791366699.6601608,69.51003638995262,0.05029015265944637,0.046719304156630115,0.05029015265944637,20.49,1008.341
1791366731.0097585,69.51003638995262,0.04957695527738625,0.046713983913203576,0.049982551341595544,20.44,1008.329
1791366762.351236,69.51003638995262,0.04945975983713854,0.04651024165787879,0.05003552976858617,20.43,1008.307
1791366793.6837351,69.51003638995262,0.04945975983713854,0.046485566507480425,0.04984039595530841,20.43,1008.292
1791366825.0133085,69.51003638995262,0.04965569459875634,0.04633806368018207,0.049982551341595544,20.44,1008.287
1791366856.3597631,69.51003638995262,0.049472357141244774,0.04654150776298378,0.05009723304676245,20.46,1008.275
1791366887.7012355,69.51003638995262,0.04979800707216266,0.04646797868178292,0.05009723304676245,20.44,1008.266
1791366918.9977438,69.51003638995262,0.04961482052882358,0.04637030055148764,0.049667021872323434,20.46,1008.269
1791366950.3432987,69.51003638995262,0.04986066522493873,0.046621252309591535,0.049886840148280154,20.47,1008.269
1791366981.6888618,69.51003638995262,0.04991304256770342,0.04627303220891109,0.05021095149648048,20.46,1008.269
1791367013.024273,69.51003638995262,0.04948479598056085,0.046596803622139304,0.04986066522493873,20.44,1008.268
1791367044.3635943,69.51003638995262,0.04953672393340401,0.046596803622139304,0.05021095149648048,20.44,1008.279
1791367075.6961405,69.51003638995262,0.04975623962859591,0.04637030055148764,0.050079502474257596,20.4,1008.277
1791367107.036697,69.51003638995262,0.04944627653415792,0.04661526991196878,0.05009723304676245,20.44,1008.277
1791367138.3661723,69.51003638995262,0.04956499885157205,0.0464537583440119,0.04997316898909747,20.46,1008.272
1791367169.7086835,69.51003638995262,0.04969717908668717,0.04655967062956179,0.050302115495175305,20.46,1008.268
1791367201.0471306,69.51003638995262,0.04973468442938662,0.046664574707872004,0.05006206111981624,20.47,1008.263
1791367232.389696,69.51003638995262,0.049850594804435794,0.04654150776298378,0.05015010884892072,20.49,1008.255
1791367263.7202048,69.51003638995262,0.049524600980410755,0.04661526991196878,0.05012365700308055,20.46,1008.249
1791367295.076697,69.51003638995262,0.049771754790460185,0.04646797868178292,0.05007083693588165,20.44,1008.247
1791367326.4081726,69.51003638995262,0.04939419772741655,0.046492462547319896,0.050044468626446244,20.46,1008.233
1791367357.749677,69.51003638995262,0.04949846527546111,0.04656606919489287,0.04987693034288089,20.49,1008.227
1791367389.1002097,69.51003638995262,0.04979800707216266,0.04607005897429988,0.05009723304676245,20.49,1008.216
1791367420.4486122,69.51003638995262,0.04969316375778494,0.046419088231488895,0.050044468626446244,20.49,1008.206
1791367451.8041449,69.51003638995262,0.04936819944101291,0.046394681565464994,0.04999181523640689,20.5,1008.194
1791367483.1515896,69.51003638995262,0.04926447940069127,0.04669475254922124,0.04961482052882358,20.52,1008.188
1791367514.4912028,69.51003638995262,0.04956272880007983,0.04627303220891109,0.049886840148280154,20.49,1008.184
1791367545.8355694,69.51003638995262,0.04944627653415792,0.046689266238642016,0.05012365700308055,20.5,1008.187
1791367577.1861684,69.51003638995262,0.04967068666988307,0.046683703928319074,0.05002647648736823,20.47,1008.178
1791367608.5205922,69.51003638995262,0.04945975983713854,0.046485566507480425,0.050115208321418483,20.47,1008.181
1791367639.8701687,69.51003638995262,0.04965569459875634,0.04659065656418543,0.04995610417664995,20.44,1008.175
1791367671.2195296,69.51003638995262,0.0494202234106886,0.04659065656418543,0.05015010884892072,20.43,1008.179
1791367702.5661876,69.51003638995262,0.049771754790460185,0.046516972227437524,0.05007083693588165,20.43,1008.178
1791367733.9055116,69.51003638995262,0.049472357141244774,0.046215857832065894,0.04979800707216266,20.43,1008.186
1791367765.2489443,69.51003638995262,0.049771754790460185,0.046492462547319896,0.05012365700308055,20.44,1008.198
1791367796.6006951,69.51003638995262,0.04931628488595102,0.046297311018056814,0.04996553006828126,20.43,1008.202
1791367827.9560754,69.51003638995262,0.04961482052882358,0.046394681565464994,0.04999181523640689,20.44,1008.206
1791367859.3044298,69.51003638995262,0.04956272880007983,0.046621252309591535,0.04986066522493873,20.42,1008.205
1791367890.6311905,69.51003638995262,0.04953672393340401,0.04632161531807657,0.049886840148280154,20.44,1008.193
1791367921.9585276,69.51003638995262,0.049588760984197344,0.046419088231488895,0.04996553006828126,20.43,1008.19
1791367953.293016,69.51003638995262,0.049667021872323434,0.046516972227437524,0.04969316375778494,20.43,1008.176
1791367984.603816,69.51003638995262,0.04957695527738625,0.046289103868877565,0.04987693034288089,20.4,1008.155
1791368015.9290426,69.51003638995262,0.049354966773867526,0.04633806368018207,0.05003552976858617,20.42,1008.138
1791368047.2644668,69.51003638995262,0.050115208321418483,0.04641169789800505,0.05014182426154483,20.43,1008.124
1791368078.60998,69.51003638995262,0.04957695527738625,0.04626466274016039,0.04987693034288089,20.4,1008.113
1791368109.957482,69.51003638995262,0.049524600980410755,0.04686715769390167,0.049850594804435794,20.46,1008.109
1791368141.2960372,69.51003638995262,0.049745530173285125,0.04644352059006466,0.050044468626446244,20.44,1008.093
1791368172.645613,69.51003638995262,0.04936819944101291,0.046793114131297775,0.05001812807455697,20.43,1008.082
1791368203.9829977,69.51003638995262,0.05001812807455697,0.046419088231488895,0.050044468626446244,20.42,1008.067
1791368235.3234537,69.51003638995262,0.049588760984197344,0.04644352059006466,0.04991304256770342,20.43,1008.06
1791368266.6770566,69.51003638995262,0.049640907477116136,0.04676848490683669,0.04996553006828126,20.42,1008.05
1791368298.0254407,69.51003638995262,0.049640907477116136,0.04664572666627689,0.04993927252655717,20.4,1008.038
1791368329.366936,69.51003638995262,0.04956272880007983,0.04624877885055735,0.049886840148280154,20.43,1008.03
1791368360.6934316,69.51003638995262,0.04953672393340401,0.04627303220891109,0.04991304256770342,20.42,1008.027
1791368392.0360062,69.51003638995262,0.04956272880007983,0.04644352059006466,0.04999181523640689,20.44,1008.029
1791368423.383394,69.51003638995262,0.04968199664896336,0.046436294669104185,0.0500090265240592,20.44,1008.036
1791368454.7338638,69.51003638995262,0.049617786480998745,0.046609204774749086,0.04999980852973562,20.46,1008.042
1791368486.074639,69.51003638995262,0.04968199664896336,0.04641169789800505,0.05003552976858617,20.46,1008.05
1791368517.407049,69.51003638995262,0.04990329372160282,0.04656606919489287,0.05025619601246134,20.47,1008.049
1791368548.7594097,69.51003638995262,0.049745530173285125,0.046419088231488895,0.05009723304676245,20.47,1008.05
1791368580.1160257,69.51003638995262,0.04961482052882358,0.046621252309591535,0.04999181523640689,20.44,1008.051
1791368611.443478,69.51003638995262,0.04953672393340401,0.04632161531807657,0.04986066522493873,20.46,1008.049
1791368642.7638512,69.51003638995262,0.04961482052882358,0.04634594514913662,0.04993927252655717,20.46,1008.043
1791368674.1093974,69.51003638995262,0.04934222850823998,0.046394681565464994,0.04999181523640689,20.46,1008.031
1791368705.4281392,69.51003638995262,0.04961482052882358,0.04667022673264269,0.05023732415120949,20.44,1008.02
1791368736.737384,69.51003638995262,0.04991304256770342,0.04664572666627689,0.05023732415120949,20.44,1008.004
1791368768.0879507,69.51003638995262,0.04986066522493873,0.04646797868178292,0.050105737189852756,20.43,1007.995
1791368799.433434,69.51003638995262,0.049550764299789676,0.046862841312848326,0.04990329372160282,20.4,1007.976
1791368830.773955,69.51003638995262,0.049591378618818335,0.04633007309041771,0.05027532915911495,20.4,1007.97
1791368862.1213448,69.51003638995262,0.049866894089999086,0.04625617757894866,0.050195141045549126,20.4,1007.965
1791368893.465893,69.51003638995262,0.04968199664896336,0.046492462547319896,0.04995610417664995,20.4,1007.956
1791368924.8053458,69.51003638995262,0.050044468626446244,0.046516972227437524,0.05042271130306472,20.42,1007.953
1791368956.1548505,69.51003638995262,0.049745530173285125,0.04676848490683669,0.05036960407596109,20.4,1007.944
1791368987.501315,69.51003638995262,0.049667021872323434,0.04646797868178292,0.04999181523640689,20.39,1007.941
1791369018.8458745,69.51003638995262,0.04944627653415792,0.04646797868178292,0.05007083693588165,20.42,1007.938
1791369050.1753805,69.51003638995262,0.0494202234106886,0.046419088231488895,0.05036960407596109,20.42,1007.942
1791369081.5229573,69.51003638995262,0.049588760984197344,0.04634594514913662,0.04991304256770342,20.4,1007.94
1791369112.862367,69.51003638995262,0.049667021872323434,0.046419088231488895,0.04999181523640689,20.44,1007.942
1791369144.2130773,69.51003638995262,0.04999181523640689,0.046419088231488895,0.050316608600490344,20.43,1007.941
1791369175.56049,69.51003638995262,0.04961482052882358,0.04644352059006466,0.04996553006828126,20.43,1007.94
1791369206.9029346,69.51003638995262,0.049524600980410755,0.046387127170364376,0.0499296849847714,20.43,1007.929
1791369238.2344673,69.51003638995262,0.04948602767180553,0.046609204774749086,0.04984039595530841,20.47,1007.924
1791369269.5600774,69.51003638995262,0.049407307738957004,0.04641169789800505,0.04973468442938662,20.47,1007.911
1791369300.9024155,69.51003638995262,0.04976107024839263,0.04636258244484122,0.050088620622483856,20.49,1007.892
1791369332.2458935,69.51003638995262,0.049629420382849156,0.04633806368018207,0.0499296849847714,20.5,1007.876
1791369363.592391,69.51003638995262,0.04944627653415792,0.046492462547319896,0.05012365700308055,20.49,1007.857
1791369394.9408069,69.51003638995262,0.04944627653415792,0.046492462547319896,0.05009723304676245,20.5,1007.844
1791369426.2893643,69.51003638995262,0.04949846527546111,0.046240247408163064,0.049850594804435794,20.47,1007.832
1791369457.63196,69.51003638995262,0.049771754790460185,0.04616715578472337,0.049771754790460185,20.5,1007.813
1791369488.9793408,69.51003638995262,0.049472357141244774,0.046240247408163064,0.049850594804435794,20.49,1007.803
1791369520.3177953,69.51003638995262,0.0494202234106886,0.04644352059006466,0.05007083693588165,20.5,1007.788
1791369551.6623964,69.51003638995262,0.04926447940069127,0.04669475254922124,0.04991304256770342,20.53,1007.778
1791369583.0089328,69.51003638995262,0.04934222850823998,0.046793114131297775,0.05001812807455697,20.53,1007.771
1791369614.3632698,69.51003638995262,0.04936819944101291,0.04654150776298378,0.04996553006828126,20.52,1007.762
1791369645.6997542,69.51003638995262,0.04953864713444905,0.04637946807135758,0.04994655782005685,20.54,1007.753
1791369677.0474007,69.51003638995262,0.049367881686006115,0.04642896848999809,0.05002647648736823,20.53,1007.738
1791369708.379713,69.51003638995262,0.04972369977862632,0.04633007309041771,0.04969717908668717,20.53,1007.73
1791369739.720336,69.51003638995262,0.04951232342273375,0.046534943017978676,0.04984039595530841,20.54,1007.717
1791369771.0497465,69.51003638995262,0.049629420382849156,0.04661526991196878,0.05022963216581938,20.52,1007.711
1791369802.3953314,69.51003638995262,0.04949846527546111,0.04646797868178292,0.049824287062190914,20.52,1007.705
1791369833.738807,69.51003638995262,0.04939419772741655,0.046492462547319896,0.05007083693588165,20.5,1007.7
1791369865.085277,69.51003638995262,0.04969316375778494,0.04676848490683669,0.05001812807455697,20.52,1007.695
1791369896.4176502,69.51003638995262,0.0497193331769314,0.046142843232268076,0.049745530173285125,20.53,1007.693
1791369927.7601922,69.51003638995262,0.05001812807455697,0.04674388159557235,0.050343092391328996,20.52,1007.691
1791369959.0818858,69.51003638995262,0.04956272880007983,0.04667022673264269,0.04991304256770342,20.49,1007.687
1791369990.4302359,69.51003638995262,0.049886840148280154,0.04634594514913662,0.04991304256770342,20.5,1007.678
1791370021.7748058,69.51003638995262,0.049667021872323434,0.046419088231488895,0.04999181523640689,20.52,1007.672
1791370053.1271763,69.51003638995262,0.04961482052882358,0.04667022673264269,0.04999181523640689,20.53,1007.669
1791370084.4737968,69.51003638995262,0.049808397693561206,0.04661526991196878,0.05023732415120949,20.52,1007.664
1791370115.8302672,69.51003638995262,0.04968199664896336,0.0465844245344987,0.04984039595530841,20.47,1007.66
1791370147.2156787,69.51003638995262,0.05002647648736823,0.04665884442947581,0.050053172907489146,20.47,1007.66
1791370178.5613015,69.51003638995262,0.04972369977862632,0.04665884442947581,0.050053172907489146,20.46,1007.656
1791370209.9076183,69.51003638995262,0.04989342041566349,0.046639909279437175,0.05046972255641448,20.46,1007.657
1791370241.2541492,69.51003638995262,0.049472357141244774,0.04654150776298378,0.049824287062190914,20.46,1007.651
1791370272.6058388,69.51003638995262,0.049745530173285125,0.046419088231488895,0.05009723304676245,20.43,1007.638
1791370303.9490821,69.51003638995262,0.04961482052882358,0.04619149397113526,0.05023732415120949,20.42,1007.632
1791370335.273619,69.51003638995262,0.04949846527546111,0.046492462547319896,0.049824287062190914,20.42,1007.629
1791370366.631408,69.51003638995262,0.04969316375778494,0.04674388159557235,0.050044468626446244,20.4,1007.61
1791370397.9806314,69.51003638995262,0.049290368531089986,0.04637030055148764,0.04993927252655717,20.39,1007.592
1791370429.3262553,69.51003638995262,0.04961482052882358,0.046394681565464994,0.04993927252655717,20.43,1007.576
1791370460.675711,69.51003638995262,0.04936819944101291,0.046492462547319896,0.05001812807455697,20.46,1007.56
1791370492.018226,69.51003638995262,0.0497193331769314,0.046621252309591535,0.05001812807455697,20.44,1007.531
1791370523.309604,69.51003638995262,0.049407107860615175,0.046289103868877565,0.04983451775442143,20.46,1007.516
1791370554.6621883,69.51003638995262,0.049644222483019626,0.046783407388709855,0.05002647648736823,20.5,1007.495
1791370586.0057447,69.51003638995262,0.049367881686006115,0.04663401139236194,0.050053172907489146,20.46,1007.471
1791370617.3450983,69.51003638995262,0.04973468442938662,0.046387127170364376,0.05003552976858617,20.5,1007.453
1791370648.694591,69.51003638995262,0.04987693034288089,0.04633806368018207,0.04990329372160282,20.49,1007.44
1791370680.0371282,69.51003638995262,0.04979800707216266,0.04631357083522061,0.049850594804435794,20.52,1007.425
1791370711.3886461,69.51003638995262,0.04949846527546111,0.046689266238642016,0.049850594804435794,20.49,1007.414
1791370742.7231002,69.51003638995262,0.04949846527546111,0.04646797868178292,0.049824287062190914,20.5,1007.414
1791370774.0788062,69.51003638995262,0.049771754790460185,0.04619149397113526,0.05009723304676245,20.49,1007.412
1791370805.424195,69.51003638995262,0.04979800707216266,0.04626466274016039,0.04979800707216266,20.49,1007.42
1791370836.7625818,69.51003638995262,0.04979800707216266,0.046817769309916414,0.049824287062190914,20.49,1007.426
1791370868.1122317,69.51003638995262,0.049667021872323434,0.046419088231488895,0.05001812807455697,20.47,1007.436
1791370899.4536192,69.51003638995262,0.04921278264186929,0.04641169789800505,0.04993927252655717,20.46,1007.449
1791370930.801132,69.51003638995262,0.04991997497731349,0.046683703928319074,0.050302115495175305,20.44,1007.457
1791370962.144671,69.51003638995262,0.04953864713444905,0.046231598096987125,0.049866894089999086,20.46,1007.464
1791370993.4902165,69.51003638995262,0.04953864713444905,0.04636258244484122,0.04984039595530841,20.49,1007.474
1791371024.819641,69.51003638995262,0.049850594804435794,0.04633806368018207,0.04987693034288089,20.47,1007.481
1791371056.1621792,69.51003638995262,0.049824287062190914,0.046639909279437175,0.05015010884892072,20.46,1007.498
1791371087.4886153,69.51003638995262,0.049629420382849156,0.04686715769390167,0.04995610417664995,20.44,1007.501
1791371118.8351362,69.51003638995262,0.04949846527546111,0.04689189098162268,0.05015010884892072,20.44,1007.508
1791371150.1696405,69.51003638995262,0.04979800707216266,0.04646797868178292,0.05009723304676245,20.43,1007.517
1791371181.5081427,69.51003638995262,0.0497193331769314,0.04637030055148764,0.050044468626446244,20.43,1007.523
1791371212.8556628,69.51003638995262,0.04969316375778494,0.046719304156630115,0.050316608600490344,20.46,1007.528
1791371244.1841254,69.51003638995262,0.04999181523640689,0.046719304156630115,0.050343092391328996,20.4,1007.533
1791371275.5226107,69.51003638995262,0.04991304256770342,0.04664572666627689,0.05023732415120949,20.4,1007.547
1791371306.8710353,69.51003638995262,0.049886840148280154,0.04659065656418543,0.05045560111956191,20.42,1007.553
1791371338.2187274,69.51003638995262,0.049629420382849156,0.04613354083466084,0.05028278797045075,20.43,1007.559
1791371369.5681934,69.51003638995262,0.049591378618818335,0.0464537583440119,0.04997316898909747,20.42,1007.56
1791371400.9096024,69.51003638995262,0.049591378618818335,0.04620704472310902,0.04994655782005685,20.44,1007.57
1791371432.2459462,69.51003638995262,0.04938112338686217,0.046639909279437175,0.0500090265240592,20.46,1007.571
1791371463.5845952,69.51003638995262,0.049824287062190914,0.046793114131297775,0.05012365700308055,20.46,1007.573
1791371494.9300964,69.51003638995262,0.049640907477116136,0.04637030055148764,0.04999181523640689,20.46,1007.584
1791371526.2724695,69.51003638995262,0.049640907477116136,0.04664572666627689,0.04996553006828126,20.46,1007.588
1791371557.6141613,69.51003638995262,0.049808397693561206,0.046572380563557704,0.05013199940656156,20.49,1007.589
1791371588.9664621,69.51003638995262,0.04961482052882358,0.04664572666627689,0.04996553006828126,20.5,1007.592
1791371620.2950792,69.51003638995262,0.049886840148280154,0.04669475254922124,0.04991304256770342,20.49,1007.593
1791371651.6426845,69.51003638995262,0.049588760984197344,0.04669475254922124,0.04996553006828126,20.49,1007.596
1791371682.9809458,69.51003638995262,0.04961482052882358,0.04637030055148764,0.04996553006828126,20.5,1007.593
1791371714.3304582,69.51003638995262,0.04961482052882358,0.04637030055148764,0.04996553006828126,20.5,1007.596
1791371745.6570518,69.51003638995262,0.049771754790460185,0.046639909279437175,0.05015010884892072,20.5,1007.598
1791371776.9995165,69.51003638995262,0.04970832657772417,0.046534943017978676,0.05006206111981624,20.47,1007.606
1791371808.3499322,69.51003638995262,0.04976107024839263,0.046460917525090455,0.050195141045549126,20.46,1007.612
1791371839.6964374,69.51003638995262,0.04968199664896336,0.046387127170364376,0.0500090265240592,20.47,1007.621
1791371871.0350518,69.51003638995262,0.04987693034288089,0.046516972227437524,0.050203096385972104,20.46,1007.619
1791371902.3825066,69.51003638995262,0.0497193331769314,0.046419088231488895,0.05001812807455697,20.5,1007.63
1791371933.724877,69.51003638995262,0.04961482052882358,0.04644352059006466,0.04996553006828126,20.5,1007.638
1791371965.0715017,69.51003638995262,0.04996553006828126,0.04669475254922124,0.04996553006828126,20.5,1007.646
1791371996.4119258,69.51003638995262,0.0497193331769314,0.046516972227437524,0.05009723304676245,20.5,1007.656
1791372027.76149,69.51003638995262,0.049745530173285125,0.04676848490683669,0.05042271130306472,20.47,1007.668
1791372059.0929873,69.51003638995262,0.049667021872323434,0.046492462547319896,0.05001812807455697,20.46,1007.684
1791372090.4225135,69.51003638995262,0.049640907477116136,0.046394681565464994,0.050263724524290766,20.44,1007.698
1791372121.7558208,69.51003638995262,0.04961482052882358,0.046719304156630115,0.04996553006828126,20.46,1007.714
1791372153.111542,69.51003638995262,0.04993927252655717,0.04664572666627689,0.05021095149648048,20.44,1007.722
1791372184.457939,69.51003638995262,0.04979800707216266,0.046639909279437175,0.05007083693588165,20.47,1007.733
1791372215.8015153,69.51003638995262,0.0500090265240592,0.04676349785996618,0.05030940808443474,20.46,1007.74
1791372247.149848,69.51003638995262,0.049629420382849156,0.046664574707872004,0.049982551341595544,20.49,1007.738
1791372278.4774547,69.51003638995262,0.049824287062190914,0.04631357083522061,0.05012365700308055,20.46,1007.738
1791372309.754879,69.51003638995262,0.04979800707216266,0.046793114131297775,0.05015010884892072,20.47,1007.735
1791372341.0853662,69.51003638995262,0.049667021872323434,0.046516972227437524,0.049745530173285125,20.44,1007.735
1791372372.4257944,69.51003638995262,0.04939419772741655,0.046492462547319896,0.049745530173285125,20.44,1007.739
1791372403.7614532,69.51003638995262,0.049771754790460185,0.04656606919489287,0.05009723304676245,20.5,1007.74
1791372435.1032038,69.51003638995262,0.049745530173285125,0.04637030055148764,0.05007083693588165,20.47,1007.739
1791372466.446471,69.51003638995262,0.04956272880007983,0.04646797868178292,0.04993927252655717,20.5,1007.734
1791372497.7949684,69.51003638995262,0.049640907477116136,0.04664572666627689,0.04996553006828126,20.49,1007.74
1791372529.1442986,69.51003638995262,0.04993927252655717,0.046394681565464994,0.04993927252655717,20.49,1007.746
1791372560.484743,69.51003638995262,0.04961482052882358,0.04654798309356881,0.04996553006828126,20.5,1007.748
1791372591.8282578,69.51003638995262,0.04979800707216266,0.046738727773100876,0.05015010884892072,20.52,1007.753
1791372623.176844,69.51003638995262,0.04978748407927851,0.046485566507480425,0.05014182426154483,20.5,1007.749
1791372654.4994147,69.51003638995262,0.04915812937693587,0.04625617757894866,0.04989342041566349,20.46,1007.74
1791372685.8509343,69.51003638995262,0.04967068666988307,0.04665884442947581,0.04997316898909747,20.47,1007.734
1791372717.1932123,69.51003638995262,0.04989342041566349,0.04651024165787879,0.05022184197975493,20.46,1007.734
1791372748.5278249,69.51003638995262,0.04957695527738625,0.04659065656418543,0.050203096385972104,20.44,1007.722
1791372779.8755038,69.51003638995262,0.049745530173285125,0.046492462547319896,0.049771754790460185,20.47,1007.712
1791372811.1968277,69.51003638995262,0.0494202234106886,0.046516972227437524,0.05009723304676245,20.49,1007.684
1791372842.5452878,69.51003638995262,0.04949846527546111,0.04661526991196878,0.05015010884892072,20.49,1007.67
1791372873.8917952,69.51003638995262,0.04990329372160282,0.04656606919489287,0.05017658862846083,20.49,1007.652
1791372905.2392406,69.51003638995262,0.049472357141244774,0.046492462547319896,0.05015010884892072,20.47,1007.635
1791372936.5968802,69.51003638995262,0.04969316375778494,0.04711824958081262,0.050044468626446244,20.47,1007.625
1791372967.9401722,69.51003638995262,0.0494202234106886,0.04646797868178292,0.04979800707216266,20.42,1007.619
1791372999.2716885,69.51003638995262,0.04939419772741655,0.046419088231488895,0.050044468626446244,20.42,1007.615
1791373030.6083114,69.51003638995262,0.0494202234106886,0.04655967062956179,0.04987693034288089,20.47,1007.621
1791373061.9608054,69.51003638995262,0.049617786480998745,0.04663401139236194,0.04991997497731349,20.49,1007.622
1791373093.2982647,69.51003638995262,0.049617786480998745,0.04620704472310902,0.04994655782005685,20.49,1007.62
1791373124.6512783,69.51003638995262,0.049105969500210185,0.046485566507480425,0.04978748407927851,20.49,1007.621
1791373155.99316,69.51003638995262,0.04925061683316969,0.046289103868877565,0.04987693034288089,20.53,1007.615
1791373187.343755,69.51003638995262,0.04960317395708146,0.046639909279437175,0.0499296849847714,20.52,1007.616
1791373218.6821826,69.51003638995262,0.049550764299789676,0.046516972227437524,0.050203096385972104,20.49,1007.613
1791373250.027608,69.51003638995262,0.0497193331769314,0.04644352059006466,0.050044468626446244,20.47,1007.607
1791373281.373127,69.51003638995262,0.04939419772741655,0.04656606919489287,0.050044468626446244,20.47,1007.604
1791373312.7046208,69.51003638995262,0.04939419772741655,0.046516972227437524,0.049745530173285125,20.49,1007.603
1791373344.0492046,69.51003638995262,0.049771754790460185,0.04654150776298378,0.05012365700308055,20.46,1007.594
1791373375.3976064,69.51003638995262,0.04944627653415792,0.04644352059006466,0.05007083693588165,20.46,1007.58
1791373406.74314,69.51003638995262,0.049667021872323434,0.046419088231488895,0.04999181523640689,20.49,1007.579
1791373438.0776308,69.51003638995262,0.04961482052882358,0.04632161531807657,0.04996553006828126,20.49,1007.575
1791373469.4271147,69.51003638995262,0.049550764299789676,0.046436294669104185,0.04990329372160282,20.52,1007.563
1791373500.7736304,69.51003638995262,0.049644222483019626,0.04642896848999809,0.04997316898909747,20.54,1007.555
1791373532.104886,69.51003638995262,0.0493942266497635,0.04635475742224123,0.050053172907489146,20.53,1007.547
1791373563.4496598,69.51003638995262,0.04951232342273375,0.04613354083466084,0.04984039595530841,20.5,1007.547
1791373594.7851348,69.51003638995262,0.04973468442938662,0.04631357083522061,0.05003552976858617,20.47,1007.539
1791373626.1236956,69.51003638995262,0.04925061683316969,0.04626466274016039,0.049850594804435794,20.5,1007.531
1791373657.4672484,69.51003638995262,0.0494202234106886,0.04646797868178292,0.0497193331769314,20.52,1007.518
1791373688.8085864,69.51003638995262,0.049472357141244774,0.046664574707872004,0.049824287062190914,20.54,1007.501
1791373720.1571016,69.51003638995262,0.04957695527738625,0.046664574707872004,0.04987693034288089,20.52,1007.493
1791373751.5004926,69.51003638995262,0.0499296849847714,0.04659065656418543,0.05025619601246134,20.53,1007.482
1791373782.848104,69.51003638995262,0.04934222850823998,0.04646797868178292,0.04993927252655717,20.49,1007.463
1791373814.1907098,69.51003638995262,0.049745530173285125,0.046516972227437524,0.050044468626446244,20.53,1007.442
1791373845.5271716,69.51003638995262,0.049771754790460185,0.04651024165787879,0.0499296849847714,20.5,1007.417
1791373876.8886786,69.51003638995262,0.04978748407927851,0.04628078321065764,0.050088620622483856,20.53,1007.407
1791373908.2419744,69.51003638995262,0.04948602767180553,0.046485566507480425,0.050115208321418483,20.52,1007.387
1791373939.5826712,69.51003638995262,0.04991997497731349,0.046534943017978676,0.04994655782005685,20.53,1007.373
1791373970.9142535,69.51003638995262,0.0500090265240592,0.046639909279437175,0.0500090265240592,20.49,1007.366
1791374002.267548,69.51003638995262,0.04960317395708146,0.046639909279437175,0.05022963216581938,20.47,1007.356
1791374033.613211,69.51003638995262,0.0499296849847714,0.046639909279437175,0.04995610417664995,20.46,1007.352
1791374064.9514987,69.51003638995262,0.04987693034288089,0.04686715769390167,0.05052926242906332,20.43,1007.348
1791374096.29802,69.51003638995262,0.049745530173285125,0.046516972227437524,0.05007083693588165,20.44,1007.346
1791374127.5736115,69.51003638995262,0.05015010884892072,0.046492462547319896,0.05047593063565053,20.42,1007.349
1791374158.9239924,69.51003638995262,0.049771754790460185,0.046419088231488895,0.05009723304676245,20.44,1007.334
1791374190.2676265,69.51003638995262,0.04969316375778494,0.046492462547319896,0.05007083693588165,20.43,1007.329
1791374221.6141567,69.51003638995262,0.0497193331769314,0.046492462547319896,0.050044468626446244,20.44,1007.311
1791374252.9624918,69.51003638995262,0.049745530173285125,0.04644352059006466,0.05009723304676245,20.44,1007.291
1791374284.2698047,69.51003638995262,0.049629420382849156,0.04641169789800505,0.05003552976858617,20.47,1007.293
1791374315.488259,69.51003638995262,0.04981392596667518,0.046609204774749086,0.05046972255641448,20.44,1007.276
1791374346.8360202,69.51003638995262,0.04991997497731349,0.04663401139236194,0.04997316898909747,20.46,1007.272
1791374378.1785703,69.51003638995262,0.049591378618818335,0.046460917525090455,0.04994655782005685,20.46,1007.266
1791374409.5239449,69.51003638995262,0.049354966773867526,0.04676349785996618,0.050336056399155026,20.47,1007.259
1791374440.8684645,69.51003638995262,0.04965569459875634,0.046639909279437175,0.05028278797045075,20.46,1007.26
1791374472.2118306,69.51003638995262,0.04987693034288089,0.04691665038821047,0.050203096385972104,20.44,1007.249
1791374503.557483,69.51003638995262,0.04979800707216266,0.046639909279437175,0.05047593063565053,20.44,1007.252
1791374534.8909566,69.51003638995262,0.04990329372160282,0.046664574707872004,0.04990329372160282,20.5,1007.252
1791374566.2323792,69.51003638995262,0.049824287062190914,0.04689189098162268,0.05015010884892072,20.46,1007.249
1791374597.5810146,69.51003638995262,0.049745530173285125,0.04646797868178292,0.05009723304676245,20.46,1007.257
1791374628.9224336,69.51003638995262,0.04979800707216266,0.04631357083522061,0.05047593063565053,20.47,1007.252
1791374660.2528512,69.51003638995262,0.049550764299789676,0.046516972227437524,0.050203096385972104,20.47,1007.261
1791374691.5843585,69.51003638995262,0.049629420382849156,0.046689266238642016,0.049982551341595544,20.5,1007.264
1791374722.9267495,69.51003638995262,0.049866894089999086,0.046788294215520075,0.050168468487883075,20.5,1007.262
1791374754.256211,69.51003638995262,0.04970832657772417,0.04633806368018207,0.05003552976858617,20.5,1007.272
1791374785.596962,69.51003638995262,0.04987693034288089,0.04593866891613535,0.050203096385972104,20.52,1007.271
1791374816.9463227,69.51003638995262,0.049472357141244774,0.046817769309916414,0.05009723304676245,20.5,1007.271
1791374848.2908475,69.51003638995262,0.0497193331769314,0.046142843232268076,0.05007083693588165,20.49,1007.266
1791374879.640304,69.51003638995262,0.04969316375778494,0.04674388159557235,0.05001812807455697,20.47,1007.258
1791374910.9757643,69.51003638995262,0.04969316375778494,0.04644352059006466,0.050044468626446244,20.47,1007.263
1791374942.3282468,69.51003638995262,0.049771754790460185,0.04646797868178292,0.05009723304676245,20.5,1007.255
1791374973.671627,69.51003638995262,0.04939419772741655,0.04674388159557235,0.05007083693588165,20.53,1007.251
1791375004.9952462,69.51003638995262,0.04961482052882358,0.046516972227437524,0.050316608600490344,20.52,1007.239
1791375036.3307428,69.51003638995262,0.0497193331769314,0.046419088231488895,0.050044468626446244,20.5,1007.228
1791375067.6752477,69.51003638995262,0.049640907477116136,0.04667022673264269,0.04999181523640689,20.5,1007.221
1791375099.0197299,69.51003638995262,0.049824287062190914,0.046639909279437175,0.050203096385972104,20.47,1007.219
1791375130.3650956,69.51003638995262,0.049824287062190914,0.04636258244484122,0.05022963216581938,20.49,1007.212
1791375161.7086558,69.51003638995262,0.049629420382849156,0.04661526991196878,0.05028278797045075,20.47,1007.209
1791375193.0581949,69.51003638995262,0.049824287062190914,0.04631357083522061,0.050203096385972104,20.5,1007.202
1791375224.4006193,69.51003638995262,0.049524600980410755,0.046289103868877565,0.05017658862846083,20.5,1007.205
1791375255.7442274,69.51003638995262,0.049771754790460185,0.046492462547319896,0.05009723304676245,20.52,1007.199
1791375287.0886488,69.51003638995262,0.049824287062190914,0.046664574707872004,0.05017658862846083,20.49,1007.199
1791375318.4291756,69.51003638995262,0.04957695527738625,0.04661526991196878,0.04990329372160282,20.49,1007.188
1791375349.788654,69.51003638995262,0.049824287062190914,0.04656606919489287,0.05015010884892072,20.52,1007.177
1791375381.1331518,69.51003638995262,0.049667021872323434,0.04669475254922124,0.050316608600490344,20.52,1007.174
1791375412.4726524,69.51003638995262,0.049745530173285125,0.04646797868178292,0.05007083693588165,20.5,1007.168
1791375443.8120966,69.51003638995262,0.04969316375778494,0.046516972227437524,0.050044468626446244,20.56,1007.157
1791375475.1566403,69.51003638995262,0.049771754790460185,0.046492462547319896,0.05042271130306472,20.5,1007.153
1791375506.504143,69.51003638995262,0.049886840148280154,0.04669475254922124,0.05023732415120949,20.49,1007.143
1791375537.8536696,69.51003638995262,0.04983451775442143,0.04654150776298378,0.05023732415120949,20.49,1007.149
1791375569.1930952,69.51003638995262,0.049824287062190914,0.046639909279437175,0.05015010884892072,20.47,1007.141
1791375600.5267038,69.51003638995262,0.04970832657772417,0.046639909279437175,0.05003552976858617,20.49,1007.133
1791375631.8612218,69.51003638995262,0.04995610417664995,0.04656606919489287,0.05025619601246134,20.5,1007.133
1791375663.2135508,69.51003638995262,0.0497193331769314,0.04654150776298378,0.049745530173285125,20.52,1007.13
1791375694.5621316,69.51003638995262,0.04990329372160282,0.046516972227437524,0.05017658862846083,20.53,1007.121
1791375725.9055326,69.51003638995262,0.04979800707216266,0.046516972227437524,0.05012365700308055,20.54,1007.11
1791375757.25009,69.51003638995262,0.04969316375778494,0.04667022673264269,0.05001812807455697,20.53,1007.11
1791375788.596714,69.51003638995262,0.04993927252655717,0.046621252309591535,0.05023732415120949,20.5,1007.097
1791375819.9410121,69.51003638995262,0.04993927252655717,0.04674388159557235,0.04996553006828126,20.5,1007.079
1791375851.2885532,69.51003638995262,0.04996553006828126,0.04664572666627689,0.04996553006828126,20.52,1007.083
1791375882.6290932,69.51003638995262,0.04991304256770342,0.04667022673264269,0.05023732415120949,20.52,1007.079
1791375913.9505143,69.51003638995262,0.049886840148280154,0.04627303220891109,0.05021095149648048,20.49,1007.079
1791375945.3049505,69.51003638995262,0.049850594804435794,0.046289103868877565,0.050203096385972104,20.47,1007.086
1791375976.6525414,69.51003638995262,0.04957695527738625,0.046738727773100876,0.05025619601246134,20.5,1007.089
1791376007.99507,69.51003638995262,0.05003552976858617,0.04661526991196878,0.050362732959448174,20.47,1007.099
1791376039.3425221,69.51003638995262,0.04979800707216266,0.04656606919489287,0.05015010884892072,20.47,1007.104
1791376070.6839058,69.51003638995262,0.049824287062190914,0.04686715769390167,0.05047593063565053,20.46,1007.116
1791376102.0276315,69.51003638995262,0.04979800707216266,0.046817769309916414,0.05012365700308055,20.43,1007.135
1791376133.3699696,69.51003638995262,0.0494202234106886,0.046516972227437524,0.05007083693588165,20.47,1007.144
1791376164.7234266,69.51003638995262,0.049824287062190914,0.04684245048373979,0.05015010884892072,20.46,1007.16
1791376196.0549085,69.51003638995262,0.049771754790460185,0.046817769309916414,0.050396143698478175,20.47,1007.169
1791376227.394428,69.51003638995262,0.05007083693588165,0.04674388159557235,0.050396143698478175,20.44,1007.18
1791376258.72293,69.51003638995262,0.049640907477116136,0.04669475254922124,0.05021095149648048,20.46,1007.182
1791376290.0644686,69.51003638995262,0.04969316375778494,0.046793114131297775,0.05001812807455697,20.49,1007.178
1791376321.3610775,69.51003638995262,0.0497193331769314,0.046817769309916414,0.050044468626446244,20.49,1007.187
1791376352.7083356,69.51003638995262,0.04965569459875634,0.04641169789800505,0.05028278797045075,20.49,1007.185
1791376384.05515,69.51003638995262,0.0499296849847714,0.046738727773100876,0.05025619601246134,20.5,1007.171
1791376415.4004395,69.51003638995262,0.04981392596667518,0.04651024165787879,0.050195141045549126,20.5,1007.159
1791376446.746848,69.51003638995262,0.04973468442938662,0.046664574707872004,0.05006206111981624,20.47,1007.152
1791376478.0884738,69.51003638995262,0.04990329372160282,0.046516972227437524,0.05022963216581938,20.5,1007.149
1791376509.4268284,69.51003638995262,0.05001812807455697,0.04637030055148764,0.05029015265944637,20.5,1007.143
1791376540.7783847,69.51003638995262,0.049588760984197344,0.046621252309591535,0.05021095149648048,20.54,1007.136
1791376572.1099086,69.51003638995262,0.04953672393340401,0.046572380563557704,0.049886840148280154,20.52,1007.139
1791376603.4532568,69.51003638995262,0.04956272880007983,0.046572380563557704,0.049886840148280154,20.54,1007.127
1791376634.7967443,69.51003638995262,0.04986066522493873,0.04669475254922124,0.05021095149648048,20.56,1007.123
1791376666.1332905,69.51003638995262,0.04953672393340401,0.04669475254922124,0.049886840148280154,20.52,1007.118
1791376697.4697874,69.51003638995262,0.049588760984197344,0.046621252309591535,0.049886840148280154,20.53,1007.115
1791376728.821192,69.51003638995262,0.049808397693561206,0.04674388159557235,0.049808397693561206,20.56,1007.11
1791376760.1617062,69.51003638995262,0.05017658862846083,0.04691665038821047,0.050502582452485865,20.54,1007.1
1791376791.5041962,69.51003638995262,0.04987693034288089,0.046639909279437175,0.050502582452485865,20.56,1007.098
1791376822.8567255,69.51003638995262,0.049824287062190914,0.046793114131297775,0.05015010884892072,20.56,1007.104
1791376854.18431,69.51003638995262,0.04961482052882358,0.046719304156630115,0.05029015265944637,20.54,1007.102
1791376885.528807,69.51003638995262,0.04993927252655717,0.04669475254922124,0.050263724524290766,20.5,1007.084
1791376916.8581936,69.51003638995262,0.04993927252655717,0.04667022673264269,0.05023732415120949,20.46,1007.08
1791376948.1836865,69.51003638995262,0.04991304256770342,0.04669475254922124,0.050263724524290766,20.43,1007.067
1791376979.5132203,69.51003638995262,0.049886840148280154,0.046596803622139304,0.05021095149648048,20.44,1007.062
1791377010.854739,69.51003638995262,0.04986066522493873,0.04654798309356881,0.05021095149648048,20.4,1007.059
1791377042.207187,69.51003638995262,0.04975623962859591,0.04679786850092995,0.050079502474257596,20.42,1007.047
1791377073.555754,69.51003638995262,0.04978230499928148,0.04692057503536752,0.05040276531991929,20.44,1007.05
1791377104.9122458,69.51003638995262,0.04986066522493873,0.04654798309356881,0.0505350628446808,20.4,1007.058
1791377136.258757,69.51003638995262,0.04975623962859591,0.046817769309916414,0.050158289167649646,20.4,1007.054
1791377167.6004095,69.51003638995262,0.05015010884892072,0.046689266238642016,0.050203096385972104,20.42,1007.052
1791377198.9457233,69.51003638995262,0.04995610417664995,0.046689266238642016,0.05030940808443474,20.35,1007.042
1791377230.2890472,69.51003638995262,0.04987693034288089,0.046817769309916414,0.05052926242906332,20.38,1007.036
1791377261.6210296,69.51003638995262,0.049667021872323434,0.04674388159557235,0.050316608600490344,20.36,1007.034
1791377292.9511273,69.51003638995262,0.04993927252655717,0.04674388159557235,0.05029015265944637,20.38,1007.027
1791377324.2936318,69.51003638995262,0.04986066522493873,0.046621252309591535,0.05021095149648048,20.38,1007.017
1791377355.6233323,69.51003638995262,0.049808397693561206,0.04654798309356881,0.05013199940656156,20.35,1006.995
1791377386.9625802,69.51003638995262,0.04975623962859591,0.046596803622139304,0.05013199940656156,20.36,1006.989
1791377418.3091307,69.51003638995262,0.04956272880007983,0.04627303220891109,0.050184606516473454,20.38,1006.984
1791377449.656611,69.51003638995262,0.04983451775442143,0.04652361117197905,0.05013199940656156,20.4,1006.977
1791377481.007246,69.51003638995262,0.04945887280871022,0.04647494381364312,0.050105737189852756,20.43,1006.964
1791377512.3507016,69.51003638995262,0.04975623962859591,0.04654798309356881,0.050079502474257596,20.46,1006.962
1791377543.7100918,69.51003638995262,0.049524600980410755,0.04661526991196878,0.049824287062190914,20.49,1006.956
1791377575.044676,69.51003638995262,0.04949846527546111,0.04631357083522061,0.049850594804435794,20.5,1006.948
1791377606.3831072,69.51003638995262,0.04949846527546111,0.046719304156630115,0.05012365700308055,20.47,1006.948
1791377637.7195077,69.51003638995262,0.04936819944101291,0.04674388159557235,0.05001812807455697,20.47,1006.932
1791377669.0651016,69.51003638995262,0.04961482052882358,0.04664572666627689,0.04996553006828126,20.46,1006.924
1791377700.421471,69.51003638995262,0.04953672393340401,0.04664572666627689,0.04986066522493873,20.47,1006.909
1791377731.7070546,69.51003638995262,0.04978230499928148,0.046572380563557704,0.05013199940656156,20.5,1006.895
1791377763.063711,69.51003638995262,0.04948479598056085,0.046596803622139304,0.05013199940656156,20.5,1006.886
1791377794.4190385,69.51003638995262,0.04951074634119322,0.046224550902997534,0.050158289167649646,20.52,1006.877
1791377825.7614834,69.51003638995262,0.04951074634119322,0.046596803622139304,0.050158289167649646,20.5,1006.877
1791377857.108966,69.51003638995262,0.04953672393340401,0.046596803622139304,0.050158289167649646,20.52,1006.877
1791377888.449521,69.51003638995262,0.04951074634119322,0.046297311018056814,0.050184606516473454,20.52,1006.875
1791377919.7969992,69.51003638995262,0.04948479598056085,0.046596803622139304,0.049808397693561206,20.53,1006.876
1791377951.1435292,69.51003638995262,0.049588760984197344,0.04674388159557235,0.04993927252655717,20.47,1006.873
1791377982.489988,69.51003638995262,0.05001812807455697,0.04646797868178292,0.05042271130306472,20.47,1006.879
1791378013.8195868,69.51003638995262,0.0494202234106886,0.046492462547319896,0.05036960407596109,20.44,1006.886
1791378045.1619065,69.51003638995262,0.049771754790460185,0.04676848490683669,0.05012365700308055,20.47,1006.876
1791378076.508547,69.51003638995262,0.04999181523640689,0.04674388159557235,0.050343092391328996,20.42,1006.867
1791378107.8520176,69.51003638995262,0.05001812807455697,0.04676848490683669,0.050316608600490344,20.39,1006.868
1791378139.206392,69.51003638995262,0.049588760984197344,0.04664572666627689,0.050263724524290766,20.46,1006.866
1791378170.564104,69.51003638995262,0.049886840148280154,0.046969838014477225,0.050184606516473454,20.43,1006.859
1791378201.9193807,69.51003638995262,0.04996553006828126,0.04669475254922124,0.050316608600490344,20.43,1006.859
1791378233.26594,69.51003638995262,0.04991304256770342,0.04692057503536752,0.050263724524290766,20.43,1006.855
1791378264.588587,69.51003638995262,0.049886840148280154,0.046719304156630115,0.05021095149648048,20.43,1006.858
1791378295.9351366,69.51003638995262,0.050263724524290766,0.04637030055148764,0.050263724524290766,20.42,1006.849
1791378327.2674012,69.51003638995262,0.04961482052882358,0.046596803622139304,0.04991304256770342,20.43,1006.851
1791378358.5919015,69.51003638995262,0.049745530173285125,0.046817769309916414,0.050396143698478175,20.44,1006.849
1791378389.933329,69.51003638995262,0.04996553006828126,0.04646797868178292,0.050343092391328996,20.43,1006.842
1791378421.2719483,69.51003638995262,0.049745530173285125,0.04646797868178292,0.05007083693588165,20.43,1006.839
1791378452.6195643,69.51003638995262,0.050044468626446244,0.04667022673264269,0.050343092391328996,20.49,1006.852
1791378483.975926,69.51003638995262,0.04991304256770342,0.046621252309591535,0.0505350628446808,20.46,1006.851
1791378515.3132455,69.51003638995262,0.04986066522493873,0.046572380563557704,0.049886840148280154,20.43,1006.849
1791378546.6428607,69.51003638995262,0.049808397693561206,0.04689598227655805,0.050105737189852756,20.44,1006.847
1791378577.994285,69.51003638995262,0.049808397693561206,0.04654798309356881,0.05013199940656156,20.43,1006.843
1791378609.3268983,69.51003638995262,0.04986066522493873,0.046572380563557704,0.049886840148280154,20.46,1006.85
1791378640.663279,69.51003638995262,0.04973020153860809,0.046596803622139304,0.05013199940656156,20.43,1006.856
1791378671.997841,69.51003638995262,0.049808397693561206,0.046621252309591535,0.050158289167649646,20.46,1006.848
1791378703.3371773,69.51003638995262,0.04948479598056085,0.04649926475867899,0.049808397693561206,20.49,1006.856
1791378734.6728072,69.51003638995262,0.04973020153860809,0.04649926475867899,0.050079502474257596,20.52,1006.85
1791378766.0183785,69.51003638995262,0.049407107860615175,0.04669475254922124,0.050053295216601,20.52,1006.839
1791378797.3606672,69.51003638995262,0.049640907477116136,0.046419088231488895,0.05001812807455697,20.5,1006.84
1791378828.7052078,69.51003638995262,0.049640907477116136,0.046419088231488895,0.04996553006828126,20.53,1006.835
1791378860.03768,69.51003638995262,0.049667021872323434,0.04644352059006466,0.05001812807455697,20.52,1006.837
1791378891.3782592,69.51003638995262,0.049640907477116136,0.04667022673264269,0.04996553006828126,20.49,1006.826
1791378922.7207751,69.51003638995262,0.04956272880007983,0.046596803622139304,0.050184606516473454,20.49,1006.812
1791378954.0683098,69.51003638995262,0.049886840148280154,0.046596803622139304,0.05021095149648048,20.46,1006.812
1791378985.4117277,69.51003638995262,0.04948479598056085,0.04654798309356881,0.05013199940656156,20.46,1006.81
1791379016.76717,69.51003638995262,0.04978230499928148,0.046572380563557704,0.049808397693561206,20.49,1006.795
1791379048.1087756,69.51003638995262,0.04973020153860809,0.04684687401764073,0.05040276531991929,20.47,1006.8
1791379079.4542215,69.51003638995262,0.04970419068651139,0.04652361117197905,0.050053295216601,20.47,1006.796
1791379110.7776036,69.51003638995262,0.04945887280871022,0.04692057503536752,0.05013199940656156,20.49,1006.807
1791379142.1231718,69.51003638995262,0.049808397693561206,0.046572380563557704,0.05045560111956191,20.46,1006.797
1791379173.4615386,69.51003638995262,0.04975623962859591,0.046773404170195536,0.050079502474257596,20.46,1006.801
1791379204.812109,69.51003638995262,0.049886840148280154,0.046945193601126256,0.05021095149648048,20.46,1006.8
1791379236.1615574,69.51003638995262,0.04986066522493873,0.046419088231488895,0.04986066522493873,20.46,1006.812
1791379267.5041435,69.51003638995262,0.04969316375778494,0.04676848490683669,0.050044468626446244,20.49,1006.807
1791379298.8476431,69.51003638995262,0.04999181523640689,0.046492462547319896,0.050343092391328996,20.49,1006.819
1791379330.1800494,69.51003638995262,0.049640907477116136,0.04634594514913662,0.04996553006828126,20.53,1006.815
1791379361.520652,69.51003638995262,0.04948479598056085,0.046596803622139304,0.050105737189852756,20.52,1006.814
1791379392.8600283,69.51003638995262,0.04953672393340401,0.04667022673264269,0.050184606516473454,20.52,1006.81
1791379424.2145262,69.51003638995262,0.049640907477116136,0.046621252309591535,0.05029015265944637,20.52,1006.814
1791379455.5611157,69.51003638995262,0.04986066522493873,0.04624877885055735,0.05021095149648048,20.49,1006.817
1791379486.918626,69.51003638995262,0.049808397693561206,0.04687141528414007,0.05013199940656156,20.49,1006.82
1791379518.207151,69.51003638995262,0.04945887280871022,0.04624877885055735,0.04983451775442143,20.5,1006.826
1791379549.5607142,69.51003638995262,0.04983451775442143,0.04654798309356881,0.05013199940656156,20.5,1006.82
1791379580.9030223,69.51003638995262,0.04951074634119322,0.04652361117197905,0.05013199940656156,20.5,1006.831
1791379612.2295063,69.51003638995262,0.04975623962859591,0.046773404170195536,0.050079502474257596,20.49,1006.835
1791379643.5771391,69.51003638995262,0.04970419068651139,0.046596803622139304,0.05067296474837187,20.49,1006.839
1791379674.9254518,69.51003638995262,0.049588760984197344,0.04664572666627689,0.049886840148280154,20.47,1006.844
1791379706.249897,69.51003638995262,0.04991304256770342,0.046719304156630115,0.05023732415120949,20.46,1006.849
1791379737.5845182,69.51003638995262,0.049886840148280154,0.046621252309591535,0.05023732415120949,20.44,1006.849
1791379768.912889,69.51003638995262,0.04969316375778494,0.04676848490683669,0.05036960407596109,20.44,1006.842
1791379800.248505,69.51003638995262,0.04956272880007983,0.046596803622139304,0.05023732415120949,20.43,1006.839
1791379831.595155,69.51003638995262,0.04983451775442143,0.04652361117197905,0.050184606516473454,20.42,1006.832
1791379862.9465435,69.51003638995262,0.04945887280871022,0.046572380563557704,0.049808397693561206,20.43,1006.83
1791379894.291913,69.51003638995262,0.04943297678293422,0.04652361117197905,0.050079502474257596,20.44,1006.826
1791379925.640433,69.51003638995262,0.04983451775442143,0.04654798309356881,0.050158289167649646,20.44,1006.818
1791379956.9838274,69.51003638995262,0.04978230499928148,0.04627303220891109,0.05013199940656156,20.46,1006.823
1791379988.3284724,69.51003638995262,0.04948479598056085,0.04654798309356881,0.05013199940656156,20.46,1006.819
1791380019.66598,69.51003638995262,0.04975623962859591,0.046450648296929624,0.050053295216601,20.46,1006.82
1791380051.0124376,69.51003638995262,0.04973020153860809,0.04647494381364312,0.050053295216601,20.47,1006.827
1791380082.3438282,69.51003638995262,0.04983451775442143,0.046394681565464994,0.050158289167649646,20.46,1006.822
1791380113.6863828,69.51003638995262,0.049745530173285125,0.04646797868178292,0.049745530173285125,20.46,1006.833
1791380145.0369287,69.51003638995262,0.04969316375778494,0.046394681565464994,0.050044468626446244,20.49,1006.831
1791380176.382346,69.51003638995262,0.04956272880007983,0.04632161531807657,0.050158289167649646,20.5,1006.817
1791380207.7118304,69.51003638995262,0.04986066522493873,0.046596803622139304,0.050184606516473454,20.5,1006.819
1791380239.0524137,69.51003638995262,0.04945887280871022,0.04652361117197905,0.050105737189852756,20.47,1006.819
1791380270.3918397,69.51003638995262,0.04975623962859591,0.046450648296929624,0.050105737189852756,20.47,1006.807
1791380301.7412374,69.51003638995262,0.04973020153860809,0.04652361117197905,0.050053295216601,20.47,1006.807
1791380333.0749907,69.51003638995262,0.04975623962859591,0.04647494381364312,0.050079502474257596,20.47,1006.793
1791380364.4183967,69.51003638995262,0.0496782070295887,0.046426378168680144,0.05000096290285461,20.44,1006.792
1791380395.7617154,69.51003638995262,0.049600418804031154,0.04637791391855595,0.04994873990501531,20.44,1006.781
1791380427.1093953,69.51003638995262,0.049600418804031154,0.046426378168680144,0.04992266929257867,20.44,1006.777
1791380458.4508529,69.51003638995262,0.049329663289558956,0.04647494381364312,0.04994873990501531,20.47,1006.777
1791380489.7972338,69.51003638995262,0.04948479598056085,0.04634594514913662,0.04983451775442143,20.5,1006.772
1791380521.143811,69.51003638995262,0.04969316375778494,0.046719304156630115,0.050044468626446244,20.49,1006.761
1791380552.4912264,69.51003638995262,0.04926447940069127,0.046621252309591535,0.04996553006828126,20.49,1006.743
1791380583.847757,69.51003638995262,0.049886840148280154,0.046596803622139304,0.05021095149648048,20.46,1006.737
1791380615.1951838,69.51003638995262,0.04983451775442143,0.04649926475867899,0.050158289167649646,20.43,1006.723
1791380646.5376885,69.51003638995262,0.04970419068651139,0.04649926475867899,0.05002711537379822,20.47,1006.717
1791380677.8782578,69.51003638995262,0.0496782070295887,0.04647494381364312,0.05000096290285461,20.47,1006.701
1791380709.2137504,69.51003638995262,0.04965225052521216,0.04647494381364312,0.049974837760865365,20.47,1006.7
1791380740.5492916,69.51003638995262,0.049381265999224565,0.0468223584366719,0.05002711537379822,20.52,1006.697
1791380771.9006135,69.51003638995262,0.0493554511563228,0.04637791391855595,0.05000096290285461,20.53,1006.692
1791380803.244221,69.51003638995262,0.04962632113084297,0.046450648296929624,0.04994873990501531,20.5,1006.686
1791380834.5927465,69.51003638995262,0.04994873990501531,0.046450648296929624,0.05032371877612052,20.5,1006.678
1791380865.9351878,69.51003638995262,0.04973020153860809,0.046426378168680144,0.050053295216601,20.5,1006.682
1791380897.2867365,69.51003638995262,0.04943297678293422,0.04652361117197905,0.04975623962859591,20.47,1006.674
1791380928.6422026,69.51003638995262,0.050105737189852756,0.04652361117197905,0.05042916938042402,20.49,1006.673
1791380959.9795682,69.51003638995262,0.04983451775442143,0.04689598227655805,0.05042916938042402,20.44,1006.675
1791380991.3302538,69.51003638995262,0.04970419068651139,0.04674896540433335,0.05002711537379822,20.46,1006.668
1791381022.6716132,69.51003638995262,0.049600418804031154,0.04647494381364312,0.05027115867918765,20.42,1006.663
1791381054.0221233,69.51003638995262,0.04973020153860809,0.04679786850092995,0.05040276531991929,20.43,1006.659
1791381085.3626165,69.51003638995262,0.04970419068651139,0.046773404170195536,0.050053295216601,20.43,1006.655
1791381116.7091458,69.51003638995262,0.049974837760865365,0.04672455216329194,0.05000096290285461,20.43,1006.644
1791381148.048519,69.51003638995262,0.04987060962748804,0.04697337963359652,0.05051443851501949,20.43,1006.643
1791381179.401999,69.51003638995262,0.049600418804031154,0.04672455216329194,0.05027115867918765,20.44,1006.627
1791381210.7435348,69.51003638995262,0.049600418804031154,0.046773404170195536,0.05027115867918765,20.42,1006.616
1791381242.09026,69.51003638995262,0.04989662588091882,0.04679786850092995,0.0502449197811262,20.4,1006.609
1791381273.4245415,69.51003638995262,0.049974837760865365,0.0468223584366719,0.050350040061085045,20.38,1006.608
1791381304.7562401,69.51003638995262,0.049808397693561206,0.0468223584366719,0.05013199940656156,20.39,1006.603
1791381336.0765204,69.51003638995262,0.04978230499928148,0.04649926475867899,0.050105737189852756,20.39,1006.604
1791381367.403948,69.51003638995262,0.04970419068651139,0.04674896540433335,0.050350040061085045,20.38,1006.612
1791381398.7564764,69.51003638995262,0.049974837760865365,0.046426378168680144,0.049974837760865365,20.42,1006.607
1791381430.111947,69.51003638995262,0.04992266929257867,0.04665146518983079,0.0502449197811262,20.42,1006.604
1791381461.4574475,69.51003638995262,0.049844620489827324,0.04665146518983079,0.05016636717388735,20.46,1006.603
1791381492.8010225,69.51003638995262,0.04992266929257867,0.04674896540433335,0.0502449197811262,20.44,1006.599
1791381524.1365368,69.51003638995262,0.04994873990501531,0.046426378168680144,0.05032371877612052,20.43,1006.594
1791381555.490906,69.51003638995262,0.049600418804031154,0.046773404170195536,0.049974837760865365,20.46,1006.599
1791381586.8346028,69.51003638995262,0.05029742499651856,0.04679786850092995,0.05029742499651856,20.46,1006.603
1791381618.179907,69.51003638995262,0.04989662588091882,0.046675802095883505,0.050218708259422346,20.43,1006.593
1791381649.569275,69.51003638995262,0.049818658425566126,0.04672455216329194,0.05016636717388735,20.42,1006.586
1791381680.9078739,69.51003638995262,0.04992266929257867,0.046675802095883505,0.0502449197811262,20.4,1006.58
1791381712.2333026,69.51003638995262,0.049600418804031154,0.04665146518983079,0.050218708259422346,20.38,1006.577
1791381743.5619767,69.51003638995262,0.04973020153860809,0.04652361117197905,0.050053295216601,20.43,1006.57
1791381774.9084451,69.51003638995262,0.04975623962859591,0.046572380563557704,0.050079502474257596,20.44,1006.577
1791381806.2488894,69.51003638995262,0.04975623962859591,0.04647494381364312,0.050079502474257596,20.44,1006.568
1791381837.5915253,69.51003638995262,0.049600418804031154,0.046675802095883505,0.04992266929257867,20.49,1006.557
1791381868.9400222,69.51003638995262,0.04954869518372231,0.046426378168680144,0.05019252407125376,20.44,1006.548
1791381900.2833996,69.51003638995262,0.04992266929257867,0.046402133389119596,0.04994873990501531,20.44,1006.539
1791381931.6128979,69.51003638995262,0.049600418804031154,0.04670016440710347,0.04994873990501531,20.39,1006.535
1791381962.9474149,69.51003638995262,0.04962632113084297,0.04632955074606506,0.05027115867918765,20.43,1006.527
1791381994.2898521,69.51003638995262,0.04954869518372231,0.046773404170195536,0.05016636717388735,20.42,1006.511
1791382025.635528,69.51003638995262,0.04987060962748804,0.04665146518983079,0.050218708259422346,20.42,1006.504
1791382056.9717584,69.51003638995262,0.04992266929257867,0.04665146518983079,0.0502449197811262,20.4,1006.504
1791382088.3333423,69.51003638995262,0.04992266929257867,0.04674896540433335,0.05027115867918765,20.38,1006.496
1791382119.688757,69.51003638995262,0.049808397693561206,0.04687141528414007,0.05013199940656156,20.36,1006.49
1791382151.0284164,69.51003638995262,0.04943297678293422,0.04647494381364312,0.050079502474257596,20.38,1006.489
1791382182.3828912,69.51003638995262,0.0496782070295887,0.04674896540433335,0.05002711537379822,20.36,1006.484
1791382213.7293127,69.51003638995262,0.04965225052521216,0.046402133389119596,0.05000096290285461,20.36,1006.485
1791382245.0758593,69.51003638995262,0.04962632113084297,0.046627153649227045,0.049974837760865365,20.4,1006.483
1791382276.4232547,69.51003638995262,0.049766815348200974,0.04690001819455835,0.050114135081073645,20.4,1006.479
1791382307.7677186,69.51003638995262,0.049818658425566126,0.04648181486620821,0.050114135081073645,20.39,1006.483
1791382339.1050382,69.51003638995262,0.050114135081073645,0.046627153649227045,0.05043554676972517,20.4,1006.481
1791382370.4656472,69.51003638995262,0.049522873805767295,0.04632955074606506,0.05019252407125376,20.38,1006.474
1791382401.8092883,69.51003638995262,0.050114135081073645,0.046851237739924535,0.050461816623792004,20.38,1006.475
1791382433.144879,69.51003638995262,0.04947131170377058,0.04653016034982769,0.050114135081073645,20.42,1006.472
1791382464.49229,69.51003638995262,0.049740934250796155,0.0468756152765701,0.050062011640893,20.39,1006.474
1791382495.835769,69.51003638995262,0.04994873990501531,0.04665146518983079,0.05059357745335999,20.39,1006.469
1791382527.184261,69.51003638995262,0.049844620489827324,0.04655437082416667,0.05019252407125376,20.42,1006.468
1791382558.5186841,69.51003638995262,0.04979272339242211,0.0468756152765701,0.05040930425300784,20.43,1006.472
1791382589.8602216,69.51003638995262,0.04944557089579754,0.046602867434436715,0.050114135081073645,20.42,1006.466
1791382621.187523,69.51003638995262,0.049766815348200974,0.046675802095883505,0.05014023752467907,20.43,1006.457
1791382652.5251017,69.51003638995262,0.049844620489827324,0.046675802095883505,0.05019252407125376,20.46,1006.445
1791382683.876671,69.51003638995262,0.04989662588091882,0.04692444653354966,0.050218708259422346,20.44,1006.43
1791382715.2202206,69.51003638995262,0.049818658425566126,0.046602867434436715,0.05014023752467907,20.43,1006.419
1791382746.5736668,69.51003638995262,0.049740934250796155,0.04682688554504375,0.0500359905596492,20.44,1006.411
1791382777.9150786,69.51003638995262,0.0500359905596492,0.046851237739924535,0.050356901061109745,20.43,1006.415
1791382809.2606506,69.51003638995262,0.04979272339242211,0.0468756152765701,0.05043554676972517,20.39,1006.412
1791382840.603204,69.51003638995262,0.049689252728446785,0.04655437082416667,0.050356901061109745,20.39,1006.41
1791382871.9246664,69.51003638995262,0.04966345221972595,0.04655437082416667,0.05000999651467065,20.39,1006.392
1791382903.278146,69.51003638995262,0.049844620489827324,0.046257194817255286,0.05019252407125376,20.42,1006.385
1791382934.6196482,69.51003638995262,0.050088059800604406,0.04655437082416667,0.050088059800604406,20.42,1006.373
1791382965.967993,69.51003638995262,0.050088059800604406,0.04657860650590682,0.05040930425300784,20.4,1006.365
1791382997.3155727,69.51003638995262,0.049844620489827324,0.04655437082416667,0.050114135081073645,20.4,1006.353
1791383028.6553273,69.51003638995262,0.049740934250796155,0.04657860650590682,0.050062011640893,20.44,1006.343
1791383060.008628,69.51003638995262,0.04947131170377058,0.046505975043583204,0.049766815348200974,20.44,1006.323
1791383091.345052,69.51003638995262,0.05000999651467065,0.04677825702267586,0.0503307403008945,20.44,1006.304
1791383122.627747,69.51003638995262,0.04971508005818866,0.046802558652432075,0.0500359905596492,20.46,1006.297
1791383153.9689226,69.51003638995262,0.049740934250796155,0.04682688554504375,0.050062011640893,20.42,1006.281
1791383185.3185642,69.51003638995262,0.05014023752467907,0.04682688554504375,0.05043554676972517,20.4,1006.274
1791383216.6610534,69.51003638995262,0.049689252728446785,0.04645767977855918,0.050356901061109745,20.38,1006.277
1791383247.994443,69.51003638995262,0.04963767849026841,0.04677825702267586,0.05027850024000732,20.39,1006.278
1791383279.319912,69.51003638995262,0.04971508005818866,0.046505975043583204,0.0500359905596492,20.39,1006.277
1791383310.6573484,69.51003638995262,0.049766815348200974,0.04648181486620821,0.050062011640893,20.39,1006.274
1791383342.0129309,69.51003638995262,0.049740934250796155,0.046802558652432075,0.050114135081073645,20.43,1006.264
1791383373.3525407,69.51003638995262,0.050088059800604406,0.04653016034982769,0.05038308903098985,20.44,1006.252
1791383404.699905,69.51003638995262,0.049844620489827324,0.04692444653354966,0.05016636717388735,20.44,1006.239
1791383436.0334306,69.51003638995262,0.049766815348200974,0.04637791391855595,0.050088059800604406,20.42,1006.23
1791383467.3798864,69.51003638995262,0.049522873805767295,0.04657860650590682,0.05014023752467907,20.42,1006.227
1791383498.7373428,69.51003638995262,0.049844620489827324,0.04653016034982769,0.05040930425300784,20.4,1006.23
1791383530.075041,69.51003638995262,0.04995808936513786,0.04677825702267586,0.050304606707959304,20.43,1006.221
1791383561.4234383,69.51003638995262,0.049932176176616286,0.04704997407269737,0.0502524208548295,20.43,1006.227
1791383592.7669404,69.51003638995262,0.049828791688599376,0.046753980616443286,0.05014837330073712,20.44,1006.227
1791383624.1225193,69.51003638995262,0.04963767849026841,0.046851237739924535,0.05027850024000732,20.43,1006.232
1791383655.462964,69.51003638995262,0.050062011640893,0.046802558652432075,0.050088059800604406,20.4,1006.229
1791383686.8073199,69.51003638995262,0.04971508005818866,0.04645767977855918,0.050356901061109745,20.4,1006.227
1791383718.1488464,69.51003638995262,0.04966345221972595,0.04648181486620821,0.050304606707959304,20.43,1006.228
1791383749.4922976,69.51003638995262,0.050114135081073645,0.04682688554504375,0.05043554676972517,20.44,1006.223
1791383780.8378835,69.51003638995262,0.04998402946384262,0.04702558197150914,0.05027850024000732,20.49,1006.229
1791383812.1872768,69.51003638995262,0.04963767849026841,0.04682688554504375,0.050304606707959304,20.44,1006.222
1791383843.5258703,69.51003638995262,0.04995808936513786,0.04672972939448416,0.050304606707959304,20.43,1006.225
1791383874.878377,69.51003638995262,0.04995808936513786,0.04672972939448416,0.050304606707959304,20.4,1006.223
1791383906.2158232,69.51003638995262,0.04971508005818866,0.046753980616443286,0.050356901061109745,20.42,1006.222
1791383937.5442884,69.51003638995262,0.04963767849026841,0.04677825702267586,0.04998402946384262,20.42,1006.218
1791383968.8908064,69.51003638995262,0.04998402946384262,0.046802558652432075,0.0503307403008945,20.38,1006.216
1791384000.2393165,69.51003638995262,0.049932176176616286,0.04672972939448416,0.0502524208548295,20.36,1006.215
1791384031.5768986,69.51003638995262,0.049880430362796956,0.046657126442964825,0.050174344775161826,20.36,1006.216
1791384062.9291785,69.51003638995262,0.049880430362796956,0.046952557179359714,0.05020034316439744,20.35,1006.216
1791384094.2768047,69.51003638995262,0.049880430362796956,0.046976873564073644,0.05020034316439744,20.38,1006.217
1791384125.6212919,69.51003638995262,0.04958621120254525,0.046753980616443286,0.0502524208548295,20.38,1006.216
1791384156.9507883,69.51003638995262,0.04963767849026841,0.046705503317629626,0.0502524208548295,20.4,1006.21
1791384188.289148,69.51003638995262,0.04966345221972595,0.046705503317629626,0.04998402946384262,20.44,1006.206
1791384219.634788,69.51003638995262,0.049932176176616286,0.046753980616443286,0.0502524208548295,20.44,1006.197
1791384250.977107,69.51003638995262,0.049932176176616286,0.04677825702267586,0.0502524208548295,20.44,1006.196
1791384282.3307896,69.51003638995262,0.04936850894222293,0.046753980616443286,0.050356901061109745,20.43,1006.184
1791384313.6722476,69.51003638995262,0.049766815348200974,0.046802558652432075,0.05038308903098985,20.43,1006.176
1791384345.0066595,69.51003638995262,0.049932176176616286,0.04672972939448416,0.0502524208548295,20.44,1006.162
1791384376.3321495,69.51003638995262,0.049880430362796956,0.04672972939448416,0.05022636851030428,20.42,1006.152
1791384407.6736765,69.51003638995262,0.049906289856424764,0.04668130234679207,0.04995808936513786,20.46,1006.143
1791384439.0161846,69.51003638995262,0.050174344775161826,0.04702558197150914,0.05052025596599793,20.44,1006.139
1791384470.3566723,69.51003638995262,0.04966345221972595,0.04672972939448416,0.05000999651467065,20.43,1006.131
1791384501.696203,69.51003638995262,0.049880430362796956,0.04663297556722197,0.050174344775161826,20.42,1006.128
1791384533.0437207,69.51003638995262,0.04985459765405301,0.04658474874468844,0.05046795491287486,20.42,1006.121
1791384564.3892012,69.51003638995262,0.050096510929312124,0.04663297556722197,0.05044184497377069,20.4,1006.111
1791384595.7147632,69.51003638995262,0.049880430362796956,0.046952557179359714,0.05052025596599793,20.39,1006.1
1791384627.0542135,69.51003638995262,0.049880430362796956,0.046705503317629626,0.05020034316439744,20.39,1006.09
1791384658.4055455,69.51003638995262,0.049828791688599376,0.04663297556722197,0.050494091896270646,20.38,1006.086
1791384689.752154,69.51003638995262,0.050174344775161826,0.04668130234679207,0.05020034316439744,20.39,1006.075
1791384721.0935915,69.51003638995262,0.049828791688599376,0.046657126442964825,0.050174344775161826,20.4,1006.069
1791384752.4461753,69.51003638995262,0.049880430362796956,0.04668130234679207,0.0502524208548295,20.38,1006.064
1791384783.7876105,69.51003638995262,0.04998402946384262,0.04672972939448416,0.050304606707959304,20.4,1006.058
1791384815.1280615,69.51003638995262,0.049828791688599376,0.046560672720447886,0.050122428699349644,20.42,1006.056
1791384846.4735022,69.51003638995262,0.04975153383733477,0.04653662156939159,0.05007061994902346,20.47,1006.05
1791384877.8231575,69.51003638995262,0.0498030124249286,0.046657126442964825,0.05014837330073712,20.44,1006.038
1791384909.1116793,69.51003638995262,0.04977725982161906,0.04660884968071818,0.050096510929312124,20.46,1006.032
1791384940.4701316,69.51003638995262,0.0498030124249286,0.04660884968071818,0.050122428699349644,20.44,1006.024
1791384971.8236377,69.51003638995262,0.04977725982161906,0.04653662156939159,0.05007061994902346,20.44,1006.019
1791385003.1540942,69.51003638995262,0.050018918191717866,0.04685554285553495,0.05033767482251091,20.46,1006.015
1791385034.4844968,69.51003638995262,0.049880430362796956,0.046657126442964825,0.05022636851030428,20.42,1006.013
1791385065.8299484,69.51003638995262,0.04956051756119646,0.04672972939448416,0.0502524208548295,20.43,1006.006
1791385097.1685238,69.51003638995262,0.04995808936513786,0.046952557179359714,0.0502524208548295,20.43,1006.004
1791385128.501051,69.51003638995262,0.04956051756119646,0.04668130234679207,0.05020034316439744,20.44,1006.006
1791385159.841401,69.51003638995262,0.049828791688599376,0.046952557179359714,0.05046795491287486,20.46,1006.006
1791385191.1901863,69.51003638995262,0.04985459765405301,0.0469039998523815,0.05020034316439744,20.43,1006.007
1791385222.534389,69.51003638995262,0.04975153383733477,0.0469039998523815,0.05036367700311186,20.4,1006.004
1791385253.8819897,69.51003638995262,0.050122428699349644,0.04653662156939159,0.050122428699349644,20.4,1005.999
1791385285.219406,69.51003638995262,0.050018918191717866,0.04685554285553495,0.05033767482251091,20.44,1005.988
1791385316.5690389,69.51003638995262,0.04967451518655335,0.04685554285553495,0.05033767482251091,20.42,1005.982
1791385347.911513,69.51003638995262,0.050096510929312124,0.04653662156939159,0.05044184497377069,20.39,1005.973
1791385379.259104,69.51003638995262,0.04999310733192764,0.04680718587818475,0.04999310733192764,20.42,1005.974
1791385410.5875492,69.51003638995262,0.04999310733192764,0.046879758832136575,0.05036367700311186,20.43,1005.964
1791385441.937895,69.51003638995262,0.0500447557169685,0.04660884968071818,0.050415762037005186,20.4,1005.957
1791385473.2664988,69.51003638995262,0.050174344775161826,0.0469039998523815,0.05046795491287486,20.4,1005.95
1791385504.6030133,69.51003638995262,0.04996732309633923,0.04675892861097665,0.05028575092596338,20.38,1005.943
1791385535.9493017,69.51003638995262,0.049890129723473724,0.04680718587818475,0.050526001519002314,20.35,1005.949
1791385567.3008676,69.51003638995262,0.0500447557169685,0.046512595252994345,0.05038970606071215,20.36,1005.948
1791385598.642588,69.51003638995262,0.04999310733192764,0.04646461697047356,0.05031169947730193,20.36,1005.957
1791385629.9869134,69.51003638995262,0.050018918191717866,0.0464406649276964,0.050018918191717866,20.36,1005.96
1791385661.3344312,69.51003638995262,0.050018918191717866,0.04678304480009772,0.05031169947730193,20.36,1005.961
1791385692.6789703,69.51003638995262,0.04996732309633923,0.04680718587818475,0.05028575092596338,20.38,1005.962
1791385724.0203295,69.51003638995262,0.04970016156092482,0.046512595252994345,0.05036367700311186,20.39,1005.958
1791385755.3718052,69.51003638995262,0.04964889526671508,0.04680718587818475,0.04996732309633923,20.43,1005.959
1791385786.708285,69.51003638995262,0.04996732309633923,0.04675892861097665,0.05060417875558753,20.38,1005.956
1791385818.0588803,69.51003638995262,0.0498644515738048,0.046662711975935266,0.05015640863005454,20.39,1005.958
1791385849.4074016,69.51003638995262,0.04957219382570943,0.04702870664359509,0.050208065621238016,20.39,1005.953
1791385880.753823,69.51003638995262,0.0498644515738048,0.04675892861097665,0.050208065621238016,20.4,1005.956
1791385912.1153584,69.51003638995262,0.04999310733192764,0.04678304480009772,0.05033767482251091,20.4,1005.95
1791385943.4538605,69.51003638995262,0.04967451518655335,0.04678304480009772,0.05033767482251091,20.39,1005.948
1791385974.8003352,69.51003638995262,0.04967451518655335,0.04680718587818475,0.05063029162267622,20.4,1005.949
1791386006.1487432,69.51003638995262,0.04996732309633923,0.0468313518837874,0.05031169947730193,20.42,1005.944
1791386037.4913352,69.51003638995262,0.0500447557169685,0.04680718587818475,0.05036367700311186,20.4,1005.951
1791386068.8367548,69.51003638995262,0.04964889526671508,0.04673483727235132,0.05028575092596338,20.43,1005.952
1791386100.1812046,69.51003638995262,0.04994156544377912,0.0468313518837874,0.05025982912705937,20.42,1005.949
1791386131.5317326,69.51003638995262,0.04999310733192764,0.04675892861097665,0.05031169947730193,20.42,1005.953
1791386162.884231,69.51003638995262,0.04994156544377912,0.04646461697047356,0.04994156544377912,20.4,1005.953
1791386194.2319279,69.51003638995262,0.050018918191717866,0.046879758832136575,0.050018918191717866,20.39,1005.946
1791386225.5224051,69.51003638995262,0.049915834333158625,0.04678304480009772,0.04996732309633923,20.44,1005.944
1791386256.8616276,69.51003638995262,0.04994156544377912,0.04675892861097665,0.050233934039239356,20.44,1005.946
1791386288.2033207,69.51003638995262,0.04996732309633923,0.04673483727235132,0.05057809281033961,20.44,1005.948
1791386319.5568943,69.51003638995262,0.04996732309633923,0.046512595252994345,0.05031169947730193,20.44,1005.95
1791386350.9141488,69.51003638995262,0.04967451518655335,0.04675892861097665,0.05033767482251091,20.44,1005.951
1791386382.2667456,69.51003638995262,0.04996732309633923,0.04653662156939159,0.05028575092596338,20.42,1005.942
1791386413.6114051,69.51003638995262,0.04970016156092482,0.04675892861097665,0.05031169947730193,20.43,1005.938
1791386444.962686,69.51003638995262,0.04994156544377912,0.04673483727235132,0.05057809281033961,20.42,1005.949
1791386476.3040636,69.51003638995262,0.04999310733192764,0.046560672720447886,0.05033767482251091,20.43,1005.958
1791386507.6528234,69.51003638995262,0.04972583443082515,0.04648859373281046,0.05007061994902346,20.44,1005.957
1791386538.9930289,69.51003638995262,0.049915834333158625,0.0463928348480665,0.050233934039239356,20.46,1005.962
1791386570.3266954,69.51003638995262,0.04964889526671508,0.04675892861097665,0.05025982912705937,20.49,1005.965
1791386601.665162,69.51003638995262,0.04957219382570943,0.04675892861097665,0.049915834333158625,20.47,1005.965
1791386633.0107586,69.51003638995262,0.04994156544377912,0.04678304480009772,0.05025982912705937,20.46,1005.968
1791386664.3581831,69.51003638995262,0.04964889526671508,0.046560672720447886,0.04999310733192764,20.47,1005.963
1791386695.7035468,69.51003638995262,0.04970016156092482,0.046560672720447886,0.0500447557169685,20.47,1005.958
1791386726.9850156,69.51003638995262,0.04964889526671508,0.04678304480009772,0.05028575092596338,20.47,1005.967
1791386758.3326874,69.51003638995262,0.04954667931573463,0.046614751995739466,0.05018222383187496,20.46,1005.964
1791386789.6611974,69.51003638995262,0.04949572900774873,0.046638719656172715,0.05015640863005454,20.49,1005.961
1791386820.9986324,69.51003638995262,0.04983879984331643,0.046662711975935266,0.05018222383187496,20.46,1005.96
1791386852.3471339,69.51003638995262,0.049813174491257176,0.046686728993103145,0.050130619974765624,20.42,1005.958
1791386883.688615,69.51003638995262,0.049890129723473724,0.04673483727235132,0.0508439374167666,20.43,1005.951
1791386915.0391974,69.51003638995262,0.04994156544377912,0.046686728993103145,0.05055203374532009,20.39,1005.946
1791386946.3836482,69.51003638995262,0.049597734627077894,0.04673483727235132,0.049915834333158625,20.42,1005.942
1791386977.7262585,69.51003638995262,0.0498644515738048,0.046662711975935266,0.050208065621238016,20.42,1005.93
1791387009.0756874,69.51003638995262,0.04983879984331643,0.046932034343861465,0.050130619974765624,20.43,1005.928
1791387040.418162,69.51003638995262,0.04994156544377912,0.046686728993103145,0.05025982912705937,20.4,1005.922
1791387071.7635925,69.51003638995262,0.049915834333158625,0.04641673756627059,0.050208065621238016,20.42,1005.914
1791387103.1064353,69.51003638995262,0.049915834333158625,0.0467107707458308,0.050208065621238016,20.43,1005.914
1791387134.455714,69.51003638995262,0.049890129723473724,0.046686728993103145,0.050208065621238016,20.42,1005.904
1791387165.7981906,69.51003638995262,0.0498644515738048,0.046956165139681164,0.05047401741679266,20.42,1005.9
1791387197.1516383,69.51003638995262,0.04983879984331643,0.046638719656172715,0.05015640863005454,20.42,1005.885
1791387228.5081716,69.51003638995262,0.04952119105657831,0.04675892861097665,0.05018222383187496,20.42,1005.884
1791387259.8555384,69.51003638995262,0.04957219382570943,0.04700450125117331,0.05018222383187496,20.39,1005.873
1791387291.1930397,69.51003638995262,0.049623301760498874,0.04678304480009772,0.05031169947730193,20.42,1005.873
1791387322.539722,69.51003638995262,0.049890129723473724,0.04678304480009772,0.050233934039239356,20.43,1005.874
1791387353.884172,69.51003638995262,0.04957219382570943,0.04673483727235132,0.050233934039239356,20.4,1005.871
1791387385.2135212,69.51003638995262,0.04957219382570943,0.046686728993103145,0.050208065621238016,20.42,1005.868
1791387416.5933292,69.51003638995262,0.049597734627077894,0.046686728993103145,0.049890129723473724,20.4,1005.87
1791387447.9315367,69.51003638995262,0.04983879984331643,0.0463928348480665,0.05047401741679266,20.44,1005.871
1791387479.2821796,69.51003638995262,0.050130619974765624,0.046662711975935266,0.05044806545827407,20.46,1005.878
1791387510.6257453,69.51003638995262,0.05015640863005454,0.046662711975935266,0.05047401741679266,20.46,1005.875
1791387541.9689991,69.51003638995262,0.05007912214015909,0.046686728993103145,0.050422140173203386,20.44,1005.885
1791387573.3126204,69.51003638995262,0.04983879984331643,0.046614751995739466,0.05015640863005454,20.44,1005.886
1791387604.643316,69.51003638995262,0.04976200275983897,0.046662711975935266,0.05007912214015909,20.44,1005.883
1791387635.97154,69.51003638995262,0.05010485782508139,0.04700450125117331,0.050422140173203386,20.46,1005.884
1791387667.3151262,69.51003638995262,0.04994156544377912,0.046662711975935266,0.050233934039239356,20.44,1005.882
1791387698.6606226,69.51003638995262,0.05005341287923987,0.04698032076267338,0.05037036945908461,20.42,1005.879
1791387730.0081358,69.51003638995262,0.049890129723473724,0.0467107707458308,0.050208065621238016,20.43,1005.878
1791387761.3535595,69.51003638995262,0.04999310733192764,0.04673483727235132,0.05033767482251091,20.43,1005.876
1791387792.6999695,69.51003638995262,0.05015640863005454,0.046686728993103145,0.05018222383187496,20.4,1005.871
1791387824.0466378,69.51003638995262,0.05007912214015909,0.046907928336957845,0.05039624152047922,20.39,1005.87
1791387855.410017,69.51003638995262,0.04983879984331643,0.04698032076267338,0.05049999608994513,20.38,1005.871
1791387886.7515266,69.51003638995262,0.05015640863005454,0.046638719656172715,0.05015640863005454,20.38,1005.866
1791387918.0720425,69.51003638995262,0.05005341287923987,0.046907928336957845,0.05037036945908461,20.39,1005.861
1791387949.422554,69.51003638995262,0.049736456299395125,0.046907928336957845,0.05037036945908461,20.39,1005.869
1791387980.7680411,69.51003638995262,0.049787575476959396,0.046932034343861465,0.05044806545827407,20.39,1005.866
1791388012.1052196,69.51003638995262,0.049813174491257176,0.04688384708079245,0.05039624152047922,20.36,1005.873
1791388043.4389386,69.51003638995262,0.05005341287923987,0.0467107707458308,0.05047401741679266,20.38,1005.862
1791388074.7935028,69.51003638995262,0.05007912214015909,0.04659080895663772,0.050422140173203386,20.4,1005.855
1791388106.144007,69.51003638995262,0.049787575476959396,0.04659080895663772,0.05007912214015909,20.4,1005.85
1791388137.4904697,69.51003638995262,0.05015640863005454,0.04688384708079245,0.05047401741679266,20.4,1005.848
1791388168.8349435,69.51003638995262,0.05005341287923987,0.046686728993103145,0.05044806545827407,20.39,1005.849
1791388200.1844192,69.51003638995262,0.049915834333158625,0.04673483727235132,0.050233934039239356,20.42,1005.844
1791388231.526982,69.51003638995262,0.0500447557169685,0.04648859373281046,0.05038970606071215,20.42,1005.836
1791388262.8585215,69.51003638995262,0.049915834333158625,0.046686728993103145,0.050208065621238016,20.4,1005.828
1791388294.1999042,69.51003638995262,0.0498644515738048,0.046662711975935266,0.05018222383187496,20.39,1005.818
1791388325.5486798,69.51003638995262,0.049813174491257176,0.046907928336957845,0.05044806545827407,20.39,1005.796
1791388356.8920016,69.51003638995262,0.04983879984331643,0.046638719656172715,0.05047401741679266,20.4,1005.787
1791388388.2294154,69.51003638995262,0.049787575476959396,0.046932034343861465,0.050687326038929344,20.39,1005.779
1791388419.581984,69.51003638995262,0.049787575476959396,0.046932034343861465,0.04983879984331643,20.43,1005.775
1791388450.913295,69.51003638995262,0.049813174491257176,0.04659080895663772,0.050130619974765624,20.43,1005.769
1791388482.241863,69.51003638995262,0.05005341287923987,0.046811751436121075,0.05037036945908461,20.44,1005.754
1791388513.5084121,69.51003638995262,0.05000207346679321,0.04685979053726577,0.05000207346679321,20.44,1005.745
1791388544.8438935,69.51003638995262,0.05000207346679321,0.04651912718851277,0.050292912413969895,20.46,1005.743
1791388576.1882885,69.51003638995262,0.04997644323416545,0.046811751436121075,0.050292912413969895,20.43,1005.743
1791388607.5438347,69.51003638995262,0.05010485782508139,0.04700450125117331,0.05044806545827407,20.42,1005.743
1791388638.8852572,69.51003638995262,0.04983879984331643,0.04698032076267338,0.05018222383187496,20.4,1005.747
1791388670.2158346,69.51003638995262,0.05018222383187496,0.046932034343861465,0.05047401741679266,20.38,1005.753
1791388701.5474634,69.51003638995262,0.05010485782508139,0.04659080895663772,0.050422140173203386,20.39,1005.75
1791388732.8978963,69.51003638995262,0.04976200275983897,0.046932034343861465,0.050422140173203386,20.4,1005.751
1791388764.248416,69.51003638995262,0.05005341287923987,0.046835758668356445,0.05037036945908461,20.4,1005.75
1791388795.594003,69.51003638995262,0.05000207346679321,0.04688384708079245,0.05034452394808677,20.39,1005.755
1791388826.934297,69.51003638995262,0.050130619974765624,0.046614751995739466,0.05073942252132537,20.36,1005.754
1791388858.2838287,69.51003638995262,0.05000207346679321,0.046495282256316633,0.050292912413969895,20.36,1005.753
1791388889.6186311,69.51003638995262,0.05010485782508139,0.046662711975935266,0.050130619974765624,20.36,1005.752
1791388920.9589465,69.51003638995262,0.05005341287923987,0.046811751436121075,0.05034452394808677,20.36,1005.755
1791388952.3052795,69.51003638995262,0.05000207346679321,0.0467398771811899,0.050318704946636886,20.35,1005.758
1791388983.651505,69.51003638995262,0.04965997405436102,0.04651912718851277,0.050318704946636886,20.39,1005.764
1791389014.9903572,69.51003638995262,0.04976200275983897,0.04659080895663772,0.05010485782508139,20.42,1005.758
1791389046.3387883,69.51003638995262,0.04944488337951884,0.046686728993103145,0.05007912214015909,20.43,1005.763
1791389077.6852818,69.51003638995262,0.04952119105657831,0.046662711975935266,0.05015640863005454,20.43,1005.764
1791389109.0309849,69.51003638995262,0.049813174491257176,0.046662711975935266,0.05015640863005454,20.46,1005.765
1791389140.3783255,69.51003638995262,0.049813174491257176,0.0467107707458308,0.05047401741679266,20.43,1005.759
1791389171.7207885,69.51003638995262,0.0498644515738048,0.046662711975935266,0.05018222383187496,20.44,1005.764
1791389203.047454,69.51003638995262,0.049813174491257176,0.046932034343861465,0.05015640863005454,20.43,1005.757
1791389234.3917553,69.51003638995262,0.05010485782508139,0.04685979053726577,0.05039624152047922,20.42,1005.76
1791389265.7403057,69.51003638995262,0.04997644323416545,0.0465429965908275,0.050292912413969895,20.4,1005.753
1791389297.0810118,69.51003638995262,0.04997644323416545,0.046811751436121075,0.050318704946636886,20.4,1005.744
1791389328.4213583,69.51003638995262,0.04995083926333971,0.04676381073028721,0.050292912413969895,20.39,1005.744
1791389359.7728279,69.51003638995262,0.04963453221727514,0.0467398771811899,0.049925261513973224,20.42,1005.742
1791389391.1212442,69.51003638995262,0.049925261513973224,0.04659080895663772,0.05055755167071042,20.42,1005.731
1791389422.4628916,69.51003638995262,0.05007912214015909,0.04651912718851277,0.05037036945908461,20.44,1005.735
1791389453.8082924,69.51003638995262,0.04976200275983897,0.04656689050094771,0.05007912214015909,20.46,1005.738
1791389485.14985,69.51003638995262,0.05005341287923987,0.04651912718851277,0.05007912214015909,20.44,1005.739
1791389516.5013242,69.51003638995262,0.04971093605521023,0.04656689050094771,0.05005341287923987,20.47,1005.737
1791389547.8429084,69.51003638995262,0.04907734816233368,0.04651912718851277,0.050318704946636886,20.47,1005.749
1791389579.19134,69.51003638995262,0.049787575476959396,0.0465429965908275,0.05015640863005454,20.49,1005.752
1791389610.537871,69.51003638995262,0.049736456299395125,0.04685979053726577,0.05034452394808677,20.54,1005.753
1791389641.8763053,69.51003638995262,0.0500277300016485,0.04685979053726577,0.05034452394808677,20.53,1005.75
1791389673.2217498,69.51003638995262,0.05005341287923987,0.04659080895663772,0.05039624152047922,20.52,1005.744
1791389704.5644195,69.51003638995262,0.04976200275983897,0.04656689050094771,0.05007912214015909,20.5,1005.742
1791389735.912747,69.51003638995262,0.04997644323416545,0.046835758668356445,0.050318704946636886,20.52,1005.741
1791389767.2472975,69.51003638995262,0.04995083926333971,0.046495282256316633,0.05026714630940428,20.53,1005.738
1791389798.5909586,69.51003638995262,0.04997644323416545,0.04710407584875859,0.050292912413969895,20.47,1005.736
1791389829.9232953,69.51003638995262,0.04989970994580586,0.0467398771811899,0.05053167649872904,20.47,1005.731
1791389861.282846,69.51003638995262,0.050190006158748995,0.04676381073028721,0.05053167649872904,20.44,1005.73
1791389892.6222415,69.51003638995262,0.05021569322226745,0.04700774367146385,0.050480005530434226,20.43,1005.736
1791389923.9708176,69.51003638995262,0.04995083926333971,0.046907928336957845,0.05034452394808677,20.43,1005.736
1791389955.3112137,69.51003638995262,0.05005341287923987,0.046835758668356445,0.05037036945908461,20.44,1005.733
1791389986.6627126,69.51003638995262,0.05005341287923987,0.04659080895663772,0.05034452394808677,20.47,1005.733
1791390018.0081968,69.51003638995262,0.04915301078071541,0.04688384708079245,0.05039624152047922,20.46,1005.738
1791390049.3576841,69.51003638995262,0.04963453221727514,0.04676381073028721,0.05055755167071042,20.47,1005.727
1791390080.7052531,69.51003638995262,0.049925261513973224,0.0467398771811899,0.04995083926333971,20.49,1005.729
1791390112.0547075,69.51003638995262,0.04987418451865986,0.04664438746637783,0.05050582779883812,20.49,1005.719
1791390143.3822727,69.51003638995262,0.05016434536143692,0.04664438746637783,0.050480005530434226,20.49,1005.713
1791390174.7316334,69.51003638995262,0.04989970994580586,0.04669208350246654,0.05021569322226745,20.49,1005.702
1791390206.0754094,69.51003638995262,0.04979776468280359,0.046668223297804054,0.05013871079006423,20.47,1005.704
1791390237.4096026,69.51003638995262,0.04984868519243962,0.04669208350246654,0.05016434536143692,20.5,1005.698
1791390268.7701678,69.51003638995262,0.04989970994580586,0.04640014647767942,0.05021569322226745,20.5,1005.684
1791390300.107693,69.51003638995262,0.04984868519243962,0.04678776880269402,0.05053167649872904,20.49,1005.679
1791390331.3920987,69.51003638995262,0.04989970994580586,0.04676381073028721,0.050241406592341824,20.47,1005.672
1791390362.733715,69.51003638995262,0.049925261513973224,0.046907928336957845,0.050583453355468835,20.46,1005.666
1791390394.081171,69.51003638995262,0.05005341287923987,0.04676381073028721,0.05037036945908461,20.46,1005.66
1791390425.4116027,69.51003638995262,0.05021569322226745,0.04669208350246654,0.05021569322226745,20.44,1005.66
1791390456.744288,69.51003638995262,0.049925261513973224,0.04671596811776855,0.05026714630940428,20.42,1005.655
1791390488.0806274,69.51003638995262,0.04960911643560462,0.04671596811776855,0.050241406592341824,20.43,1005.646
1791390519.4342024,69.51003638995262,0.04987418451865986,0.0467398771811899,0.05045420965299697,20.44,1005.643
1791390550.770607,69.51003638995262,0.04987418451865986,0.04676381073028721,0.050480005530434226,20.42,1005.644
1791390582.1161838,69.51003638995262,0.050241406592341824,0.0467398771811899,0.050241406592341824,20.4,1005.641
1791390613.4655905,69.51003638995262,0.050190006158748995,0.04669208350246654,0.05021569322226745,20.39,1005.641
1791390644.8080442,69.51003638995262,0.05013871079006423,0.04707995580865581,0.05050582779883812,20.42,1005.64
1791390676.1566536,69.51003638995262,0.04995083926333971,0.04671596811776855,0.050241406592341824,20.4,1005.635
1791390707.4991372,69.51003638995262,0.04984868519243962,0.046668223297804054,0.050480005530434226,20.42,1005.641
1791390738.8415732,69.51003638995262,0.04984868519243962,0.04669208350246654,0.050190006158748995,20.42,1005.636
1791390770.1851645,69.51003638995262,0.04989970994580586,0.04669208350246654,0.050190006158748995,20.4,1005.634
1791390801.5325916,69.51003638995262,0.04995083926333971,0.04678776880269402,0.050318704946636886,20.44,1005.626
1791390832.8791819,69.51003638995262,0.04995083926333971,0.046835758668356445,0.050292912413969895,20.44,1005.628
1791390864.2287052,69.51003638995262,0.049925261513973224,0.04710407584875859,0.04995083926333971,20.43,1005.621
1791390895.5771809,69.51003638995262,0.04995083926333971,0.04676381073028721,0.05026714630940428,20.44,1005.618
1791390926.9146788,69.51003638995262,0.04987418451865986,0.0467398771811899,0.05021569322226745,20.43,1005.611
1791390958.245144,69.51003638995262,0.04982321192713149,0.04632904974473525,0.05013871079006423,20.42,1005.606
1791390989.5927875,69.51003638995262,0.04979776468280359,0.046668223297804054,0.05045420965299697,20.44,1005.6
1791391020.933101,69.51003638995262,0.04982321192713149,0.0469837221607368,0.050480005530434226,20.42,1005.596
1791391052.2855878,69.51003638995262,0.05006196403014493,0.046887881122526134,0.050376979962521475,20.44,1005.595
1791391083.6442459,69.51003638995262,0.050087520164480016,0.046887881122526134,0.05045420965299697,20.4,1005.586
1791391114.9745998,69.51003638995262,0.04998545186194082,0.04679243029628777,0.05027437407161951,20.39,1005.574
1791391146.3041892,69.51003638995262,0.05001092991869251,0.046863981926826045,0.05032562471787915,20.39,1005.574
1791391177.6398482,69.51003638995262,0.05003643396150169,0.046887881122526134,0.050376979962521475,20.4,1005.57
1791391208.9832067,69.51003638995262,0.05001092991869251,0.04647821597112569,0.05032562471787915,20.4,1005.564
1791391240.3347106,69.51003638995262,0.04979776468280359,0.04671596811776855,0.05013871079006423,20.42,1005.562
1791391271.684104,69.51003638995262,0.049925261513973224,0.04644766565191861,0.050241406592341824,20.46,1005.557
1791391303.047698,69.51003638995262,0.04995083926333971,0.04644766565191861,0.050292912413969895,20.46,1005.548
1791391334.374204,69.51003638995262,0.04987418451865986,0.046668223297804054,0.05021569322226745,20.49,1005.544
1791391365.73353,69.51003638995262,0.04979776468280359,0.04671596811776855,0.050113102404446164,20.47,1005.542
1791391397.0751443,69.51003638995262,0.05013871079006423,0.04664438746637783,0.05045420965299697,20.46,1005.534
1791391428.4146154,69.51003638995262,0.050087520164480016,0.046840107082005464,0.050402696909354464,20.44,1005.533
1791391459.7650495,69.51003638995262,0.04969623511950586,0.04664438746637783,0.05003643396150169,20.46,1005.527
1791391491.1124759,69.51003638995262,0.05016434536143692,0.04664438746637783,0.050480005530434226,20.43,1005.526
1791391522.4431517,69.51003638995262,0.04979776468280359,0.046959725188020406,0.050428440126088735,20.44,1005.524
1791391553.7895937,69.51003638995262,0.04984868519243962,0.04664438746637783,0.05016434536143692,20.44,1005.532
1791391585.1291695,69.51003638995262,0.04979776468280359,0.04691180470637935,0.050113102404446164,20.44,1005.536
1791391616.474601,69.51003638995262,0.04979776468280359,0.04669208350246654,0.05016434536143692,20.46,1005.548
1791391647.8230457,69.51003638995262,0.04984868519243962,0.04700774367146385,0.05016434536143692,20.5,1005.55
1791391679.1575017,69.51003638995262,0.04987418451865986,0.047031789757857684,0.05026714630940428,20.49,1005.558
1791391710.497996,69.51003638995262,0.05013871079006423,0.04669208350246654,0.050480005530434226,20.46,1005.568
1791391741.8295698,69.51003638995262,0.04960911643560462,0.04700774367146385,0.049925261513973224,20.44,1005.576
1791391773.1720934,69.51003638995262,0.04982321192713149,0.04664438746637783,0.05050582779883812,20.46,1005.579
1791391804.4995506,69.51003638995262,0.04974694809776837,0.046887881122526134,0.05006196403014493,20.47,1005.588
1791391835.8431761,69.51003638995262,0.049721578677604135,0.046863981926826045,0.05003643396150169,20.47,1005.602
1791391867.1734579,69.51003638995262,0.05003643396150169,0.04662057597086097,0.050402696909354464,20.42,1005.613
1791391898.5201082,69.51003638995262,0.049721578677604135,0.046549287127639394,0.050402696909354464,20.43,1005.627
1791391929.8644853,69.51003638995262,0.049721578677604135,0.04657302583862858,0.05006196403014493,20.43,1005.636
1791391961.1969213,69.51003638995262,0.05003643396150169,0.046525572604011925,0.050351289245399236,20.42,1005.648
1791391992.534768,69.51003638995262,0.04988379870280892,0.04659678877400279,0.050172185298594796,20.43,1005.655
1791392023.86707,69.51003638995262,0.04979776468280359,0.04630539922598652,0.050113102404446164,20.42,1005.658
1791392055.209504,69.51003638995262,0.049533025023442305,0.04669208350246654,0.05016434536143692,20.42,1005.679
1791392086.5572088,69.51003638995262,0.04982321192713149,0.046668223297804054,0.05016434536143692,20.42,1005.683
1791392117.849495,69.51003638995262,0.04979776468280359,0.04664438746637783,0.05013871079006423,20.42,1005.694
1791392149.1839302,69.51003638995262,0.049457166674731094,0.04671596811776855,0.050087520164480016,20.42,1005.696
1791392180.5116222,69.51003638995262,0.04974694809776837,0.04657302583862858,0.050087520164480016,20.44,1005.701
1791392211.843099,69.51003638995262,0.04964562543148264,0.0468162565508667,0.04995999975155108,20.44,1005.704
1791392243.1835449,69.51003638995262,0.05003643396150169,0.04657302583862858,0.050376979962521475,20.43,1005.702
1791392274.5129197,69.51003638995262,0.049721578677604135,0.046887881122526134,0.05006196403014493,20.46,1005.709
1791392305.8605387,69.51003638995262,0.04969623511950586,0.046549287127639394,0.05003643396150169,20.49,1005.716
1791392337.1999907,69.51003638995262,0.04993457354790854,0.04679243029628777,0.05024878787307061,20.47,1005.719
1791392368.5515869,69.51003638995262,0.049909173211479065,0.046768628281222226,0.050537282197530425,20.44,1005.722
1791392399.8938603,69.51003638995262,0.04983312701133241,0.04679243029628777,0.0501976935262199,20.42,1005.728
1791392431.2454886,69.51003638995262,0.04962035922274646,0.04632904974473525,0.04998545186194082,20.44,1005.727
1791392462.598011,69.51003638995262,0.04982321192713149,0.04676381073028721,0.05016434536143692,20.44,1005.722
1791392493.9443603,69.51003638995262,0.04960911643560462,0.046668223297804054,0.04995083926333971,20.44,1005.719
1791392525.2889779,69.51003638995262,0.04979776468280359,0.04691180470637935,0.050428440126088735,20.44,1005.715
1791392556.6346,69.51003638995262,0.05006196403014493,0.04657302583862858,0.050402696909354464,20.43,1005.714
1791392587.9790332,69.51003638995262,0.050087520164480016,0.04662057597086097,0.050402696909354464,20.43,1005.71
1791392619.328474,69.51003638995262,0.05001092991869251,0.046863981926826045,0.05029998633993435,20.42,1005.701
1791392650.6579459,69.51003638995262,0.04998545186194082,0.04650188223079826,0.05027437407161951,20.4,1005.701
1791392681.9864004,69.51003638995262,0.04993457354790854,0.0468162565508667,0.05029998633993435,20.42,1005.702
1791392713.3238947,69.51003638995262,0.05001092991869251,0.046840107082005464,0.05032562471787915,20.4,1005.707
1791392744.6753883,69.51003638995262,0.049909173211479065,0.046525572604011925,0.05022322770450474,20.42,1005.708
1791392776.0170033,69.51003638995262,0.05003643396150169,0.04679243029628777,0.05032562471787915,20.39,1005.71
1791392807.3643668,69.51003638995262,0.04962035922274646,0.0470826827742479,0.05027437407161951,20.43,1005.707
1791392838.7088232,69.51003638995262,0.049858449982524554,0.046649980507233,0.0505115883496309,20.42,1005.714
1791392870.0323384,69.51003638995262,0.049419151629564145,0.04650188223079826,0.05038351000958771,20.42,1005.707
1791392901.3818383,69.51003638995262,0.04964562543148264,0.04693575271573543,0.05027437407161951,20.43,1005.714
1791392932.7233312,69.51003638995262,0.04987418451865986,0.04669208350246654,0.050190006158748995,20.43,1005.711
1791392964.0779405,69.51003638995262,0.050113102404446164,0.046887881122526134,0.050402696909354464,20.42,1005.715
1791392995.4143395,69.51003638995262,0.05003643396150169,0.046840107082005464,0.05032562471787915,20.44,1005.718
1791393026.760799,69.51003638995262,0.04995999975155108,0.04679243029628777,0.05029998633993435,20.44,1005.721
1791393058.0953948,69.51003638995262,0.049858449982524554,0.04672109682182207,0.05046027895284479,20.42,1005.73
1791393089.4368906,69.51003638995262,0.050172185298594796,0.04667366187779802,0.0501467029820886,20.42,1005.741
1791393120.7665682,69.51003638995262,0.049858449982524554,0.04669736730377049,0.050485920614665045,20.43,1005.74
1791393152.1127625,69.51003638995262,0.050172185298594796,0.04667366187779802,0.05046027895284479,20.42,1005.746
1791393183.4882617,69.51003638995262,0.04956990387939793,0.04667366187779802,0.050172185298594796,20.38,1005.746
1791393214.830873,69.51003638995262,0.04973209183440344,0.04662632315547816,0.05007041110507858,20.4,1005.74
1791393246.1773837,69.51003638995262,0.049706897022054664,0.04662632315547816,0.050332460353989424,20.43,1005.732
1791393277.5267994,69.51003638995262,0.049858449982524554,0.046863981926826045,0.050172185298594796,20.4,1005.73
1791393308.868369,69.51003638995262,0.05001092991869251,0.046887881122526134,0.05032562471787915,20.4,1005.731
1791393340.2027717,69.51003638995262,0.05003643396150169,0.046863981926826045,0.050351289245399236,20.42,1005.723
1791393371.554501,69.51003638995262,0.04995999975155108,0.04647821597112569,0.05027437407161951,20.36,1005.728
1791393402.9017572,69.51003638995262,0.04995999975155108,0.04672109682182207,0.05024878787307061,20.38,1005.725
1791393434.2474604,69.51003638995262,0.04988379870280892,0.04679243029628777,0.05022322770450474,20.35,1005.731
1791393465.5949814,69.51003638995262,0.049909173211479065,0.046768628281222226,0.05024878787307061,20.35,1005.731
1791393496.9382863,69.51003638995262,0.04983312701133241,0.04667366187779802,0.050172185298594796,20.36,1005.727
1791393528.272694,69.51003638995262,0.049858449982524554,0.0463837913330143,0.0501467029820886,20.39,1005.732
1791393559.6003833,69.51003638995262,0.04983312701133241,0.046649980507233,0.0501467029820886,20.42,1005.731
1791393590.9378955,69.51003638995262,0.04949441296279668,0.04667366187779802,0.049807829750018746,20.4,1005.737
1791393622.2902906,69.51003638995262,0.05009581592467099,0.04662632315547816,0.05009581592467099,20.42,1005.741
1791393653.6287673,69.51003638995262,0.04965658390361601,0.04674975844718178,0.050281514042897525,20.42,1005.743
1791393684.9753819,69.51003638995262,0.04951955104057622,0.046768628281222226,0.0501976935262199,20.42,1005.754
1791393716.3236792,69.51003638995262,0.049670917383947286,0.04662057597086097,0.05032562471787915,20.43,1005.75
1791393747.6571908,69.51003638995262,0.049721578677604135,0.046840107082005464,0.05001092991869251,20.42,1005.752
1791393778.9986773,69.51003638995262,0.04995999975155108,0.0468162565508667,0.05029998633993435,20.42,1005.747
1791393810.3412802,69.51003638995262,0.049909173211479065,0.046768628281222226,0.0501976935262199,20.43,1005.741
1791393841.6827404,69.51003638995262,0.04993457354790854,0.04674485046869899,0.05029998633993435,20.38,1005.737
1791393873.0314012,69.51003638995262,0.049807829750018746,0.046602689786010454,0.050434663324462885,20.39,1005.739
1791393904.355956,69.51003638995262,0.04975731220056946,0.04667366187779802,0.05035797224408203,20.38,1005.74
1791393935.673167,69.51003638995262,0.049807829750018746,0.046602689786010454,0.050121246537240816,20.39,1005.74
1791393967.016772,69.51003638995262,0.050332460353989424,0.046891862028348184,0.0509580236859242,20.38,1005.741
1791393998.3722413,69.51003638995262,0.04975731220056946,0.046649980507233,0.05004503203924274,20.42,1005.729
1791394029.7087257,69.51003638995262,0.04975731220056946,0.046602689786010454,0.05007041110507858,20.46,1005.74
1791394061.0371697,69.51003638995262,0.04973209183440344,0.04667366187779802,0.05007041110507858,20.46,1005.748
1791394092.381594,69.51003638995262,0.04988379870280892,0.046525572604011925,0.050537282197530425,20.43,1005.745
1791394123.7322474,69.51003638995262,0.04964562543148264,0.046840107082005464,0.05029998633993435,20.42,1005.737
1791394155.0758586,69.51003638995262,0.04969623511950586,0.04645457378819654,0.05032562471787915,20.43,1005.753
1791394186.4212098,69.51003638995262,0.04959511871845338,0.046768628281222226,0.04988379870280892,20.4,1005.766
1791394217.7615967,69.51003638995262,0.04978255815944936,0.046649980507233,0.05009581592467099,20.42,1005.768
1791394249.1012852,69.51003638995262,0.04978255815944936,0.046602689786010454,0.05009581592467099,20.43,1005.782
1791394280.4537146,69.51003638995262,0.04973209183440344,0.04662632315547816,0.05004503203924274,20.43,1005.793
1791394311.7971628,69.51003638995262,0.05007041110507858,0.046963238272454626,0.05035797224408203,20.43,1005.798
1791394343.1455674,69.51003638995262,0.049858449982524554,0.04672109682182207,0.0501976935262199,20.43,1005.81
1791394374.4901953,69.51003638995262,0.05009581592467099,0.04662632315547816,0.05040907368989263,20.43,1005.808
1791394405.8326674,69.51003638995262,0.05001967868802204,0.046555494848213995,0.05030697430000352,20.43,1005.815
1791394437.1631372,69.51003638995262,0.04965658390361601,0.046531933207208435,0.05030697430000352,20.43,1005.812
1791394468.5096495,69.51003638995262,0.04983312701133241,0.04667366187779802,0.05046027895284479,20.4,1005.832
1791394499.8511722,69.51003638995262,0.04956990387939793,0.04645457378819654,0.0505115883496309,20.4,1005.836
1791394531.197633,69.51003638995262,0.04988379870280892,0.04669736730377049,0.05022322770450474,20.4,1005.833
1791394562.5522127,69.51003638995262,0.049544714666454305,0.04674485046869899,0.050172185298594796,20.43,1005.836
1791394593.9075701,69.51003638995262,0.049909173211479065,0.0463837913330143,0.05022322770450474,20.43,1005.851
1791394625.234104,69.51003638995262,0.04975731220056946,0.04662632315547816,0.05009581592467099,20.42,1005.855
1791394656.580735,69.51003638995262,0.04978255815944936,0.046602689786010454,0.0501467029820886,20.4,1005.869
1791394687.9231477,69.51003638995262,0.04975731220056946,0.046555494848213995,0.05009581592467099,20.42,1005.877
1791394719.2656388,69.51003638995262,0.04973209183440344,0.046844398276849185,0.05035797224408203,20.43,1005.882
1791394750.6101816,69.51003638995262,0.04963146552012599,0.04677338253628867,0.050281514042897525,20.42,1005.894
1791394781.956788,69.51003638995262,0.04986809640566218,0.04677338253628867,0.050542819876395736,20.38,1005.893
1791394813.2911649,69.51003638995262,0.049918521649233584,0.04648488139984176,0.05051727903682494,20.39,1005.896
1791394844.6187336,69.51003638995262,0.049893296286735556,0.04679703051342283,0.050542819876395736,20.39,1005.911
1791394875.9561133,69.51003638995262,0.04955626260981415,0.04648488139984176,0.05023067076281466,20.4,1005.898
1791394907.3105977,69.51003638995262,0.05001967868802204,0.04672109682182207,0.05009581592467099,20.38,1005.899
1791394938.6532278,69.51003638995262,0.049858449982524554,0.04672109682182207,0.05022322770450474,20.39,1005.911
1791394969.9986012,69.51003638995262,0.049858449982524554,0.04674485046869899,0.05022322770450474,20.4,1005.923
1791395001.3460796,69.51003638995262,0.0501467029820886,0.0465790803623808,0.050434663324462885,20.4,1005.921
1791395032.6936386,69.51003638995262,0.04965658390361601,0.046508395403135984,0.04996904897325676,20.4,1005.929
1791395064.0342157,69.51003638995262,0.04996904897325676,0.046844398276849185,0.050332460353989424,20.4,1005.928
1791395095.3786137,69.51003638995262,0.04963146552012599,0.04682070241483498,0.050256079543523985,20.4,1005.935
1791395126.727012,69.51003638995262,0.049581304911690875,0.04677338253628867,0.05020528766178025,20.4,1005.95
1791395158.0718899,69.51003638995262,0.05023067076281466,0.04643792465133375,0.05023067076281466,20.39,1005.951
1791395189.4102607,69.51003638995262,0.04979264926547281,0.046990391158500525,0.050104011277358626,20.36,1005.958
1791395220.7615542,69.51003638995262,0.049817772933504714,0.04670258178841288,0.050154598343172624,20.39,1005.951
1791395252.1034768,69.51003638995262,0.0501292920480139,0.0466555002485712,0.05041537328924443,20.36,1005.956
1791395283.4525588,69.51003638995262,0.049742477873714636,0.04667902914661472,0.050104011277358626,20.4,1005.959
1791395314.7960584,69.51003638995262,0.04976755092496954,0.046891862028348184,0.05036457443677841,20.38,1005.962
1791395346.140491,69.51003638995262,0.05009581592467099,0.046407361505751824,0.050121246537240816,20.36,1005.972
1791395377.4861462,69.51003638995262,0.04951955104057622,0.04672109682182207,0.04983312701133241,20.36,1005.965
1791395408.8285656,69.51003638995262,0.04951955104057622,0.046602689786010454,0.050121246537240816,20.38,1005.97
1791395440.1749926,69.51003638995262,0.04973209183440344,0.046508395403135984,0.05030697430000352,20.36,1005.981
1791395471.5095472,69.51003638995262,0.049893296286735556,0.046391062673903694,0.050179930201510216,20.42,1005.979
1791395502.86296,69.51003638995262,0.049531245591673004,0.04670258178841288,0.050154598343172624,20.39,1005.986
1791395534.2044358,69.51003638995262,0.049742477873714636,0.04658505565846436,0.05007875599260937,20.38,1005.997
1791395565.554105,69.51003638995262,0.04945634585732971,0.0466555002485712,0.05007875599260937,20.4,1005.98
1791395596.8964703,69.51003638995262,0.04969240748621415,0.0466555002485712,0.050053526155246525,20.39,1005.986
1791395628.2449985,69.51003638995262,0.04948128725358701,0.04663199505839579,0.05044081116252309,20.38,1005.991
1791395659.5926895,69.51003638995262,0.049742477873714636,0.04694304333992768,0.05007875599260937,20.36,1005.987
1791395690.9389894,69.51003638995262,0.04976755092496954,0.046966705316211034,0.05007875599260937,20.33,1005.995
1791395722.2145548,69.51003638995262,0.04940653842018186,0.04660851354027423,0.04997798894344247,20.35,1006.003
1791395753.5480623,69.51003638995262,0.04960637253565251,0.04662632315547816,0.05023067076281466,20.39,1005.993
1791395784.890605,69.51003638995262,0.04983312701133241,0.046649980507233,0.0501467029820886,20.35,1006.002
1791395816.2409534,69.51003638995262,0.049419151629564145,0.046555494848213995,0.05004503203924274,20.39,1006.01
1791395847.5826402,69.51003638995262,0.04965658390361601,0.04703783458567449,0.050256079543523985,20.39,1006.014
1791395878.9309146,69.51003638995262,0.04950625381899554,0.046391062673903694,0.050154598343172624,20.39,1006.013
1791395910.2604983,69.51003638995262,0.04979264926547281,0.04689579084123934,0.05007875599260937,20.4,1006.005
1791395941.5850062,69.51003638995262,0.050028321726827994,0.04660851354027423,0.050339213380151064,20.38,1006.002
1791395972.9133663,69.51003638995262,0.04976755092496954,0.04629762188695117,0.05036457443677841,20.36,1006.018
1791396004.2599993,69.51003638995262,0.04969240748621415,0.0469194051935973,0.05031387785176411,20.39,1006.021
1791396035.6045825,69.51003638995262,0.049742477873714636,0.04658505565846436,0.050053526155246525,20.36,1006.013
1791396066.9538653,69.51003638995262,0.049717430073504924,0.04663199505839579,0.050339213380151064,20.4,1006.019
1791396098.2984397,69.51003638995262,0.049717430073504924,0.04663199505839579,0.050339213380151064,20.4,1006.008
1791396129.6401188,69.51003638995262,0.04940653842018186,0.04660851354027423,0.05007875599260937,20.43,1006.01
1791396160.9764204,69.51003638995262,0.04963146552012599,0.04682070241483498,0.04996904897325676,20.43,1006.007
1791396192.333833,69.51003638995262,0.04968172772470527,0.046891862028348184,0.050256079543523985,20.44,1006.013
1791396223.6754901,69.51003638995262,0.04965658390361601,0.046531933207208435,0.050281514042897525,20.43,1006.006
1791396255.0179038,69.51003638995262,0.04996904897325676,0.046531933207208435,0.05056838655522299,20.43,1006.0
1791396286.3594875,69.51003638995262,0.049943772531824984,0.04646139116124399,0.04996904897325676,20.44,1005.997
1791396317.709067,69.51003638995262,0.04963146552012599,0.046508395403135984,0.049943772531824984,20.47,1005.992
1791396349.055428,69.51003638995262,0.04960637253565251,0.04682070241483498,0.049943772531824984,20.44,1005.987
1791396380.3888595,69.51003638995262,0.04955626260981415,0.0466555002485712,0.050154598343172624,20.46,1005.991
1791396411.7343733,69.51003638995262,0.049667410073792786,0.04658505565846436,0.050028321726827994,20.47,1005.98
1791396443.0770087,69.51003638995262,0.049667410073792786,0.046561621377295956,0.05026328322568726,20.47,1005.979
1791396474.4184742,69.51003638995262,0.049332015084558076,0.046514823474561075,0.050288567813092155,20.44,1005.979
1791396505.766892,69.51003638995262,0.04961749062174252,0.046491459782012114,0.05026328322568726,20.44,1005.976
1791396537.1103585,69.51003638995262,0.0496424377982678,0.04627432047568939,0.04995286051197753,20.44,1005.981
1791396568.457896,69.51003638995262,0.04976755092496954,0.04660851354027423,0.05007875599260937,20.46,1005.982
1791396599.7853987,69.51003638995262,0.049817772933504714,0.04667902914661472,0.0501292920480139,20.43,1005.978
1791396631.1228302,69.51003638995262,0.04986809640566218,0.0465790803623808,0.05023067076281466,20.42,1005.974
1791396662.4745357,69.51003638995262,0.04963146552012599,0.04646139116124399,0.049943772531824984,20.42,1005.966
1791396693.8147924,69.51003638995262,0.049581304911690875,0.04674975844718178,0.05020528766178025,20.43,1005.972
1791396725.15134,69.51003638995262,0.05007875599260937,0.0466555002485712,0.05007875599260937,20.42,1005.972
1791396756.493789,69.51003638995262,0.04979264926547281,0.04670258178841288,0.05041537328924443,20.42,1005.98
1791396787.8403878,69.51003638995262,0.049531245591673004,0.04636766713472891,0.050154598343172624,20.43,1005.98
1791396819.17189,69.51003638995262,0.049817772933504714,0.04667902914661472,0.0501292920480139,20.42,1005.978
1791396850.519437,69.51003638995262,0.04969240748621415,0.046320946776863915,0.05036457443677841,20.43,1005.984
1791396881.8549569,69.51003638995262,0.049717430073504924,0.0469194051935973,0.050053526155246525,20.42,1005.999
1791396913.2042782,69.51003638995262,0.04997798894344247,0.046825090189279224,0.050288567813092155,20.4,1005.99
1791396944.5458157,69.51003638995262,0.04990267937883482,0.04673115359875193,0.04990267937883482,20.42,1005.987
1791396975.8983629,69.51003638995262,0.04982759643387825,0.04673115359875193,0.05013724071739088,20.46,1006.0
1791397007.2407472,69.51003638995262,0.04990267937883482,0.04634429518093137,0.05021279025127325,20.44,1006.023
1791397038.5744445,69.51003638995262,0.04950625381899554,0.04667902914661472,0.050104011277358626,20.49,1006.016
1791397069.9037035,69.51003638995262,0.04948128725358701,0.04660851354027423,0.0501292920480139,20.5,1006.029
1791397101.215303,69.51003638995262,0.049667410073792786,0.04658505565846436,0.050288567813092155,20.47,1006.029
1791397132.5558577,69.51003638995262,0.049667410073792786,0.04627432047568939,0.04997798894344247,20.47,1006.03
1791397163.9052758,69.51003638995262,0.04938167230343918,0.046561621377295956,0.050028321726827994,20.49,1006.044
1791397195.2487695,69.51003638995262,0.04992775733646066,0.04677807473477381,0.0502380240511788,20.47,1006.043
1791397226.5963645,69.51003638995262,0.049542799308339,0.04639823924579789,0.05013724071739088,20.46,1006.06
1791397257.9527206,69.51003638995262,0.049592568506396394,0.046561621377295956,0.04990267937883482,20.46,1006.076
1791397289.3003461,69.51003638995262,0.04969240748621415,0.04677807473477381,0.05000314266898913,20.46,1006.077
1791397320.6417568,69.51003638995262,0.04982759643387825,0.04646811954813925,0.05016239862248097,20.49,1006.072
1791397351.9863,69.51003638995262,0.049667410073792786,0.046538210661170504,0.050028321726827994,20.5,1006.086
1791397383.3297992,69.51003638995262,0.04945634585732971,0.04674975844718178,0.05007875599260937,20.52,1006.105
1791397414.6832168,69.51003638995262,0.05023067076281466,0.046555494848213995,0.050281514042897525,20.47,1006.113
1791397446.0187523,69.51003638995262,0.04963146552012599,0.046531933207208435,0.049943772531824984,20.49,1006.123
1791397477.3721638,69.51003638995262,0.049842921967422814,0.04636766713472891,0.04986809640566218,20.47,1006.146
1791397508.6637852,69.51003638995262,0.04969240748621415,0.046538210661170504,0.05031387785176411,20.47,1006.156
1791397540.005294,69.51003638995262,0.049567671414484836,0.04704079788226456,0.04990267937883482,20.47,1006.166
1791397571.3507342,69.51003638995262,0.049802618968771695,0.04635176902542529,0.05011210803449659,20.49,1006.172
1791397602.699194,69.51003638995262,0.049468332528939854,0.046444802737629146,0.05011210803449659,20.47,1006.191
1791397634.0467854,69.51003638995262,0.049542799308339,0.046444802737629146,0.049852598965409986,20.47,1006.189
1791397665.392203,69.51003638995262,0.04982759643387825,0.04673115359875193,0.05016239862248097,20.49,1006.203
1791397696.738666,69.51003638995262,0.04977766653241348,0.04639823924579789,0.05006191818372742,20.49,1006.209
1791397728.0833397,69.51003638995262,0.049802618968771695,0.04635176902542529,0.05008700053588711,20.46,1006.214
1791397759.426784,69.51003638995262,0.0497278365956119,0.04659095327189447,0.05006191818372742,20.46,1006.229
1791397790.7701185,69.51003638995262,0.049678106323564813,0.046825090189279224,0.05027040050263564,20.43,1006.232
1791397822.1168354,69.51003638995262,0.04979264926547281,0.04643792465133375,0.050104011277358626,20.42,1006.237
1791397853.457155,69.51003638995262,0.049842921967422814,0.04641448183417487,0.050154598343172624,20.43,1006.229
1791397884.7915905,69.51003638995262,0.04960637253565251,0.04670258178841288,0.05020528766178025,20.44,1006.235
1791397916.1411788,69.51003638995262,0.04976755092496954,0.04660851354027423,0.05007875599260937,20.46,1006.246
1791397947.4667222,69.51003638995262,0.049717430073504924,0.04646811954813925,0.050339213380151064,20.47,1006.24
1791397978.8072333,69.51003638995262,0.049567671414484836,0.046444802737629146,0.05016239862248097,20.46,1006.243
1791398010.1555007,69.51003638995262,0.04990267937883482,0.046444802737629146,0.050187581787753954,20.49,1006.242
1791398041.4822314,69.51003638995262,0.04949312990304681,0.04639823924579789,0.05008700053588711,20.5,1006.246
1791398072.8395886,69.51003638995262,0.04951795215036561,0.04635176902542529,0.05011210803449659,20.46,1006.248
1791398104.1761682,69.51003638995262,0.04970295902019145,0.04661426154414765,0.050036860940258235,20.49,1006.258
1791398135.5206895,69.51003638995262,0.050036860940258235,0.04661426154414765,0.05006191818372742,20.49,1006.242
1791398166.8480496,69.51003638995262,0.0497278365956119,0.04663759314914851,0.05034588528490458,20.46,1006.241
1791398198.191601,69.51003638995262,0.05001182876779583,0.04668432649767719,0.05032069851540021,20.43,1006.241
1791398229.534184,69.51003638995262,0.049717430073504924,0.04663199505839579,0.050028321726827994,20.42,1006.246
1791398260.8806126,69.51003638995262,0.049667410073792786,0.04660851354027423,0.050288567813092155,20.43,1006.238
1791398292.2290275,69.51003638995262,0.050053526155246525,0.046514823474561075,0.05036457443677841,20.4,1006.239
1791398323.575849,69.51003638995262,0.049852598965409986,0.046491459782012114,0.050187581787753954,20.43,1006.244
1791398354.9200253,69.51003638995262,0.049592568506396394,0.0464215093152393,0.05021279025127325,20.43,1006.253
1791398386.2675672,69.51003638995262,0.049802618968771695,0.04639823924579789,0.05013724071739088,20.4,1006.241
1791398417.6092012,69.51003638995262,0.04975273908720224,0.04663759314914851,0.050036860940258235,20.43,1006.242
1791398448.9566135,69.51003638995262,0.04970295902019145,0.04635176902542529,0.050036860940258235,20.44,1006.255
1791398480.3002324,69.51003638995262,0.049542799308339,0.04635176902542529,0.05016239862248097,20.44,1006.255
1791398511.648942,69.51003638995262,0.04944355999067706,0.04632856880450217,0.0497278365956119,20.49,1006.259
1791398542.9721775,69.51003638995262,0.04970295902019145,0.04630539179654327,0.05001182876779583,20.49,1006.271
1791398574.3105624,69.51003638995262,0.04965327846843064,0.04680605188857385,0.0499368823007415,20.47,1006.263
1791398605.6506522,69.51003638995262,0.04986216012334837,0.04647476067986963,0.0504780509312536,20.47,1006.295
1791398636.9926224,69.51003638995262,0.049394089272587066,0.04660851354027423,0.04975273908720224,20.47,1006.286
1791398668.332056,69.51003638995262,0.049893296286735556,0.04679703051342283,0.05020528766178025,20.42,1006.301
1791398699.6804984,69.51003638995262,0.049531245591673004,0.0466555002485712,0.0501292920480139,20.43,1006.329
1791398731.0281448,69.51003638995262,0.05000314266898913,0.046514823474561075,0.05026328322568726,20.43,1006.346
1791398762.36258,69.51003638995262,0.04949312990304681,0.04639823924579789,0.049802618968771695,20.44,1006.344
1791398793.6870613,69.51003638995262,0.04975273908720224,0.04663759314914851,0.04975273908720224,20.43,1006.374
1791398825.016556,69.51003638995262,0.04970295902019145,0.04654440658576769,0.05001182876779583,20.42,1006.395
1791398856.341936,69.51003638995262,0.04957894358008597,0.04654440658576769,0.04988704265692065,20.46,1006.393
1791398887.683471,69.51003638995262,0.04932006853438262,0.04659095327189447,0.049961839485533135,20.49,1006.4
1791398919.074442,69.51003638995262,0.04970295902019145,0.04654440658576769,0.04998682162873185,20.49,1006.387
1791398950.426593,69.51003638995262,0.04957894358008597,0.046497952811739164,0.04988704265692065,20.5,1006.385
1791398981.7618587,69.51003638995262,0.049246269315443146,0.04647476067986963,0.04988704265692065,20.5,1006.4
1791399013.1186297,69.51003638995262,0.04957894358008597,0.046212915198969945,0.04991195003697359,20.52,1006.4
1791399044.4620037,69.51003638995262,0.049603697133806614,0.04652116810213692,0.04991195003697359,20.53,1006.409
1791399075.7915335,69.51003638995262,0.04957894358008597,0.046451591671892736,0.05019514173375533,20.52,1006.415
1791399107.1319451,69.51003638995262,0.04987762660111939,0.04646811954813925,0.05021279025127325,20.5,1006.408
1791399138.4845417,69.51003638995262,0.0496424377982678,0.046538210661170504,0.04997798894344247,20.47,1006.423
1791399169.8278785,69.51003638995262,0.04935683120414311,0.046320946776863915,0.049717430073504924,20.49,1006.423
1791399201.156514,69.51003638995262,0.04969240748621415,0.04646811954813925,0.04997798894344247,20.5,1006.423
1791399232.4828231,69.51003638995262,0.04975273908720224,0.04661426154414765,0.05006191818372742,20.5,1006.424
1791399263.831372,69.51003638995262,0.04965327846843064,0.04659095327189447,0.04998682162873185,20.53,1006.424
1791399295.1759613,69.51003638995262,0.049603697133806614,0.04640532288941956,0.05017010552730099,20.53,1006.429
1791399326.4733348,69.51003638995262,0.049246269315443146,0.04618985373490448,0.04988704265692065,20.54,1006.423
1791399357.8228078,69.51003638995262,0.04957894358008597,0.046497952811739164,0.04991195003697359,20.53,1006.426
1791399389.1682749,69.51003638995262,0.04983730239909669,0.046382223045996575,0.05014509428338797,20.52,1006.423
1791399420.5109005,69.51003638995262,0.04978766123028505,0.046666325521891684,0.05012010796470124,20.47,1006.43
1791399451.8434289,69.51003638995262,0.04978766123028505,0.04640532288941956,0.05012010796470124,20.47,1006.433
1791399483.1948895,69.51003638995262,0.04943093952140405,0.04640532288941956,0.049762877711774546,20.49,1006.44
1791399514.5372002,69.51003638995262,0.049504830929458024,0.046660948121950464,0.05019514173375533,20.49,1006.452
1791399545.8819187,69.51003638995262,0.04975273908720224,0.046707728311522784,0.04977766653241348,20.46,1006.451
1791399577.23329,69.51003638995262,0.049468332528939854,0.04639823924579789,0.05008700053588711,20.46,1006.441
1791399608.579901,69.51003638995262,0.04961749062174252,0.046491459782012114,0.05026328322568726,20.47,1006.441
1791399639.927355,69.51003638995262,0.04913438089415189,0.04625910728030313,0.04975273908720224,20.44,1006.456
1791399671.2738192,69.51003638995262,0.049603697133806614,0.04678270608382224,0.05019514173375533,20.42,1006.444
1791399702.6253288,69.51003638995262,0.04978766123028505,0.04635914618861253,0.0500951465340001,20.44,1006.45
1791399733.974704,69.51003638995262,0.04943093952140405,0.0466431188592702,0.05002041119851437,20.44,1006.457
1791399765.319312,69.51003638995262,0.04971338462221945,0.04635914618861253,0.05002041119851437,20.44,1006.462
1791399796.6657047,69.51003638995262,0.049504830929458024,0.046382223045996575,0.04983730239909669,20.47,1006.466
1791399827.9911752,69.51003638995262,0.04968867497766485,0.04633609228297528,0.04999554894882885,20.47,1006.489
1791399859.340817,69.51003638995262,0.04943093952140405,0.04635914618861253,0.049762877711774546,20.52,1006.483
1791399890.6852396,69.51003638995262,0.049455545469431095,0.04612080723562034,0.049812469447079635,20.53,1006.489
1791399922.0297396,69.51003638995262,0.04927084450325129,0.04647476067986963,0.04988704265692065,20.5,1006.486
1791399953.3721452,69.51003638995262,0.04962847541756207,0.04642844575324195,0.049961839485533135,20.54,1006.494
1791399984.7168114,69.51003638995262,0.04949312990304681,0.046444802737629146,0.05008700053588711,20.56,1006.512
1791400016.0552607,69.51003638995262,0.049592568506396394,0.046444802737629146,0.04990267937883482,20.56,1006.499
1791400047.394604,69.51003638995262,0.04949312990304681,0.04639823924579789,0.04982759643387825,20.57,1006.501
1791400078.7411203,69.51003638995262,0.04977766653241348,0.046567668297405634,0.05006191818372742,20.54,1006.51
1791400110.0817559,69.51003638995262,0.04965327846843064,0.046497952811739164,0.049961839485533135,20.54,1006.517
1791400141.4242387,69.51003638995262,0.049812469447079635,0.04668955528834003,0.05014509428338797,20.53,1006.518
1791400172.7706027,69.51003638995262,0.04971338462221945,0.04633609228297528,0.04999554894882885,20.53,1006.52
1791400204.1172187,69.51003638995262,0.049738118854683204,0.0466431188592702,0.05004529818796236,20.52,1006.539
1791400235.4646847,69.51003638995262,0.04971338462221945,0.04668955528834003,0.04999554894882885,20.5,1006.544
1791400266.8081698,69.51003638995262,0.04968867497766485,0.04661993526602486,0.05027743291969406,20.49,1006.554
1791400298.1536405,69.51003638995262,0.04966398988437395,0.04657363715020187,0.049970711402034004,20.52,1006.562
1791400329.5000956,69.51003638995262,0.04963932930577406,0.04622116583552941,0.049945898521331286,20.53,1006.585
1791400360.839553,69.51003638995262,0.04961469320536512,0.04650436213944776,0.050202611676026763,20.5,1006.591
1791400392.172252,69.51003638995262,0.049590081546719476,0.04668955528834003,0.05002041119851437,20.5,1006.605
1791400423.512924,69.51003638995262,0.049529510514805426,0.04659095327189447,0.04988704265692065,20.52,1006.61
1791400454.8611772,69.51003638995262,0.04987762660111939,0.04680157065445054,0.04997798894344247,20.5,1006.621
1791400486.2115927,69.51003638995262,0.049542799308339,0.04661426154414765,0.05016239862248097,20.49,1006.626
1791400517.5380776,69.51003638995262,0.04962847541756207,0.04668955528834003,0.05019514173375533,20.49,1006.642
1791400548.869497,69.51003638995262,0.049406358045924526,0.04633609228297528,0.05004529818796236,20.47,1006.659
1791400580.207164,69.51003638995262,0.04943093952140405,0.046666325521891684,0.050070209954118,20.49,1006.642
1791400611.5537107,69.51003638995262,0.04971338462221945,0.04657363715020187,0.05002041119851437,20.49,1006.66
1791400642.8982363,69.51003638995262,0.04963932930577406,0.04624410549443431,0.049945898521331286,20.54,1006.655
1791400674.2286077,69.51003638995262,0.04961469320536512,0.04626706793464465,0.049945898521331286,20.52,1006.658
1791400705.5852578,69.51003638995262,0.04930827614073505,0.04626706793464465,0.04992111026999519,20.56,1006.643
1791400736.942526,69.51003638995262,0.049590081546719476,0.04650436213944776,0.050202611676026763,20.56,1006.65
1791400768.304104,69.51003638995262,0.04989634661137312,0.04655052255906438,0.050202611676026763,20.54,1006.634
1791400799.6565208,69.51003638995262,0.049590081546719476,0.046787277759471245,0.050227527334625266,20.53,1006.645
1791400830.9901345,69.51003638995262,0.049529510514805426,0.04640532288941956,0.04988704265692065,20.52,1006.652
1791400862.3285778,69.51003638995262,0.04962847541756207,0.04628223796672743,0.0499368823007415,20.52,1006.658
1791400893.678006,69.51003638995262,0.049961839485533135,0.04647476067986963,0.050295536933898884,20.49,1006.68
1791400925.0186155,69.51003638995262,0.04978766123028505,0.04635914618861253,0.0500951465340001,20.49,1006.667
1791400956.3700967,69.51003638995262,0.04963932930577406,0.046527430900183055,0.049945898521331286,20.47,1006.69
1791400987.7096093,69.51003638995262,0.049590081546719476,0.046527430900183055,0.04989634661137312,20.46,1006.699
1791401019.057147,69.51003638995262,0.04961469320536512,0.04655052255906438,0.050227527334625266,20.47,1006.693
1791401050.402588,69.51003638995262,0.049590081546719476,0.04648131624281599,0.04992111026999519,20.5,1006.707
1791401081.7450867,69.51003638995262,0.04956549429348171,0.04648131624281599,0.05045881595933426,20.5,1006.72
1791401113.0436072,69.51003638995262,0.04984689292602376,0.04643529290603012,0.050202611676026763,20.5,1006.698
1791401144.3899326,69.51003638995262,0.04946738861002005,0.04610680807693832,0.050103195743283965,20.5,1006.703
1791401175.72854,69.51003638995262,0.0497728959312093,0.04671782271931682,0.050103195743283965,20.46,1006.707
1791401207.086131,69.51003638995262,0.04979753717351281,0.04638936061883135,0.04979753717351281,20.46,1006.702
1791401238.4365501,69.51003638995262,0.04943093952140405,0.046444802737629146,0.04983730239909669,20.46,1006.703
1791401269.7890873,69.51003638995262,0.04997798894344247,0.046538210661170504,0.04997798894344247,20.47,1006.697
1791401301.1284618,69.51003638995262,0.04977766653241348,0.04661426154414765,0.05008700053588711,20.5,1006.701
1791401332.4790125,69.51003638995262,0.049603697133806614,0.046451591671892736,0.0499368823007415,20.5,1006.704
1791401363.8215113,69.51003638995262,0.049738118854683204,0.04661993526602486,0.05002041119851437,20.52,1006.713
1791401395.1518931,69.51003638995262,0.04961469320536512,0.046527430900183055,0.04989634661137312,20.52,1006.706
1791401426.5004964,69.51003638995262,0.04956549429348171,0.046764103144498276,0.050177720724288506,20.46,1006.726
1791401457.8379831,69.51003638995262,0.04949187860374166,0.04643529290603012,0.04979753717351281,20.47,1006.722
1791401489.181488,69.51003638995262,0.0497236865334102,0.04632063231584426,0.05005363528544183,20.47,1006.737
1791401520.536905,69.51003638995262,0.04967457434406168,0.046366428534434526,0.050004172777908605,20.46,1006.719
1791401551.880439,69.51003638995262,0.0497236865334102,0.04664857358351443,0.05005363528544183,20.46,1006.73
1791401583.2270534,69.51003638995262,0.049418481260776054,0.046366428534434526,0.049748279063224286,20.43,1006.741
1791401614.5804956,69.51003638995262,0.049369670523314646,0.04634351911129678,0.050004172777908605,20.43,1006.743
1791401645.9270287,69.51003638995262,0.04925938107807832,0.04657363715020187,0.04989634661137312,20.46,1006.75
1791401677.2714086,69.51003638995262,0.04971338462221945,0.046451591671892736,0.05004529818796236,20.46,1006.741
1791401708.619046,69.51003638995262,0.049812469447079635,0.04631306129486087,0.0500951465340001,20.46,1006.751
1791401739.95449,69.51003638995262,0.049516392858168404,0.04643529290603012,0.049822202826353974,20.46,1006.765
1791401771.3100085,69.51003638995262,0.04949187860374166,0.04638936061883135,0.04979753717351281,20.49,1006.784
1791401802.6525283,69.51003638995262,0.049442922841006744,0.046366428534434526,0.049748279063224286,20.44,1006.772
1791401833.9869258,69.51003638995262,0.0497236865334102,0.04638936061883135,0.050004172777908605,20.49,1006.78
1791401865.3274736,69.51003638995262,0.049748279063224286,0.04643529290603012,0.05005363528544183,20.49,1006.778
1791401896.6688368,69.51003638995262,0.049590081546719476,0.04612963433625897,0.04989634661137312,20.49,1006.773
1791401928.0125153,69.51003638995262,0.0497236865334102,0.0466255361365913,0.050028891806044355,20.46,1006.783
1791401959.3469255,69.51003638995262,0.04934530129458689,0.0466255361365913,0.04995480793059039,20.44,1006.786
1791401990.6943276,69.51003638995262,0.04965005461258864,0.04627492647403073,0.04969911830569095,20.5,1006.786
1791402022.027841,69.51003638995262,0.04932095611164732,0.04638936061883135,0.049905540454537684,20.5,1006.799
1791402053.3653038,69.51003638995262,0.04949187860374166,0.04626706793464465,0.049822202826353974,20.52,1006.803
1791402084.7167974,69.51003638995262,0.04938180100650085,0.04652116810213692,0.049738118854683204,20.5,1006.814
1791402116.0685077,69.51003638995262,0.04978766123028505,0.0466431188592702,0.0500951465340001,20.52,1006.827
1791402147.4209316,69.51003638995262,0.049590081546719476,0.046458293176312705,0.050177720724288506,20.49,1006.836
1791402178.7574513,69.51003638995262,0.04946738861002005,0.04664857358351443,0.05007840325239855,20.46,1006.829
1791402210.1097941,69.51003638995262,0.04965005461258864,0.04660252143257114,0.04997947816480872,20.43,1006.855
1791402241.4554138,69.51003638995262,0.049625559075408984,0.04627492647403073,0.050209993212344754,20.43,1006.847
1791402272.7967427,69.51003638995262,0.049601087696730606,0.04657952943779239,0.049905540454537684,20.44,1006.864
1791402304.1433249,69.51003638995262,0.049905540454537684,0.04651068937328383,0.05051444597015183,20.43,1006.846
1791402335.4837754,69.51003638995262,0.04927233774091324,0.04651068937328383,0.05018524584066944,20.43,1006.843
1791402366.8233984,69.51003638995262,0.04985637006193974,0.04655656011865988,0.05018524584066944,20.43,1006.86
1791402398.1768277,69.51003638995262,0.049905540454537684,0.04657952943779239,0.05051444597015183,20.42,1006.859
1791402429.517281,69.51003638995262,0.049625559075408984,0.04657952943779239,0.04993016203917064,20.43,1006.87
1791402460.851888,69.51003638995262,0.04979753717351281,0.046740951475801276,0.050103195743283965,20.43,1006.874
1791402492.1971967,69.51003638995262,0.04961469320536512,0.04659677470777342,0.049970711402034004,20.43,1006.871
1791402523.5228338,69.51003638995262,0.04961469320536512,0.046694716841048894,0.050227527334625266,20.44,1006.879
1791402554.867275,69.51003638995262,0.050004172777908605,0.04660252143257114,0.050004172777908605,20.4,1006.88
1791402586.2126884,69.51003638995262,0.049905540454537684,0.04653361344164464,0.0502347650029323,20.4,1006.889
1791402617.5593946,69.51003638995262,0.04985637006193974,0.04683791614156337,0.05016052285181755,20.42,1006.884
1791402648.8967915,69.51003638995262,0.04957664044083197,0.04653361344164464,0.04988094314075071,20.42,1006.905
1791402680.2463179,69.51003638995262,0.04952781815483956,0.04648778788018047,0.05016052285181755,20.43,1006.907
1791402711.5972555,69.51003638995262,0.04983182118230547,0.046161055516538284,0.04983182118230547,20.43,1006.904
1791402742.9462292,69.51003638995262,0.04955221727206193,0.04648778788018047,0.04988094314075071,20.46,1006.913
1791402774.2657068,69.51003638995262,0.04988094314075071,0.04681484216316164,0.05016052285181755,20.44,1006.916
1791402805.6074147,69.51003638995262,0.04955221727206193,0.04651068937328383,0.05016052285181755,20.47,1006.924
1791402836.9567242,69.51003638995262,0.049199589641188896,0.046464908929003346,0.050135824209771376,20.46,1006.929
1791402868.3111992,69.51003638995262,0.0497236865334102,0.04643529290603012,0.049748279063224286,20.5,1006.941
1791402899.669789,69.51003638995262,0.0493572683667139,0.04629005319011336,0.049945898521331286,20.5,1006.944
1791402930.9512794,69.51003638995262,0.04961469320536512,0.04643529290603012,0.04992111026999519,20.5,1006.959
1791402962.298804,69.51003638995262,0.04967457434406168,0.04655656011865988,0.04997947816480872,20.52,1006.955
1791402993.6508799,69.51003638995262,0.04957664044083197,0.04653361344164464,0.049905540454537684,20.53,1006.962
1791403024.9986327,69.51003638995262,0.04983182118230547,0.04651068937328383,0.04985637006193974,20.54,1006.975
1791403056.341117,69.51003638995262,0.04952781815483956,0.04648778788018047,0.04985637006193974,20.54,1006.988
1791403087.6896355,69.51003638995262,0.04952781815483956,0.04648778788018047,0.04983182118230547,20.56,1006.966
1791403119.034232,69.51003638995262,0.04957664044083197,0.04651068937328383,0.05018524584066944,20.54,1006.981
1791403150.3665874,69.51003638995262,0.04957664044083197,0.04648778788018047,0.05018524584066944,20.53,1006.987
1791403181.712189,69.51003638995262,0.04952781815483956,0.04651068937328383,0.04985637006193974,20.53,1006.992
1791403213.0466723,69.51003638995262,0.04980729646611902,0.04648778788018047,0.050135824209771376,20.53,1007.002
1791403244.3941815,69.51003638995262,0.04967457434406168,0.04685693962369446,0.05030922725012626,20.49,1006.994
1791403275.7275825,69.51003638995262,0.04978766123028505,0.04642844575324195,0.05012010796470124,20.47,1007.006
1791403307.076138,69.51003638995262,0.04971338462221945,0.04657363715020187,0.0503274377748093,20.47,1007.029
1791403338.4346974,69.51003638995262,0.04949187860374166,0.04632063231584426,0.04979753717351281,20.44,1007.016
1791403369.7761154,69.51003638995262,0.04965005461258864,0.04651068937328383,0.04993016203917064,20.46,1007.03
1791403401.1285386,69.51003638995262,0.04985637006193974,0.046464908929003346,0.04985637006193974,20.46,1007.027
1791403432.466154,69.51003638995262,0.04950344305365396,0.046442052486486814,0.05008649982237958,20.46,1007.029
1791403463.7964976,69.51003638995262,0.049782795877721844,0.046464908929003346,0.04980729646611902,20.46,1007.025
1791403495.139128,69.51003638995262,0.049479091933064115,0.046442052486486814,0.05008649982237958,20.49,1007.03
1791403526.4895692,69.51003638995262,0.04950344305365396,0.046464908929003346,0.05011114987858408,20.46,1007.035
1791403557.8311152,69.51003638995262,0.04950344305365396,0.04648778788018047,0.04983182118230547,20.47,1007.028
1791403589.183632,69.51003638995262,0.049479091933064115,0.046183784852714564,0.04980729646611902,20.47,1007.049
1791403620.5061705,69.51003638995262,0.04950344305365396,0.046442052486486814,0.05011114987858408,20.49,1007.032
1791403651.851641,69.51003638995262,0.049601087696730606,0.0466255361365913,0.0502347650029323,20.42,1007.041
1791403683.194135,69.51003638995262,0.04995480793059039,0.04638936061883135,0.04997947816480872,20.42,1007.045
1791403714.5386877,69.51003638995262,0.04997947816480872,0.04657952943779239,0.05025956124859214,20.4,1007.047
1791403745.8939378,69.51003638995262,0.04952781815483956,0.046464908929003346,0.04985637006193974,20.39,1007.054
1791403777.2276096,69.51003638995262,0.04950344305365396,0.046442052486486814,0.05011114987858408,20.42,1007.04
1791403808.5812213,69.51003638995262,0.04983182118230547,0.046464908929003346,0.050439827237237285,20.43,1007.039
1791403839.9205208,69.51003638995262,0.049758319381525536,0.04641921851943068,0.05011114987858408,20.42,1007.031
1791403871.2730398,69.51003638995262,0.049758319381525536,0.04641921851943068,0.05008649982237958,20.42,1007.038
1791403902.6266248,69.51003638995262,0.04950344305365396,0.046442052486486814,0.04980729646611902,20.43,1007.034
1791403933.960058,69.51003638995262,0.049782795877721844,0.046442052486486814,0.05008649982237958,20.43,1007.031
1791403965.3055835,69.51003638995262,0.049479091933064115,0.04641921851943068,0.05008649982237958,20.44,1007.039
1791403996.6310635,69.51003638995262,0.04915121013387193,0.04653361344164464,0.049758319381525536,20.46,1007.039
1791404027.9774566,69.51003638995262,0.0497236865334102,0.04627492647403073,0.050028891806044355,20.49,1007.023
1791404059.3129253,69.51003638995262,0.04969911830569095,0.04643529290603012,0.050028891806044355,20.49,1007.021
1791404090.6544783,69.51003638995262,0.049748279063224286,0.046229310741725906,0.05005363528544183,20.46,1007.023
1791404121.997971,69.51003638995262,0.049479091933064115,0.04641921851943068,0.05008649982237958,20.47,1007.011
1791404153.338546,69.51003638995262,0.049758319381525536,0.046722773143257484,0.05006187400535234,20.46,1007.028
1791404184.690939,69.51003638995262,0.04945476475769873,0.04674575643114454,0.05008649982237958,20.46,1007.021
1791404216.0323906,69.51003638995262,0.049758319381525536,0.046442052486486814,0.05006187400535234,20.43,1007.04
1791404247.3789384,69.51003638995262,0.049758319381525536,0.04641921851943068,0.05006187400535234,20.4,1007.06
1791404278.7216067,69.51003638995262,0.04973386694201161,0.04641921851943068,0.05003727239176722,20.4,1007.031
1791404310.065067,69.51003638995262,0.049430461492256,0.04641921851943068,0.049758319381525536,20.44,1007.029
1791404341.411485,69.51003638995262,0.04973386694201161,0.04669981244445557,0.05036542862917915,20.46,1007.048
1791404372.7598996,69.51003638995262,0.049430461492256,0.04611566389560387,0.05006187400535234,20.44,1007.028
1791404404.1006258,69.51003638995262,0.049782795877721844,0.04679179090764638,0.04983182118230547,20.46,1007.034
1791404435.4509583,69.51003638995262,0.049625559075408984,0.04653361344164464,0.04993016203917064,20.46,1007.05
1791404466.799465,69.51003638995262,0.049601087696730606,0.04651068937328383,0.050209993212344754,20.46,1007.024
1791404498.140915,69.51003638995262,0.049782795877721844,0.04641921851943068,0.05006187400535234,20.44,1007.03
1791404529.4834602,69.51003638995262,0.049758319381525536,0.046442052486486814,0.05006187400535234,20.44,1007.032
1791404560.830844,69.51003638995262,0.04945476475769873,0.046722773143257484,0.049758319381525536,20.43,1007.017
1791404592.154326,69.51003638995262,0.049758319381525536,0.04641921851943068,0.05036542862917915,20.4,1007.026
1791404623.5078506,69.51003638995262,0.04973386694201161,0.04639640699469997,0.05006187400535234,20.39,1007.024
1791404654.8474338,69.51003638995262,0.049430461492256,0.046373617879224845,0.04973386694201161,20.4,1007.024
1791404686.2248814,69.51003638995262,0.04910292567927565,0.046373617879224845,0.04973386694201161,20.42,1007.041
1791404717.4993405,69.51003638995262,0.049709438523731386,0.04639640699469997,0.05001269494595925,20.43,1007.038
1791404748.8478196,69.51003638995262,0.04945476475769873,0.046464908929003346,0.049782795877721844,20.42,1007.04
1791404780.1763067,69.51003638995262,0.049758319381525536,0.04648778788018047,0.05006187400535234,20.43,1007.038
1791404811.5217447,69.51003638995262,0.04967457434406168,0.04671782271931682,0.05025956124859214,20.44,1007.034
1791404842.8753045,69.51003638995262,0.04946738861002005,0.04638936061883135,0.050128012794539545,20.43,1007.035
1791404874.2178721,69.51003638995262,0.04957664044083197,0.04676876234146841,0.04988094314075071,20.44,1007.024
1791404905.5625107,69.51003638995262,0.049758319381525536,0.04639640699469997,0.05008649982237958,20.42,1007.023
1791404936.9047396,69.51003638995262,0.049709438523731386,0.046722773143257484,0.05003727239176722,20.42,1007.036
1791404968.2503583,69.51003638995262,0.04945476475769873,0.04611566389560387,0.049758319381525536,20.39,1007.035
1791404999.591977,69.51003638995262,0.049782795877721844,0.04641921851943068,0.05006187400535234,20.42,1007.048
1791405030.9392395,69.51003638995262,0.04973386694201161,0.04641921851943068,0.05006187400535234,20.42,1007.038
1791405062.2866921,69.51003638995262,0.04945476475769873,0.04641921851943068,0.049758319381525536,20.44,1007.043
1791405093.6163678,69.51003638995262,0.049709438523731386,0.046442052486486814,0.05001269494595925,20.42,1007.029
1791405124.9577575,69.51003638995262,0.04940618210150352,0.04641921851943068,0.049758319381525536,20.43,1007.055
1791405156.305201,69.51003638995262,0.04945476475769873,0.046464908929003346,0.05008649982237958,20.44,1007.044
1791405187.6502867,69.51003638995262,0.04950344305365396,0.04653361344164464,0.04983182118230547,20.46,1007.065
1791405218.9962285,69.51003638995262,0.049430461492256,0.04648778788018047,0.05003727239176722,20.46,1007.06
1791405250.338668,69.51003638995262,0.049479091933064115,0.04648778788018047,0.050135824209771376,20.44,1007.064
1791405281.686151,69.51003638995262,0.04945476475769873,0.046373617879224845,0.05003727239176722,20.46,1007.092
1791405313.029792,69.51003638995262,0.04973386694201161,0.04639640699469997,0.05003727239176722,20.46,1007.101
1791405344.362084,69.51003638995262,0.04973386694201161,0.04639640699469997,0.05006187400535234,20.43,1007.11
1791405375.69284,69.51003638995262,0.049430461492256,0.046373617879224845,0.05003727239176722,20.43,1007.114
1791405407.0321379,69.51003638995262,0.049430461492256,0.04641921851943068,0.05006187400535234,20.43,1007.111
1791405438.3766496,69.51003638995262,0.04950344305365396,0.046442052486486814,0.04980729646611902,20.46,1007.107
1791405469.7191057,69.51003638995262,0.04945476475769873,0.04609300154494436,0.05036542862917915,20.47,1007.124
1791405501.0736122,69.51003638995262,0.04945476475769873,0.04641921851943068,0.049758319381525536,20.49,1007.137
1791405532.4099967,69.51003638995262,0.04973386694201161,0.04641921851943068,0.049758319381525536,20.5,1007.135
1791405563.747683,69.51003638995262,0.049479091933064115,0.04641921851943068,0.05006187400535234,20.5,1007.129
1791405595.0770895,69.51003638995262,0.049758319381525536,0.046161055516538284,0.05008649982237958,20.5,1007.135
1791405626.4007099,69.51003638995262,0.049709438523731386,0.04639640699469997,0.05001269494595925,20.47,1007.138
1791405657.7311838,69.51003638995262,0.04973386694201161,0.046373617879224845,0.05003727239176722,20.46,1007.145
1791405689.0676942,69.51003638995262,0.04940618210150352,0.04674575643114454,0.049758319381525536,20.49,1007.138
1791405720.42595,69.51003638995262,0.04973386694201161,0.046373617879224845,0.05034067784152282,20.46,1007.154
1791405751.781443,69.51003638995262,0.04973386694201161,0.04669981244445557,0.04973386694201161,20.47,1007.161
1791405783.1281092,69.51003638995262,0.04973386694201161,0.04679179090764638,0.05008649982237958,20.46,1007.167
1791405814.4744759,69.51003638995262,0.04985637006193974,0.04651068937328383,0.04985637006193974,20.44,1007.156
1791405845.8139904,69.51003638995262,0.049625559075408984,0.04627492647403073,0.04995480793059039,20.46,1007.161
1791405877.1566179,69.51003638995262,0.04955221727206193,0.046442052486486814,0.04983182118230547,20.46,1007.174
1791405908.5040352,69.51003638995262,0.04915121013387193,0.045508554647950256,0.05006187400535234,20.49,1007.195
1791405939.8555753,69.51003638995262,0.048871684043748656,0.04641921851943068,0.05006187400535234,20.52,1007.193
1791405971.1990664,69.51003638995262,0.04955221727206193,0.046464908929003346,0.04988094314075071,20.52,1007.2
1791406002.5394132,69.51003638995262,0.049430461492256,0.04674575643114454,0.05006187400535234,20.52,1007.193
1791406033.887054,69.51003638995262,0.04924806448218412,0.04611566389560387,0.04988094314075071,20.46,1007.224
1791406065.2314763,69.51003638995262,0.049430461492256,0.046161055516538284,0.05003727239176722,20.5,1007.209
1791406096.5771017,69.51003638995262,0.04988094314075071,0.04651068937328383,0.05016052285181755,20.46,1007.214
1791406127.9173534,69.51003638995262,0.049758319381525536,0.04641921851943068,0.05008649982237958,20.46,1007.231
1791406159.2689555,69.51003638995262,0.049430461492256,0.04639640699469997,0.049709438523731386,20.46,1007.245
1791406190.5885136,69.51003638995262,0.049430461492256,0.04639640699469997,0.05003727239176722,20.47,1007.253
1791406221.949975,69.51003638995262,0.04940618210150352,0.04669981244445557,0.05001269494595925,20.47,1007.281
1791406253.3024635,69.51003638995262,0.04973386694201161,0.046442052486486814,0.05006187400535234,20.46,1007.28
1791406284.6504881,69.51003638995262,0.049479091933064115,0.046442052486486814,0.04980729646611902,20.46,1007.291
1791406315.989429,69.51003638995262,0.049430461492256,0.04641921851943068,0.049758319381525536,20.47,1007.296
1791406347.3388996,69.51003638995262,0.049430461492256,0.04639640699469997,0.04973386694201161,20.46,1007.309
1791406378.6864767,69.51003638995262,0.048895736228723834,0.046161055516538284,0.04980729646611902,20.49,1007.325
1791406410.0209055,69.51003638995262,0.049199589641188896,0.04648778788018047,0.04980729646611902,20.46,1007.319
1791406441.3644319,69.51003638995262,0.04980729646611902,0.046464908929003346,0.04980729646611902,20.44,1007.334
1791406472.7237852,69.51003638995262,0.04950344305365396,0.04639640699469997,0.04985637006193974,20.43,1007.341
1791406504.0666096,69.51003638995262,0.04940618210150352,0.0463508511400004,0.04973386694201161,20.44,1007.343
1791406535.3597844,69.51003638995262,0.0491270560425004,0.04607036145699697,0.04973386694201161,20.47,1007.35
1791406566.7002866,69.51003638995262,0.04940618210150352,0.0463508511400004,0.049709438523731386,20.49,1007.353
1791406598.045794,69.51003638995262,0.04938192655027804,0.046373617879224845,0.0499636124153651,20.49,1007.358
1791406629.3962595,69.51003638995262,0.049430461492256,0.0463508511400004,0.04973386694201161,20.52,1007.372
1791406660.7458243,69.51003638995262,0.04940618210150352,0.04639640699469997,0.0496850340913058,20.5,1007.371
1791406692.0903592,69.51003638995262,0.04945476475769873,0.04651068937328383,0.049782795877721844,20.49,1007.377
1791406723.4187646,69.51003638995262,0.04952781815483956,0.04653361344164464,0.05016052285181755,20.47,1007.384
1791406754.7613802,69.51003638995262,0.049479091933064115,0.04648778788018047,0.04980729646611902,20.47,1007.388
1791406786.0878108,69.51003638995262,0.049479091933064115,0.04651068937328383,0.05011114987858408,20.49,1007.406
1791406817.4252052,69.51003638995262,0.04957664044083197,0.046183784852714564,0.04988094314075071,20.43,1007.397
1791406848.7818167,69.51003638995262,0.049296634938923535,0.04620653658340602,0.04988094314075071,20.49,1007.391
1791406880.1322927,69.51003638995262,0.048968035040994506,0.046464908929003346,0.04967457434406168,20.49,1007.398
1791406911.4717975,69.51003638995262,0.0496850340913058,0.046328106744086495,0.0499636124153651,20.49,1007.418
1791406942.8011522,69.51003638995262,0.04938192655027804,0.04663106555002638,0.04998814163233357,20.47,1007.402
1791406974.1437826,69.51003638995262,0.049357694803485334,0.046373617879224845,0.0499636124153651,20.46,1007.355
1791407005.4891636,69.51003638995262,0.0491270560425004,0.04639640699469997,0.05003727239176722,20.49,1007.353
1791407036.8397439,69.51003638995262,0.049430461492256,0.04639640699469997,0.049758319381525536,20.47,1007.361
1791407068.168183,69.51003638995262,0.04950344305365396,0.046229310741725906,0.04980729646611902,20.5,1007.371
1791407099.5167067,69.51003638995262,0.04922381512737365,0.04648778788018047,0.04983182118230547,20.5,1007.384
1791407130.8521256,69.51003638995262,0.049601087696730606,0.04629776811456939,0.049905540454537684,20.52,1007.37
1791407162.2047849,69.51003638995262,0.04965005461258864,0.046464908929003346,0.04995480793059039,20.5,1007.362
1791407193.5441535,69.51003638995262,0.049758319381525536,0.04641921851943068,0.04980729646611902,20.53,1007.348
1791407224.889659,69.51003638995262,0.04945476475769873,0.04641921851943068,0.049782795877721844,20.52,1007.363
1791407256.241099,69.51003638995262,0.04952781815483956,0.04651068937328383,0.050135824209771376,20.5,1007.383
1791407287.5989168,69.51003638995262,0.04950344305365396,0.046608194875356876,0.05008649982237958,20.47,1007.377
1791407318.9412258,69.51003638995262,0.04963629704284928,0.046608194875356876,0.050241917476347764,20.44,1007.379
1791407350.2907786,69.51003638995262,0.04966065360942522,0.04663106555002638,0.0496850340913058,20.46,1007.379
1791407381.6284163,69.51003638995262,0.04966065360942522,0.04665395868102816,0.050241917476347764,20.47,1007.394
1791407412.9716487,69.51003638995262,0.049709438523731386,0.04667687430145271,0.050315951368187124,20.44,1007.413
1791407444.3181036,69.51003638995262,0.049782795877721844,0.04651068937328383,0.05008649982237958,20.4,1007.409
1791407475.6676712,69.51003638995262,0.049296634938923535,0.04627492647403073,0.049905540454537684,20.43,1007.428
1791407506.9980156,69.51003638995262,0.04922381512737365,0.046161055516538284,0.04983182118230547,20.46,1007.446
1791407538.342558,69.51003638995262,0.04950344305365396,0.04641921851943068,0.04980729646611902,20.47,1007.462
1791407569.6850119,69.51003638995262,0.04940618210150352,0.04641921851943068,0.04973386694201161,20.49,1007.463
1791407601.0326104,69.51003638995262,0.0496850340913058,0.04639640699469997,0.04973386694201161,20.46,1007.45
1791407632.3711545,69.51003638995262,0.04938192655027804,0.046373617879224845,0.05001269494595925,20.49,1007.46
1791407663.7045388,69.51003638995262,0.049430461492256,0.04674575643114454,0.04973386694201161,20.49,1007.507
1791407695.0520933,69.51003638995262,0.04966065360942522,0.04630538465860764,0.04993910725959853,20.47,1007.475
1791407726.3785672,69.51003638995262,0.049333486826100045,0.046328106744086495,0.04991462612964802,20.44,1007.451
1791407757.7059941,69.51003638995262,0.04963629704284928,0.04686503423817886,0.04991462612964802,20.44,1007.436
1791407789.0535867,69.51003638995262,0.04963629704284928,0.04628268485075279,0.04993910725959853,20.42,1007.486
1791407820.3941724,69.51003638995262,0.049333486826100045,0.046328106744086495,0.04993910725959853,20.4,1007.513
1791407851.740644,69.51003638995262,0.04940618210150352,0.04641921851943068,0.04973386694201161,20.44,1007.514
1791407883.0902114,69.51003638995262,0.049430461492256,0.04653361344164464,0.049758319381525536,20.44,1007.521
1791407914.4325657,69.51003638995262,0.04922381512737365,0.046464908929003346,0.04983182118230547,20.49,1007.482
1791407945.78087,69.51003638995262,0.04952781815483956,0.046183784852714564,0.04985637006193974,20.47,1007.505
1791407977.110497,69.51003638995262,0.04955221727206193,0.0462521073608528,0.04988094314075071,20.46,1007.51
1791408008.4390996,69.51003638995262,0.049905540454537684,0.04653361344164464,0.05051444597015183,20.42,1007.524
1791408039.7814813,69.51003638995262,0.049625559075408984,0.04653361344164464,0.0502347650029323,20.4,1007.527
1791408071.1220932,69.51003638995262,0.04955221727206193,0.04627492647403073,0.050209993212344754,20.4,1007.552
1791408102.4494064,69.51003638995262,0.04965005461258864,0.046366428534434526,0.04997947816480872,20.39,1007.548
1791408133.804897,69.51003638995262,0.049442922841006744,0.04651068937328383,0.049822202826353974,20.38,1007.571
1791408165.146588,69.51003638995262,0.04963629704284928,0.04630538465860764,0.050241917476347764,20.36,1007.568
1791408196.4910219,69.51003638995262,0.04989016899019711,0.04628268485075279,0.04989016899019711,20.38,1007.583
1791408227.8235414,69.51003638995262,0.04963629704284928,0.046328106744086495,0.05021728790288929,20.33,1007.585
1791408259.1659338,69.51003638995262,0.049430461492256,0.04639640699469997,0.05003727239176722,20.35,1007.59
1791408290.512384,69.51003638995262,0.04950344305365396,0.04627492647403073,0.04983182118230547,20.35,1007.599
1791408321.7999172,69.51003638995262,0.049625559075408984,0.04655656011865988,0.049625559075408984,20.39,1007.596
1791408353.1564572,69.51003638995262,0.04965005461258864,0.04629776811456939,0.04995480793059039,20.39,1007.641
1791408384.5009372,69.51003638995262,0.04965005461258864,0.04657952943779239,0.04967457434406168,20.4,1007.643
1791408415.843467,69.51003638995262,0.04969911830569095,0.046366428534434526,0.050028891806044355,20.43,1007.61
1791408447.189828,69.51003638995262,0.04934530129458689,0.04660252143257114,0.04997947816480872,20.4,1007.65
1791408478.5314977,69.51003638995262,0.04965005461258864,0.04627492647403073,0.04997947816480872,20.4,1007.656
1791408509.8730192,69.51003638995262,0.04967457434406168,0.04629776811456939,0.04997947816480872,20.39,1007.644
1791408541.2225223,69.51003638995262,0.049758319381525536,0.046328106744086495,0.05006187400535234,20.42,1007.657
1791408572.5710006,69.51003638995262,0.04966065360942522,0.04628268485075279,0.050266571221304984,20.39,1007.663
1791408603.8922794,69.51003638995262,0.049357694803485334,0.0463508511400004,0.0499636124153651,20.42,1007.67
1791408635.2437756,69.51003638995262,0.04945476475769873,0.04639640699469997,0.05006187400535234,20.43,1007.672
1791408666.5725317,69.51003638995262,0.049758319381525536,0.046183784852714564,0.05008649982237958,20.43,1007.682
1791408697.9149501,69.51003638995262,0.04950344305365396,0.046464908929003346,0.04985637006193974,20.44,1007.661
1791408729.2593977,69.51003638995262,0.04955221727206193,0.04629776811456939,0.04988094314075071,20.47,1007.702
1791408760.6050088,69.51003638995262,0.0493940638334733,0.04627492647403073,0.04969911830569095,20.49,1007.684
1791408791.9502518,69.51003638995262,0.04934530129458689,0.04629776811456939,0.04965005461258864,20.5,1007.687
1791408823.2817054,69.51003638995262,0.04934530129458689,0.04641231539812757,0.04965005461258864,20.49,1007.69
1791408854.6274571,69.51003638995262,0.04873579465858339,0.046229310741725906,0.04965005461258864,20.47,1007.742
1791408885.9776816,69.51003638995262,0.049625559075408984,0.04627492647403073,0.04988094314075071,20.49,1007.705
1791408917.33236,69.51003638995262,0.049418481260776054,0.04641231539812757,0.0497236865334102,20.44,1007.713
1791408948.6758044,69.51003638995262,0.04949187860374166,0.04639640699469997,0.04979753717351281,20.47,1007.697
1791408980.022301,69.51003638995262,0.04930930258316548,0.04626000728777521,0.04991462612964802,20.47,1007.776
1791409011.3517885,69.51003638995262,0.04928514203979346,0.04628268485075279,0.04989016899019711,20.47,1007.77
1791409042.700311,69.51003638995262,0.04928514203979346,0.04628268485075279,0.04989016899019711,20.46,1007.755
1791409074.0327613,69.51003638995262,0.04963629704284928,0.046373617879224845,0.04966065360942522,20.49,1007.793
1791409105.3691497,69.51003638995262,0.049430461492256,0.046161055516538284,0.05008649982237958,20.52,1007.796
1791409136.7138095,69.51003638995262,0.049296634938923535,0.04629776811456939,0.049625559075408984,20.49,1007.808
1791409168.0423806,69.51003638995262,0.049296634938923535,0.04655656011865988,0.04988094314075071,20.52,1007.822
1791409199.378667,69.51003638995262,0.04965005461258864,0.04629776811456939,0.04993016203917064,20.49,1007.775
1791409230.7351737,69.51003638995262,0.049369670523314646,0.04638936061883135,0.0497236865334102,20.47,1007.788
1791409262.081702,69.51003638995262,0.049442922841006744,0.04643529290603012,0.049822202826353974,20.52,1007.793
1791409293.4241168,69.51003638995262,0.049442922841006744,0.046366428534434526,0.049822202826353974,20.49,1007.803
1791409324.7556424,69.51003638995262,0.049625559075408984,0.04627492647403073,0.050209993212344754,20.52,1007.756
1791409356.0982215,69.51003638995262,0.04955221727206193,0.04634351911129678,0.04988094314075071,20.47,1007.749
1791409387.4446414,69.51003638995262,0.04928381648206583,0.04660252143257114,0.04987160750888511,20.47,1007.807
1791409418.790217,69.51003638995262,0.04940618210150352,0.046373617879224845,0.05001269494595925,20.46,1007.77
1791409450.1235363,69.51003638995262,0.049430461492256,0.04663106555002638,0.049782795877721844,20.42,1007.798
1791409481.475203,69.51003638995262,0.049333486826100045,0.04628268485075279,0.04963629704284928,20.43,1007.817
1791409512.8256657,69.51003638995262,0.04963629704284928,0.0463508511400004,0.04993910725959853,20.43,1007.775
1791409544.155052,69.51003638995262,0.04940618210150352,0.046183784852714564,0.05003727239176722,20.47,1007.799
1791409575.4975395,69.51003638995262,0.049625559075408984,0.04653361344164464,0.04995480793059039,20.44,1007.81
1791409606.8432121,69.51003638995262,0.049418481260776054,0.04634351911129678,0.04969911830569095,20.47,1007.813
1791409638.184531,69.51003638995262,0.049418481260776054,0.04641231539812757,0.05007840325239855,20.46,1007.842
1791409669.5341594,69.51003638995262,0.049590081546719476,0.04648131624281599,0.04989634661137312,20.47,1007.838
1791409700.8796659,69.51003638995262,0.04979753717351281,0.04643529290603012,0.050103195743283965,20.42,1007.799
1791409732.2260807,69.51003638995262,0.049442922841006744,0.04617535472616074,0.04979753717351281,20.42,1007.809
1791409763.5705507,69.51003638995262,0.04949187860374166,0.04624410549443431,0.049822202826353974,20.42,1007.844
1791409794.908109,69.51003638995262,0.049332760090216844,0.04626706793464465,0.04963932930577406,20.43,1007.843
1791409826.2555099,69.51003638995262,0.04968867497766485,0.04626706793464465,0.04999554894882885,20.44,1007.851
1791409857.6022706,69.51003638995262,0.049406358045924526,0.04611566389560387,0.04968867497766485,20.43,1007.841
1791409888.9515839,69.51003638995262,0.049357694803485334,0.04630538465860764,0.0499636124153651,20.46,1007.836
1791409920.3000689,69.51003638995262,0.049357694803485334,0.04658534662399406,0.04966065360942522,20.49,1007.837
1791409951.6386218,69.51003638995262,0.04963629704284928,0.04641921851943068,0.0496850340913058,20.47,1007.863
1791409982.9799938,69.51003638995262,0.04950344305365396,0.04629776811456939,0.04957664044083197,20.46,1007.837
1791410014.3284295,69.51003638995262,0.04969911830569095,0.04641231539812757,0.0497236865334102,20.5,1007.847
1791410045.668971,69.51003638995262,0.04925938107807832,0.046527430900183055,0.04961469320536512,20.5,1007.816
1791410077.0175405,69.51003638995262,0.04956549429348171,0.04617535472616074,0.04987160750888511,20.5,1007.859
1791410108.3090014,69.51003638995262,0.049590081546719476,0.04633609228297528,0.04989634661137312,20.47,1007.874
1791410139.6466782,69.51003638995262,0.049738118854683204,0.04647476067986963,0.049738118854683204,20.44,1007.863
1791410170.9799402,69.51003638995262,0.049529510514805426,0.046451591671892736,0.04983730239909669,20.46,1007.888
1791410202.3243728,69.51003638995262,0.04938180100650085,0.04635914618861253,0.04999554894882885,20.47,1007.899
1791410233.67691,69.51003638995262,0.04943093952140405,0.04635914618861253,0.0500951465340001,20.44,1007.925
1791410265.0234704,69.51003638995262,0.04971338462221945,0.04629776811456939,0.049970711402034004,20.46,1007.941
1791410296.3699515,69.51003638995262,0.04965005461258864,0.04667687430145271,0.04995480793059039,20.47,1007.916
1791410327.7193732,69.51003638995262,0.049758319381525536,0.0463508511400004,0.05006187400535234,20.46,1007.957
1791410359.042951,69.51003638995262,0.04950344305365396,0.04653361344164464,0.04983182118230547,20.47,1007.926
1791410390.3883584,69.51003638995262,0.049418481260776054,0.04641231539812757,0.050028891806044355,20.47,1007.914
1791410421.7087524,69.51003638995262,0.04946738861002005,0.04632063231584426,0.05005363528544183,20.44,1007.942
1791410453.0294778,69.51003638995262,0.0493940638334733,0.046152483208127135,0.0497728959312093,20.47,1007.979
1791410484.3759465,69.51003638995262,0.04971338462221945,0.04629005319011336,0.05027743291969406,20.49,1007.987
1791410515.7233355,69.51003638995262,0.049455545469431095,0.046382223045996575,0.05012010796470124,20.44,1007.999
1791410547.050877,69.51003638995262,0.04955421471939576,0.04647476067986963,0.04988704265692065,20.46,1008.006
1791410578.3824291,69.51003638995262,0.04934471745132814,0.04647476067986963,0.0499368823007415,20.49,1008.007
1791410609.7277462,69.51003638995262,0.04929544423063965,0.046212915198969945,0.04988704265692065,20.46,1008.023
1791410641.08138,69.51003638995262,0.0497728959312093,0.04643529290603012,0.04979753717351281,20.46,1008.038
1791410672.4327111,69.51003638995262,0.04950344305365396,0.04611566389560387,0.04980729646611902,20.46,1008.058
1791410703.770365,69.51003638995262,0.04950344305365396,0.046464908929003346,0.05011114987858408,20.46,1008.075
1791410735.1207626,69.51003638995262,0.049625559075408984,0.04641231539812757,0.04995480793059039,20.44,1008.039
1791410766.4553716,69.51003638995262,0.04946738861002005,0.046366428534434526,0.050103195743283965,20.4,1008.076
1791410797.8088453,69.51003638995262,0.04946738861002005,0.04648131624281599,0.049822202826353974,20.39,1008.099
1791410829.153272,69.51003638995262,0.049504830929458024,0.04647476067986963,0.04983730239909669,20.4,1008.071
1791410860.5017784,69.51003638995262,0.04922171863051416,0.046235999702588244,0.04986216012334837,20.39,1008.059
1791410891.849189,69.51003638995262,0.04962847541756207,0.04632856880450217,0.049961839485533135,20.39,1008.069
1791410923.184905,69.51003638995262,0.049307223907024376,0.04639823924579789,0.04995286051197753,20.38,1008.095
1791410954.54326,69.51003638995262,0.04961749062174252,0.04632856880450217,0.04987762660111939,20.39,1008.064
1791410985.88178,69.51003638995262,0.049852598965409986,0.046444802737629146,0.050187581787753954,20.35,1008.081
1791411017.2252243,69.51003638995262,0.04948128725358701,0.04657363715020187,0.049817772933504714,20.36,1008.111
1791411048.5758545,69.51003638995262,0.049601087696730606,0.046183784852714564,0.04988094314075071,20.36,1008.108
1791411079.9312932,69.51003638995262,0.049199589641188896,0.04629776811456939,0.04985637006193974,20.36,1008.098
1791411111.2718885,69.51003638995262,0.04932095611164732,0.04606122326180037,0.04967457434406168,20.39,1008.115
1791411142.6233683,69.51003638995262,0.04921058288998283,0.04638936061883135,0.04979753717351281,20.4,1008.122
1791411173.9687815,69.51003638995262,0.049516392858168404,0.046006187323696865,0.049822202826353974,20.39,1008.166
1791411205.316251,69.51003638995262,0.04891392674622289,0.046451591671892736,0.04986216012334837,20.4,1008.119
1791411236.6597378,69.51003638995262,0.049394089272587066,0.046235999702588244,0.049678106323564813,20.42,1008.156
1791411268.0073223,69.51003638995262,0.04893832391149054,0.046212915198969945,0.04955421471939576,20.4,1008.187
1791411299.359708,69.51003638995262,0.049085219524982696,0.04604258992890011,0.04941881225096556,20.44,1008.226
1791411330.69209,69.51003638995262,0.049085219524982696,0.04630539179654327,0.04941881225096556,20.44,1008.186
1791411362.0337138,69.51003638995262,0.04936939101839778,0.04625910728030313,0.04970295902019145,20.47,1008.209
1791411393.384195,69.51003638995262,0.04920830786685299,0.04611186503172667,0.049802618968771695,20.49,1008.205
1791411424.7096364,69.51003638995262,0.049717430073504924,0.046491459782012114,0.05000314266898913,20.43,1008.226
1791411456.0402415,69.51003638995262,0.04921058288998283,0.046366428534434526,0.04954093140936851,20.46,1008.234
1791411487.3866227,69.51003638995262,0.04965005461258864,0.046373617879224845,0.049905540454537684,20.44,1008.244
1791411518.7111096,69.51003638995262,0.049601087696730606,0.04617535472616074,0.04997947816480872,20.4,1008.293
1791411550.0586152,69.51003638995262,0.049332760090216844,0.04614379978760147,0.04971338462221945,20.43,1008.319
1791411581.3992076,69.51003638995262,0.04955421471939576,0.046497952811739164,0.04988704265692065,20.43,1008.314
1791411612.7535057,69.51003638995262,0.04915899852546623,0.046135003080558165,0.04975273908720224,20.42,1008.274
1791411644.082159,69.51003638995262,0.04935683120414311,0.0464215093152393,0.04943142959218276,20.47,1008.315
1791411675.419556,69.51003638995262,0.04923299965126802,0.046444802737629146,0.049567671414484836,20.49,1008.356
1791411706.7720945,69.51003638995262,0.04935683120414311,0.04627432047568939,0.04997798894344247,20.47,1008.345
1791411738.1016877,69.51003638995262,0.049046252334493425,0.04625104250764628,0.04940653842018186,20.43,1008.357
1791411769.4440591,69.51003638995262,0.049667410073792786,0.04625104250764628,0.049667410073792786,20.43,1008.377
1791411800.7845612,69.51003638995262,0.0496424377982678,0.046158164361504696,0.04992775733646066,20.42,1008.386
1791411832.1369433,69.51003638995262,0.04925771622785029,0.04630539179654327,0.04982759643387825,20.43,1008.392
1791411863.4645936,69.51003638995262,0.049442922841006744,0.04655656011865988,0.04969911830569095,20.43,1008.4
1791411894.8109262,69.51003638995262,0.04922381512737365,0.046161055516538284,0.04955221727206193,20.42,1008.407
1791411926.0906298,69.51003638995262,0.049175387988406385,0.04632063231584426,0.04985637006193974,20.44,1008.403
1791411957.4320524,69.51003638995262,0.0493572683667139,0.04629005319011336,0.04971338462221945,20.43,1008.455
1791411988.7755568,69.51003638995262,0.049246269315443146,0.04588175465806981,0.049603697133806614,20.43,1008.447
1791412020.1250267,69.51003638995262,0.049394089272587066,0.046374992494203564,0.04975273908720224,20.43,1008.511
1791412051.466583,69.51003638995262,0.04951795215036561,0.04622778794746078,0.05016239862248097,20.39,1008.444
1791412082.8168542,69.51003638995262,0.04935683120414311,0.04625104250764628,0.04995286051197753,20.39,1008.476
1791412114.1484108,69.51003638995262,0.04920830786685299,0.04620455675984294,0.04982759643387825,20.4,1008.515
1791412145.491926,69.51003638995262,0.04951795215036561,0.046135003080558165,0.04982759643387825,20.39,1008.48
1791412176.8264744,69.51003638995262,0.04935683120414311,0.04618134890957369,0.049667410073792786,20.42,1008.4
1791412208.1789484,69.51003638995262,0.049592568506396394,0.046320946776863915,0.04990267937883482,20.39,1008.478
1791412239.5204477,69.51003638995262,0.04939411535608727,0.04641448183417487,0.04968172772470527,20.46,1008.459
1791412270.8689184,69.51003638995262,0.049194734704486355,0.046212915198969945,0.04979264926547281,20.4,1008.55
1791412302.2033787,69.51003638995262,0.04948017592657001,0.04642844575324195,0.049603697133806614,20.4,1008.57
1791412333.5298626,69.51003638995262,0.04948017592657001,0.04612080723562034,0.04948017592657001,20.42,1008.548
1791412364.872473,69.51003638995262,0.04932006853438262,0.04618985373490448,0.05001182876779583,20.4,1008.612
1791412396.2199628,69.51003638995262,0.04944355999067706,0.04635176902542529,0.0497278365956119,20.42,1008.573
1791412427.5615196,69.51003638995262,0.04923299965126802,0.04619608839143698,0.04961749062174252,20.42,1008.599
1791412458.907904,69.51003638995262,0.049194734704486355,0.045940463637996594,0.049531245591673004,20.42,1008.589
1791412490.2524571,69.51003638995262,0.049332015084558076,0.046391062673903694,0.04992775733646066,20.43,1008.637
1791412521.5829406,69.51003638995262,0.049344118833975256,0.04621946813756768,0.049706897022054664,20.46,1008.627
1791412552.9132621,69.51003638995262,0.04955626260981415,0.04641448183417487,0.049893296286735556,20.4,1008.676
1791412584.240872,69.51003638995262,0.04960637253565251,0.04607954355939451,0.049918521649233584,20.39,1008.657
1791412615.5643134,69.51003638995262,0.04926931353664619,0.046033090113291535,0.049581304911690875,20.42,1008.645
1791412646.9057786,69.51003638995262,0.049219569215923194,0.04619608839143698,0.04955626260981415,20.42,1008.681
1791412678.2523532,69.51003638995262,0.04939411535608727,0.046093626189681575,0.04973209183440344,20.43,1008.716
1791412709.6038969,69.51003638995262,0.0492810642254277,0.04610280545842505,0.049670917383947286,20.43,1008.716
1791412740.9543276,69.51003638995262,0.04949312990304681,0.04625910728030313,0.049542799308339,20.47,1008.732
1791412772.2848523,69.51003638995262,0.04914821322708764,0.045927592819408815,0.04983730239909669,20.46,1008.701
1791412803.6262665,69.51003638995262,0.04938180100650085,0.04612080723562034,0.049945898521331286,20.46,1008.746
1791412834.9667518,69.51003638995262,0.04918364083732192,0.046514823474561075,0.04951795215036561,20.49,1008.74
1791412866.3033235,69.51003638995262,0.04914514078968988,0.04600989849533203,0.04979264926547281,20.49,1008.724
1791412897.660703,69.51003638995262,0.04945634585732971,0.04607954355939451,0.04976755092496954,20.44,1008.757
1791412929.004245,69.51003638995262,0.04950625381899554,0.04626629869641342,0.049581304911690875,20.44,1008.713
1791412960.3496232,69.51003638995262,0.04963146552012599,0.046149399786199294,0.049943772531824984,20.43,1008.697
1791412991.6943047,69.51003638995262,0.049194734704486355,0.04643792465133375,0.04986809640566218,20.46,1008.735
1791413023.0398552,69.51003638995262,0.049369104437056145,0.04623459232845275,0.04978255815944936,20.42,1008.775
1791413054.3842762,69.51003638995262,0.049230979350384056,0.046046828303353875,0.049858449982524554,20.43,1008.8
1791413085.7256315,69.51003638995262,0.049230979350384056,0.046023464976789726,0.04959511871845338,20.46,1008.781
1791413117.0732274,69.51003638995262,0.049344118833975256,0.04626629869641342,0.04968172772470527,20.46,1008.764
1791413148.4226356,69.51003638995262,0.04931915850842699,0.04632856880450217,0.04976755092496954,20.5,1008.818
1791413179.7681375,69.51003638995262,0.049455545469431095,0.046451591671892736,0.05002041119851437,20.47,1008.81
1791413211.1136513,69.51003638995262,0.049332760090216844,0.04617535472616074,0.049590081546719476,20.47,1008.8
1791413242.4611719,69.51003638995262,0.049332760090216844,0.04614379978760147,0.04966398988437395,20.49,1008.848
1791413273.8088446,69.51003638995262,0.049468332528939854,0.04658505565846436,0.04982759643387825,20.46,1008.858
1791413305.157114,69.51003638995262,0.0490316537643345,0.04647821597112569,0.049994351012354395,20.43,1008.892
1791413336.4926572,69.51003638995262,0.04946930039422772,0.046093626189681575,0.049807829750018746,20.43,1008.88
1791413367.8352182,69.51003638995262,0.0491311143915512,0.046046828303353875,0.04949441296279668,20.43,1008.896
1791413399.1806023,69.51003638995262,0.04944421329606033,0.04626629869641342,0.04978255815944936,20.43,1008.886
1791413430.5201237,69.51003638995262,0.04931915850842699,0.04619608839143698,0.049994351012354395,20.42,1008.885
1791413461.861631,69.51003638995262,0.04910621142472484,0.04626629869641342,0.049706897022054664,20.42,1008.87
1791413493.2120602,69.51003638995262,0.049369104437056145,0.04628974958117115,0.049706897022054664,20.43,1008.861
1791413524.5567403,69.51003638995262,0.04946930039422772,0.04614051929517086,0.04956990387939793,20.44,1008.891
1791413555.9071677,69.51003638995262,0.04902159237084835,0.04630539179654327,0.04977766653241348,20.44,1008.922
1791413587.2505903,69.51003638995262,0.04917269062285496,0.04631306129486087,0.049455545469431095,20.42,1008.924
1791413618.5783067,69.51003638995262,0.04921058288998283,0.04612080723562034,0.049590081546719476,20.4,1008.943
1791413649.9265475,69.51003638995262,0.04936939101839778,0.04611186503172667,0.049802618968771695,20.38,1008.926
1791413681.2511568,69.51003638995262,0.04938167230343918,0.04627432047568939,0.049717430073504924,20.43,1008.94
1791413712.541631,69.51003638995262,0.04948128725358701,0.046320946776863915,0.04976755092496954,20.4,1008.974
1791413743.885991,69.51003638995262,0.04939411535608727,0.046093626189681575,0.04978255815944936,20.4,1009.016
1791413775.240513,69.51003638995262,0.04931915850842699,0.045779890873611326,0.04963146552012599,20.44,1009.007
1791413806.5350766,69.51003638995262,0.04944421329606033,0.04621946813756768,0.04973209183440344,20.42,1008.943
1791413837.8796318,69.51003638995262,0.04960637253565251,0.046407361505751824,0.049918521649233584,20.4,1008.952
1791413869.2271447,69.51003638995262,0.04920597506982003,0.04614051929517086,0.04959511871845338,20.39,1009.043
1791413900.5525992,69.51003638995262,0.049331251111414204,0.046211038126018386,0.049670917383947286,20.38,1009.026
1791413931.8949924,69.51003638995262,0.049242541238481596,0.04628177284162624,0.04955836287857073,20.36,1009.032
1791413963.2445428,69.51003638995262,0.04943193216539181,0.04628177284162624,0.04979776468280359,20.36,1009.031
1791413994.5861578,69.51003638995262,0.04955836287857073,0.04618134890957369,0.04979776468280359,20.35,1009.004
1791414025.936619,69.51003638995262,0.049529510514805426,0.045983331672453304,0.05004529818796236,20.32,1009.059
1791414057.2650483,69.51003638995262,0.04910978790631923,0.046088750180073,0.049678106323564813,20.32,1009.044
1791414088.5956838,69.51003638995262,0.04941881225096556,0.04611186503172667,0.04975273908720224,20.33,1009.071
1791414119.9419677,69.51003638995262,0.04912038131065087,0.046033090113291535,0.04948128725358701,20.36,1009.069
1791414151.297464,69.51003638995262,0.04912038131065087,0.04621946813756768,0.049531245591673004,20.38,1009.116
1791414182.6272256,69.51003638995262,0.049256009055986934,0.046258170554731026,0.04962035922274646,20.36,1009.062
1791414213.9714332,69.51003638995262,0.04940672339370658,0.045826464802145174,0.04943193216539181,20.38,1009.101
1791414245.3180974,69.51003638995262,0.04926774339288267,0.04628177284162624,0.04958372666934426,20.35,1009.087
1791414276.66148,69.51003638995262,0.04938154032031922,0.04616400164596361,0.049670917383947286,20.39,1009.109
1791414308.0059688,69.51003638995262,0.04940672339370658,0.046258170554731026,0.05006196403014493,20.38,1009.113
1791414339.3363755,69.51003638995262,0.04926774339288267,0.046084324837590285,0.04965997405436102,20.36,1009.123
1791414370.6829622,69.51003638995262,0.049507713064198745,0.046258170554731026,0.04982321192713149,20.36,1009.125
1791414402.022566,69.51003638995262,0.049331251111414204,0.04623459232845275,0.049670917383947286,20.38,1009.111
1791414433.35193,69.51003638995262,0.049192214201266,0.04586058317267961,0.04982321192713149,20.39,1009.18
1791414464.6953583,69.51003638995262,0.04926931353664619,0.04630539179654327,0.04950625381899554,20.39,1009.14
1791414496.0309112,69.51003638995262,0.04929544423063965,0.046097837585704515,0.04957894358008597,20.39,1009.142
1791414527.3713958,69.51003638995262,0.04936939101839778,0.045917365233751055,0.04949312990304681,20.39,1009.154
1791414558.7138038,69.51003638995262,0.049194734704486355,0.0458942900451248,0.04955626260981415,20.43,1009.144
1791414590.0563955,69.51003638995262,0.0492444288139661,0.046407361505751824,0.049943772531824984,20.4,1009.133
1791414621.401889,69.51003638995262,0.049217364854445,0.04616400164596361,0.049533025023442305,20.4,1009.1
1791414652.7352912,69.51003638995262,0.04904184842796021,0.045803165998466004,0.04935638290595375,20.39,1009.12
1791414684.0808551,69.51003638995262,0.04911691623301525,0.045919897529266104,0.049457166674731094,20.42,1009.113
1791414715.4144115,69.51003638995262,0.04892671959839247,0.04610791062826671,0.04955836287857073,20.44,1009.137
1791414746.7570562,69.51003638995262,0.049242541238481596,0.04610791062826671,0.04958372666934426,20.43,1009.142
1791414778.1050467,69.51003638995262,0.04905217902726218,0.04588586422882541,0.04941949971955038,20.44,1009.195
1791414809.442893,69.51003638995262,0.049127763999198715,0.04595657019599747,0.04944488337951884,20.44,1009.134
1791414840.7905347,69.51003638995262,0.04902703569475214,0.04632127417266427,0.049368810507105856,20.44,1009.15
1791414872.1318927,69.51003638995262,0.049369104437056145,0.045940463637996594,0.049581304911690875,20.44,1009.174
1791414903.4793484,69.51003638995262,0.04897234676151954,0.045927592819408815,0.049332015084558076,20.43,1009.196
1791414934.8318417,69.51003638995262,0.04918364083732192,0.04586058317267961,0.049567671414484836,20.44,1009.188
1791414966.1863828,69.51003638995262,0.04949441296279668,0.046117060821877,0.04983312701133241,20.43,1009.208
1791414997.535837,69.51003638995262,0.049292971357236016,0.04606076316447193,0.04960911643560462,20.44,1009.178
1791415028.8742204,69.51003638995262,0.04916708923951844,0.04606076316447193,0.049507713064198745,20.43,1009.247
1791415060.220764,69.51003638995262,0.049343504874556576,0.04647146175662946,0.04968544198694953,20.43,1009.227
1791415091.5653226,69.51003638995262,0.049507713064198745,0.046249933921102965,0.04987418451865986,20.39,1009.197
1791415122.9128945,69.51003638995262,0.04910254313970564,0.04617881307651219,0.04941949971955038,20.4,1009.189
1791415154.2442338,69.51003638995262,0.04926774339288267,0.0458153754951814,0.049925261513973224,20.36,1009.188
1791415185.57191,69.51003638995262,0.04911691623301525,0.045919897529266104,0.04914198992985664,20.38,1009.187
1791415216.9001884,69.51003638995262,0.04887671533833325,0.04590940869795095,0.04958372666934426,20.4,1009.205
1791415248.2468004,69.51003638995262,0.04907734816233368,0.04615515471056489,0.04939414210877195,20.39,1009.224
1791415279.5733402,69.51003638995262,0.04931822517121057,0.04593297734125822,0.04965997405436102,20.43,1009.225
1791415310.9206908,69.51003638995262,0.048957322161601494,0.04600989849533203,0.04950625381899554,20.42,1009.211
1791415342.2651238,69.51003638995262,0.04920830786685299,0.04635176902542529,0.049567671414484836,20.44,1009.171
1791415373.6117673,69.51003638995262,0.049603697133806614,0.046158164361504696,0.049603697133806614,20.42,1009.214
1791415404.954235,69.51003638995262,0.048957322161601494,0.046023464976789726,0.04931915850842699,20.42,1009.242
1791415436.287682,69.51003638995262,0.04915604262900609,0.046046828303353875,0.04944421329606033,20.44,1009.234
1791415467.6302607,69.51003638995262,0.04909186810980902,0.04596675690924968,0.04974694809776837,20.42,1009.21
1791415498.9686897,69.51003638995262,0.04940672339370658,0.045896503648024854,0.04943193216539181,20.42,1009.242
1791415530.251293,69.51003638995262,0.04904184842796021,0.04601371202309267,0.04998545186194082,20.39,1009.223
1791415561.5946772,69.51003638995262,0.04931822517121057,0.04632904974473525,0.04960911643560462,20.42,1009.26
1791415592.9449902,69.51003638995262,0.04916708923951844,0.045943315270833465,0.049772343419605555,20.43,1009.214
1791415624.2706206,69.51003638995262,0.04938154032031922,0.045943315270833465,0.049721578677604135,20.42,1009.24
1791415655.60922,69.51003638995262,0.04916708923951844,0.04628177284162624,0.049482426961161015,20.4,1009.237
1791415686.9495862,69.51003638995262,0.049507713064198745,0.045862343896707757,0.04982321192713149,20.39,1009.249
1791415718.2960136,69.51003638995262,0.049066845521132565,0.04634429518093137,0.049858449982524554,20.38,1009.222
1791415749.6357005,69.51003638995262,0.049332015084558076,0.045802220748214044,0.04961749062174252,20.4,1009.211
1791415780.984972,69.51003638995262,0.04914514078968988,0.0460563051228431,0.049531245591673004,20.42,1009.23
1791415812.3225052,69.51003638995262,0.04943142959218276,0.04617273228626068,0.04979264926547281,20.4,1009.269
1791415843.6740952,69.51003638995262,0.04920597506982003,0.04616400164596361,0.04949441296279668,20.38,1009.313
1791415875.0045896,69.51003638995262,0.04920597506982003,0.04616400164596361,0.04956990387939793,20.39,1009.304
1791415906.3329093,69.51003638995262,0.04911691623301525,0.04628177284162624,0.04974694809776837,20.38,1009.31
1791415937.6755183,69.51003638995262,0.04914198992985664,0.04606076316447193,0.04974694809776837,20.36,1009.286
1791415969.0149941,69.51003638995262,0.049507713064198745,0.046093626189681575,0.04982321192713149,20.39,1009.342
1791416000.368551,69.51003638995262,0.04916708923951844,0.045943315270833465,0.049482426961161015,20.38,1009.329
1791416031.6979208,69.51003638995262,0.04938154032031922,0.04610791062826671,0.04969623511950586,20.38,1009.314
1791416063.0395954,69.51003638995262,0.04911691623301525,0.04610791062826671,0.04974694809776837,20.36,1009.356
1791416094.3859951,69.51003638995262,0.04926774339288267,0.04606076316447193,0.04963453221727514,20.39,1009.308
1791416125.7354329,69.51003638995262,0.049217364854445,0.04582520342348718,0.049670917383947286,20.38,1009.341
1791416157.067986,69.51003638995262,0.049394089272587066,0.04596049871908743,0.04934471745132814,20.4,1009.352
1791416188.4494536,69.51003638995262,0.04927084450325129,0.046152483208127135,0.04932006853438262,20.42,1009.334
1791416219.8000004,69.51003638995262,0.04905054684905384,0.046212915198969945,0.049762877711774546,20.44,1009.34
1791416251.1253066,69.51003638995262,0.04938167230343918,0.0460563051228431,0.049742477873714636,20.43,1009.337
1791416282.4789217,69.51003638995262,0.048957322161601494,0.04617273228626068,0.04965658390361601,20.43,1009.365
1791416313.8313363,69.51003638995262,0.04931915850842699,0.046033090113291535,0.04931915850842699,20.43,1009.359
1791416345.1768384,69.51003638995262,0.04898207430849036,0.046023464976789726,0.04960637253565251,20.39,1009.377
1791416376.5213113,69.51003638995262,0.04949441296279668,0.046046828303353875,0.049807829750018746,20.4,1009.38
1791416407.8659067,69.51003638995262,0.049256009055986934,0.04623459232845275,0.04959511871845338,20.4,1009.383
1791416439.216399,69.51003638995262,0.04899193057242231,0.045849787320801534,0.0492810642254277,20.42,1009.413
1791416470.5478215,69.51003638995262,0.04891724403431381,0.045826464802145174,0.049544714666454305,20.43,1009.435
1791416501.8883915,69.51003638995262,0.0491809961755746,0.04645457378819654,0.049544714666454305,20.43,1009.385
1791416533.230847,69.51003638995262,0.04920597506982003,0.046126090855485705,0.04946930039422772,20.43,1009.401
1791416564.56845,69.51003638995262,0.0491699252417012,0.04587123803713526,0.04979264926547281,20.42,1009.436
1791416595.9217627,69.51003638995262,0.04935683120414311,0.04628223796672743,0.0496424377982678,20.39,1009.422
1791416627.267517,69.51003638995262,0.049046252334493425,0.04607954355939451,0.04969240748621415,20.4,1009.439
1791416658.613926,69.51003638995262,0.04926931353664619,0.046149399786199294,0.04963146552012599,20.4,1009.457
1791416689.9553895,69.51003638995262,0.04915604262900609,0.04616400164596361,0.04951955104057622,20.4,1009.446
1791416721.3108678,69.51003638995262,0.0492810642254277,0.046023464976789726,0.049306144897584385,20.42,1009.452
1791416752.6642597,69.51003638995262,0.0490316537643345,0.04636024509057595,0.04973209183440344,20.39,1009.46
1791416784.0117676,69.51003638995262,0.0492810642254277,0.04601371202309267,0.049670917383947286,20.39,1009.458
1791416815.349281,69.51003638995262,0.04940672339370658,0.04601371202309267,0.04969623511950586,20.38,1009.463
1791416846.7006052,69.51003638995262,0.049457166674731094,0.046211038126018386,0.04979776468280359,20.38,1009.467
1791416878.0472722,69.51003638995262,0.04940672339370658,0.04630539922598652,0.04943193216539181,20.39,1009.484
1791416909.385759,69.51003638995262,0.04895176011642107,0.045896503648024854,0.04939414210877195,20.39,1009.505
1791416940.7223394,69.51003638995262,0.0491311143915512,0.046046828303353875,0.04978255815944936,20.43,1009.506
1791416972.0506809,69.51003638995262,0.049567671414484836,0.04618134890957369,0.049852598965409986,20.39,1009.522
1791417003.3831394,69.51003638995262,0.04918364083732192,0.04621946813756768,0.049592568506396394,20.38,1009.51
1791417034.7356348,69.51003638995262,0.049544714666454305,0.046093626189681575,0.04988379870280892,20.35,1009.507
1791417066.0793526,69.51003638995262,0.049507713064198745,0.04511378265748,0.04955836287857073,20.33,1009.504
1791417097.4256043,69.51003638995262,0.04890170468544769,0.04606076316447193,0.049292971357236016,20.36,1009.506
1791417128.7601604,69.51003638995262,0.049368810507105856,0.04637642333346923,0.04971093605521023,20.4,1009.518
1791417160.1044214,69.51003638995262,0.04911691623301525,0.04603722557193856,0.04943193216539181,20.39,1009.528
1791417191.4302337,69.51003638995262,0.049066845521132565,0.045943315270833465,0.049457166674731094,20.4,1009.563
1791417222.7687001,69.51003638995262,0.04909186810980902,0.04618750791072982,0.04974694809776837,20.38,1009.573
1791417254.1182797,69.51003638995262,0.04940672339370658,0.045943315270833465,0.04940672339370658,20.38,1009.633
1791417285.4576528,69.51003638995262,0.04935638290595375,0.046046828303353875,0.04964562543148264,20.39,1009.635
1791417316.7610378,69.51003638995262,0.04915899852546623,0.04604258992890011,0.04949312990304681,20.4,1009.558
1791417348.085852,69.51003638995262,0.04955421471939576,0.04630539179654327,0.049678106323564813,20.43,1009.61
1791417379.4422126,69.51003638995262,0.04925771622785029,0.0459867302336281,0.04961749062174252,20.42,1009.639
1791417410.7787404,69.51003638995262,0.04931915850842699,0.04593024827291574,0.04939411535608727,20.39,1009.627
1791417442.124019,69.51003638995262,0.0491311143915512,0.045953517030446034,0.04946930039422772,20.39,1009.655
1791417473.466791,69.51003638995262,0.04931915850842699,0.04590700306792692,0.04965658390361601,20.36,1009.641
1791417504.8130894,69.51003638995262,0.049230979350384056,0.04587313359066138,0.049544714666454305,20.35,1009.629
1791417536.1595612,69.51003638995262,0.049066845521132565,0.04614051929517086,0.04938154032031922,20.38,1009.61
1791417567.505045,69.51003638995262,0.049066845521132565,0.04599022248111206,0.04969623511950586,20.39,1009.594
1791417598.8425457,69.51003638995262,0.049306144897584385,0.04628974958117115,0.04959511871845338,20.39,1009.643
1791417630.1951885,69.51003638995262,0.049056481149407014,0.046093626189681575,0.04975731220056946,20.35,1009.635
1791417661.5376027,69.51003638995262,0.049056481149407014,0.04614051929517086,0.04968172772470527,20.35,1009.643
1791417692.8821182,69.51003638995262,0.04943193216539181,0.04632904974473525,0.04974694809776837,20.36,1009.639
1791417724.2275832,69.51003638995262,0.04920597506982003,0.04611186503172667,0.04951955104057622,20.35,1009.603
1791417755.576388,69.51003638995262,0.04928381648206583,0.04602906570668035,0.04963932930577406,20.35,1009.603
1791417786.9284697,69.51003638995262,0.04917269062285496,0.045733410832374935,0.049812469447079635,20.35,1009.67
1791417818.2861545,69.51003638995262,0.04913438089415189,0.04620455675984294,0.04951795215036561,20.32,1009.607
1791417849.6286232,69.51003638995262,0.049344118833975256,0.0460702153622581,0.04973209183440344,20.35,1009.656
1791417880.963985,69.51003638995262,0.0490316537643345,0.045976809376331855,0.049706897022054664,20.35,1009.613
1791417912.3114758,69.51003638995262,0.04944421329606033,0.04614051929517086,0.04978255815944936,20.35,1009.628
1791417943.6531641,69.51003638995262,0.049256009055986934,0.046352724434871304,0.04993457354790854,20.32,1009.729
1791417975.0075667,69.51003638995262,0.049066845521132565,0.04575663939150191,0.04938154032031922,20.35,1009.648
1791418006.3340201,69.51003638995262,0.049056481149407014,0.04566386917149255,0.04968172772470527,20.36,1009.622
1791418037.6615622,69.51003638995262,0.0491311143915512,0.045896503648024854,0.04946930039422772,20.38,1009.637
1791418068.9889772,69.51003638995262,0.04911691623301525,0.04603722557193856,0.049482426961161015,20.4,1009.712
1791418100.335475,69.51003638995262,0.04916708923951844,0.04599022248111206,0.049482426961161015,20.42,1009.695
1791418131.6810277,69.51003638995262,0.04911691623301525,0.04601371202309267,0.04943193216539181,20.4,1009.715
1791418163.0275989,69.51003638995262,0.04910621142472484,0.045802220748214044,0.04960637253565251,20.43,1009.709
1791418194.3739612,69.51003638995262,0.04934471745132814,0.04595054626320064,0.049603697133806614,20.44,1009.723
1791418225.7125084,69.51003638995262,0.04934471745132814,0.04604258992890011,0.04955421471939576,20.44,1009.754
1791418257.0488975,69.51003638995262,0.04928245763395797,0.04643792465133375,0.04992775733646066,20.42,1009.716
1791418288.381464,69.51003638995262,0.049369104437056145,0.046149399786199294,0.04968172772470527,20.42,1009.726
1791418319.7378905,69.51003638995262,0.0490316537643345,0.04619608839143698,0.049344118833975256,20.42,1009.796
1791418351.0784657,69.51003638995262,0.0491809961755746,0.046046828303353875,0.04956990387939793,20.43,1009.769
1791418382.4168844,69.51003638995262,0.04946930039422772,0.04614051929517086,0.04978255815944936,20.44,1009.775
1791418413.7744942,69.51003638995262,0.04914198992985664,0.046211038126018386,0.049721578677604135,20.4,1009.811
1791418445.104646,69.51003638995262,0.04935638290595375,0.04645457378819654,0.04969623511950586,20.42,1009.825
1791418476.4475062,69.51003638995262,0.049230979350384056,0.046093626189681575,0.04962035922274646,20.42,1009.823
1791418507.7929306,69.51003638995262,0.049256009055986934,0.04587313359066138,0.04959511871845338,20.39,1009.875
1791418539.125455,69.51003638995262,0.04904184842796021,0.046211038126018386,0.04969623511950586,20.42,1009.861
1791418570.4748976,69.51003638995262,0.04946930039422772,0.045976809376331855,0.04978255815944936,20.43,1009.911
1791418601.820428,69.51003638995262,0.049194734704486355,0.04590466229580298,0.04945634585732971,20.43,1009.907
1791418633.1777952,69.51003638995262,0.049099331469629595,0.04579035228198947,0.049406358045924526,20.44,1009.918
1791418664.5294218,69.51003638995262,0.049455545469431095,0.04640532288941956,0.04968867497766485,20.43,1009.964
1791418695.8807836,69.51003638995262,0.049085219524982696,0.04618134890957369,0.049394089272587066,20.43,1009.958
1791418727.2183378,69.51003638995262,0.04950625381899554,0.04610280545842505,0.049581304911690875,20.42,1009.941
1791418758.5619686,69.51003638995262,0.04914514078968988,0.04607954355939451,0.04945634585732971,20.44,1009.953
1791418789.9082422,69.51003638995262,0.04900685149672799,0.046336722742011366,0.04963146552012599,20.42,1009.93
1791418821.2538435,69.51003638995262,0.04910621142472484,0.046000125346459905,0.04975731220056946,20.42,1010.008
1791418852.5964308,69.51003638995262,0.0490316537643345,0.04636024509057595,0.04939411535608727,20.39,1010.014
1791418883.947744,69.51003638995262,0.0491311143915512,0.04624287156056486,0.049419151629564145,20.42,1010.006
1791418915.2893183,69.51003638995262,0.0490316537643345,0.04561762498526661,0.04965658390361601,20.42,1010.019
1791418946.6359444,69.51003638995262,0.0492810642254277,0.0463837913330143,0.04959511871845338,20.39,1010.019
1791418977.9733508,69.51003638995262,0.04938154032031922,0.04601371202309267,0.049457166674731094,20.38,1010.036
1791419009.324732,69.51003638995262,0.049369104437056145,0.04604258992890011,0.049581304911690875,20.39,1010.024
1791419040.664362,69.51003638995262,0.04914821322708764,0.045993014796567644,0.049590081546719476,20.39,1010.028
1791419072.0158126,69.51003638995262,0.049161881288830804,0.046074890803653124,0.049590081546719476,20.4,1010.06
1791419103.350488,69.51003638995262,0.04915899852546623,0.04596358529291441,0.049567671414484836,20.42,1010.057
1791419134.6408894,69.51003638995262,0.049046252334493425,0.04600989849533203,0.04940653842018186,20.43,1010.02
1791419165.9772031,69.51003638995262,0.048932595018118065,0.04619608839143698,0.04963146552012599,20.44,1010.04
1791419197.3287482,69.51003638995262,0.04931915850842699,0.04607954355939451,0.049706897022054664,20.42,1010.084
1791419228.6731446,69.51003638995262,0.04909564676685879,0.0460702153622581,0.04955626260981415,20.4,1010.024
1791419260.0217028,69.51003638995262,0.04935638290595375,0.046093626189681575,0.04969623511950586,20.42,1009.969
1791419291.3651369,69.51003638995262,0.04914198992985664,0.045919897529266104,0.049457166674731094,20.39,1009.996
1791419322.7088816,69.51003638995262,0.049217364854445,0.04623459232845275,0.050113102404446164,20.4,1010.045
1791419354.0361772,69.51003638995262,0.04901687679134577,0.046211038126018386,0.04962035922274646,20.39,1010.065
1791419385.3757744,69.51003638995262,0.04901687679134577,0.04600989849533203,0.04962035922274646,20.38,1010.029
1791419416.7251456,69.51003638995262,0.04891392674622289,0.04612963433625897,0.04948017592657001,20.39,1010.069
1791419448.0576673,69.51003638995262,0.0491862200339705,0.04596049871908743,0.04956549429348171,20.36,1010.09
1791419479.4033334,69.51003638995262,0.04922171863051416,0.045927592819408815,0.04957894358008597,20.38,1010.05
1791419510.7526257,69.51003638995262,0.04925771622785029,0.04629762188695117,0.04990267937883482,20.35,1010.107
1791419542.0912013,69.51003638995262,0.04909564676685879,0.0457218850456517,0.049717430073504924,20.36,1010.057
1791419573.4267678,69.51003638995262,0.0492444288139661,0.04617273228626068,0.049581304911690875,20.38,1010.077
1791419604.767368,69.51003638995262,0.0491809961755746,0.04614051929517086,0.04951955104057622,20.38,1010.078
1791419636.1088252,69.51003638995262,0.04910621142472484,0.045976809376331855,0.04944421329606033,20.39,1010.038
1791419667.4571965,69.51003638995262,0.0491311143915512,0.046555494848213995,0.04944421329606033,20.38,1010.102
1791419698.8016298,69.51003638995262,0.04920597506982003,0.0460702153622581,0.04951955104057622,20.39,1010.058
1791419730.152125,69.51003638995262,0.04891724403431381,0.04631322425096903,0.049544714666454305,20.38,1010.081
1791419761.494811,69.51003638995262,0.04915604262900609,0.046211038126018386,0.049544714666454305,20.35,1010.123
1791419792.8411064,69.51003638995262,0.049306144897584385,0.04575663939150191,0.04964562543148264,20.35,1010.137
1791419824.179722,69.51003638995262,0.04910621142472484,0.04590700306792692,0.04949441296279668,20.36,1010.09
1791419855.5202072,69.51003638995262,0.04910978790631923,0.04605196685533338,0.04941881225096556,20.39,1010.155
1791419886.8676825,69.51003638995262,0.04898719132747268,0.04632856880450217,0.04934471745132814,20.38,1010.14
1791419918.2130742,69.51003638995262,0.04903615643422564,0.046019544459855836,0.04934471745132814,20.4,1010.141
1791419949.5518765,69.51003638995262,0.04949312990304681,0.045917365233751055,0.049542799308339,20.42,1010.195
1791419980.8801684,69.51003638995262,0.049046252334493425,0.046149399786199294,0.04940653842018186,20.4,1010.209
1791420012.2237127,69.51003638995262,0.048645330786556806,0.046000125346459905,0.04960637253565251,20.39,1010.175
1791420043.5691996,69.51003638995262,0.049056481149407014,0.045837408411154607,0.04996904897325676,20.42,1010.207
1791420074.9096663,69.51003638995262,0.048932595018118065,0.045940463637996594,0.04948128725358701,20.43,1010.226
1791420106.2582006,69.51003638995262,0.04914514078968988,0.046126090855485705,0.04948128725358701,20.42,1010.288
1791420137.5946589,69.51003638995262,0.049219569215923194,0.04629762188695117,0.049531245591673004,20.39,1010.251
1791420168.9471602,69.51003638995262,0.049219569215923194,0.046046828303353875,0.04963146552012599,20.42,1010.246
1791420200.2866976,69.51003638995262,0.0491809961755746,0.04551241030911949,0.04951955104057622,20.39,1010.288
1791420231.6372957,69.51003638995262,0.0492810642254277,0.045896503648024854,0.049909173211479065,20.4,1010.259
1791420262.9767497,69.51003638995262,0.04911691623301525,0.04618134890957369,0.04964562543148264,20.39,1010.285
1791420294.3241792,69.51003638995262,0.04898719132747268,0.04612963433625897,0.04927084450325129,20.42,1010.306
1791420325.6656108,69.51003638995262,0.049064766702567604,0.04572203913038543,0.04946738861002005,20.43,1010.316
1791420357.015265,69.51003638995262,0.048832210396571665,0.046097837585704515,0.04921058288998283,20.43,1010.309
1791420388.3646426,69.51003638995262,0.04919719241183641,0.046135003080558165,0.04955421471939576,20.44,1010.313
1791420419.7010968,69.51003638995262,0.04912038131065087,0.04607954355939451,0.04945634585732971,20.42,1010.327
1791420451.0495458,69.51003638995262,0.04926931353664619,0.04566386917149255,0.049893296286735556,20.4,1010.378
1791420482.3990722,69.51003638995262,0.048867579388352525,0.045976809376331855,0.04944421329606033,20.43,1010.355
1791420513.74053,69.51003638995262,0.04939411535608727,0.04619608839143698,0.049419151629564145,20.4,1010.45
1791420545.083121,69.51003638995262,0.0487685520241525,0.04593024827291574,0.04908133369011989,20.4,1010.42
1791420576.4256132,69.51003638995262,0.0490316537643345,0.045571474368038975,0.04931915850842699,20.42,1010.412
1791420607.771042,69.51003638995262,0.04900685149672799,0.045953517030446034,0.04963146552012599,20.4,1010.452
1791420639.1196208,69.51003638995262,0.0490316537643345,0.04593024827291574,0.049056481149407014,20.4,1010.429
1791420670.4691052,69.51003638995262,0.0491809961755746,0.045883781379737976,0.0491809961755746,20.4,1010.402
1791420701.7935545,69.51003638995262,0.04898207430849036,0.045883781379737976,0.049344118833975256,20.42,1010.43
1791420733.1400027,69.51003638995262,0.0491699252417012,0.045802220748214044,0.04950625381899554,20.4,1010.419
1791420764.4854264,69.51003638995262,0.04917269062285496,0.04572203913038543,0.04948017592657001,20.39,1010.497
1791420795.8280299,69.51003638995262,0.04900185907610497,0.04583600790331021,0.04938180100650085,20.4,1010.477
1791420827.16786,69.51003638995262,0.04906067571323075,0.046019544459855836,0.049468332528939854,20.39,1010.462
1791420858.504982,69.51003638995262,0.048996957192306234,0.046158164361504696,0.049332015084558076,20.4,1010.458
1791420889.8484855,69.51003638995262,0.049046252334493425,0.04587123803713526,0.049667410073792786,20.4,1010.451
1791420921.1380157,69.51003638995262,0.049046252334493425,0.04607954355939451,0.049717430073504924,20.38,1010.469
1791420952.4895167,69.51003638995262,0.049056481149407014,0.045883781379737976,0.04939411535608727,20.39,1010.509
1791420983.8360252,69.51003638995262,0.04915604262900609,0.04586058317267961,0.04944421329606033,20.4,1010.491
1791421015.1784422,69.51003638995262,0.04931915850842699,0.04593024827291574,0.05001967868802204,20.42,1010.505
1791421046.5259058,69.51003638995262,0.0490316537643345,0.04586058317267961,0.049369104437056145,20.42,1010.512
1791421077.8735023,69.51003638995262,0.048957322161601494,0.045883781379737976,0.04929422342207144,20.44,1010.503
1791421109.217892,69.51003638995262,0.049056481149407014,0.046000125346459905,0.04939411535608727,20.4,1010.545
1791421140.5627208,69.51003638995262,0.04901687679134577,0.04579112908267524,0.049331251111414204,20.39,1010.538
1791421171.9059265,69.51003638995262,0.04891392674622289,0.04593768842980423,0.04927084450325129,20.4,1010.566
1791421203.247477,69.51003638995262,0.049234969892713254,0.04580130075574907,0.049442922841006744,20.43,1010.581
1791421234.5969303,69.51003638995262,0.049234969892713254,0.04602906570668035,0.04956549429348171,20.38,1010.563
1791421265.9263928,69.51003638995262,0.04903615643422564,0.04562988476834691,0.04936939101839778,20.39,1010.572
1791421297.2549143,69.51003638995262,0.0490316537643345,0.045883781379737976,0.04965658390361601,20.39,1010.601
1791421328.590511,69.51003638995262,0.04888321558997717,0.04579112908267524,0.049219569215923194,20.39,1010.6
1791421359.943954,69.51003638995262,0.04883393572205004,0.0460563051228431,0.04948128725358701,20.39,1010.616
1791421391.2694054,69.51003638995262,0.04857169647546798,0.04576802444488533,0.04955626260981415,20.4,1010.674
1791421422.6130683,69.51003638995262,0.04884278486378445,0.045733411516131806,0.04949441296279668,20.4,1010.644
1791421453.9594047,69.51003638995262,0.0491311143915512,0.04590700306792692,0.04944421329606033,20.38,1010.659
1791421485.2949667,69.51003638995262,0.0490316537643345,0.04590700306792692,0.049344118833975256,20.36,1010.665
1791421516.630595,69.51003638995262,0.04900685149672799,0.04590700306792692,0.04960637253565251,20.32,1010.696
1791421547.9797807,69.51003638995262,0.04900685149672799,0.04590700306792692,0.04931915850842699,20.36,1010.676
1791421579.3223188,69.51003638995262,0.049070937120664196,0.045779261114348116,0.04945634585732971,20.36,1010.688
1791421610.6729827,69.51003638995262,0.04932006853438262,0.04631306129486087,0.04934471745132814,20.36,1010.694
1791421642.009337,69.51003638995262,0.04914821322708764,0.045699313352532876,0.049455545469431095,20.36,1010.749
1791421673.3629363,69.51003638995262,0.04922171863051416,0.045733410832374935,0.049529510514805426,20.36,1010.707
1791421704.7103515,69.51003638995262,0.04915899852546623,0.04627432047568939,0.049542799308339,20.4,1010.794
1791421736.053868,69.51003638995262,0.04920830786685299,0.04584820917487014,0.04982759643387825,20.38,1010.728
1791421767.3824303,69.51003638995262,0.04902159237084835,0.045940463637996594,0.049307223907024376,20.38,1010.735
1791421798.724812,69.51003638995262,0.049046252334493425,0.0460563051228431,0.04969240748621415,20.36,1010.729
1791421830.0544217,69.51003638995262,0.04874385786175789,0.045953517030446034,0.049344118833975256,20.36,1010.806
1791421861.3990078,69.51003638995262,0.04929422342207144,0.04626629869641342,0.049581304911690875,20.35,1010.783
1791421892.7414474,69.51003638995262,0.04908133369011989,0.045837408411154607,0.049706897022054664,20.39,1010.79
1791421924.1339283,69.51003638995262,0.04926931353664619,0.045837408411154607,0.04955626260981415,20.39,1010.786
1791421955.4684122,69.51003638995262,0.048957322161601494,0.045883781379737976,0.04926931353664619,20.36,1010.824
1791421986.8079007,69.51003638995262,0.04890789284017338,0.04567583858030503,0.04943142959218276,20.39,1010.881
1791422018.1563244,69.51003638995262,0.0488496645219926,0.04590466229580298,0.04936939101839778,20.39,1010.846
1791422049.5007744,69.51003638995262,0.04896274542641661,0.04602906570668035,0.04927084450325129,20.42,1010.812
1791422080.8433955,69.51003638995262,0.048816580854845755,0.04566480735639337,0.049246269315443146,20.42,1010.836
1791422112.187836,69.51003638995262,0.04892319999419703,0.04625104250764628,0.049567671414484836,20.42,1010.841
1791422143.53129,69.51003638995262,0.04909564676685879,0.04581425705963767,0.04940653842018186,20.42,1010.852
1791422174.862809,69.51003638995262,0.048669925194909286,0.04590700306792692,0.04929422342207144,20.43,1010.826
1791422206.2092085,69.51003638995262,0.04910621142472484,0.045953517030446034,0.049419151629564145,20.4,1010.877
1791422237.53987,69.51003638995262,0.049419151629564145,0.045953517030446034,0.05001967868802204,20.38,1010.888
1791422268.879264,69.51003638995262,0.04889239909906384,0.045803165998466004,0.04920597506982003,20.38,1010.917
1791422300.2287107,69.51003638995262,0.04896700973240201,0.0460702153622581,0.04956990387939793,20.4,1010.879
1791422331.5744162,69.51003638995262,0.04908133369011989,0.04568702644195077,0.049706897022054664,20.38,1010.889
1791422362.8988214,69.51003638995262,0.04908133369011989,0.04590700306792692,0.049706897022054664,20.38,1010.876
1791422394.243358,69.51003638995262,0.0490316537643345,0.04607954355939451,0.04965658390361601,20.36,1010.909
1791422425.5879476,69.51003638995262,0.04915899852546623,0.04576755856130968,0.04941881225096556,20.38,1010.921
1791422456.9393618,69.51003638995262,0.04876805306417286,0.046006187323696865,0.0493572683667139,20.39,1010.923
1791422488.2737062,69.51003638995262,0.0491862200339705,0.046006187323696865,0.04949187860374166,20.42,1010.952
1791422519.623378,69.51003638995262,0.04906067571323075,0.04587123803713526,0.049802618968771695,20.36,1010.918
1791422550.9677567,69.51003638995262,0.04902159237084835,0.04596358529291441,0.049307223907024376,20.36,1010.909
1791422582.3212807,69.51003638995262,0.04926931353664619,0.04590700306792692,0.04955626260981415,20.35,1010.962
1791422613.6787298,69.51003638995262,0.0490316537643345,0.04559453799828616,0.049344118833975256,20.38,1010.959
1791422645.0162685,69.51003638995262,0.04884278486378445,0.046023464976789726,0.04920597506982003,20.39,1010.984
1791422676.3496733,69.51003638995262,0.04915604262900609,0.04614051929517086,0.04939411535608727,20.38,1010.969
1791422707.6338584,69.51003638995262,0.0491809961755746,0.04624287156056486,0.04946930039422772,20.33,1010.993
1791422738.9706664,69.51003638995262,0.048818015487042066,0.04571020721156809,0.04944421329606033,20.33,1010.958
1791422770.324315,69.51003638995262,0.048529527098562814,0.045883781379737976,0.04944421329606033,20.38,1011.012
1791422801.6707807,69.51003638995262,0.049070937120664196,0.04595054626320064,0.049567671414484836,20.38,1010.962
1791422832.9951932,69.51003638995262,0.048865205319139925,0.04572203913038543,0.04948017592657001,20.39,1010.987
1791422864.3416195,69.51003638995262,0.04903615643422564,0.04581316871799874,0.04941881225096556,20.39,1010.963
1791422895.687157,69.51003638995262,0.04903615643422564,0.046135003080558165,0.04936939101839778,20.39,1010.987
1791422927.0327997,69.51003638995262,0.04861340033712605,0.04584820917487014,0.04920830786685299,20.39,1010.992
1791422958.3761868,69.51003638995262,0.048957322161601494,0.04590700306792692,0.04926931353664619,20.38,1010.982
1791422989.7236652,69.51003638995262,0.048932595018118065,0.045837408411154607,0.0492444288139661,20.43,1010.978
1791423021.065155,69.51003638995262,0.049056481149407014,0.046000125346459905,0.049369104437056145,20.4,1011.053
1791423052.4106312,69.51003638995262,0.048867579388352525,0.04568702644195077,0.04949441296279668,20.39,1011.013
1791423083.744079,69.51003638995262,0.04884278486378445,0.04571020721156809,0.0491809961755746,20.39,1011.024
1791423115.0887055,69.51003638995262,0.04874385786175789,0.045883781379737976,0.04965658390361601,20.42,1010.978
1791423146.4272485,69.51003638995262,0.049419151629564145,0.045976809376331855,0.049706897022054664,20.36,1011.004
1791423177.7766325,69.51003638995262,0.048867579388352525,0.046023464976789726,0.04920597506982003,20.38,1011.062
1791423209.1271608,69.51003638995262,0.049066845521132565,0.04590700306792692,0.04964562543148264,20.33,1011.081
1791423240.4845707,69.51003638995262,0.04934471745132814,0.04596049871908743,0.049603697133806614,20.32,1011.053
1791423271.8262112,69.51003638995262,0.048953267862674926,0.04574478752205423,0.049406358045924526,20.35,1011.037
1791423303.159738,69.51003638995262,0.04893832391149054,0.04606565849072994,0.049603697133806614,20.35,1010.997
1791423334.5021346,69.51003638995262,0.0491699252417012,0.04607954355939451,0.04948128725358701,20.33,1011.031
1791423365.8506246,69.51003638995262,0.048818015487042066,0.04561762498526661,0.04915604262900609,20.36,1011.02
1791423397.1760166,69.51003638995262,0.0487685520241525,0.045803165998466004,0.04949441296279668,20.33,1011.121
1791423428.518629,69.51003638995262,0.04896700973240201,0.04564073536447864,0.049256009055986934,20.36,1011.079
1791423459.847193,69.51003638995262,0.049056481149407014,0.04626629869641342,0.04968172772470527,20.38,1011.064
1791423491.191527,69.51003638995262,0.048867579388352525,0.04593024827291574,0.04920597506982003,20.35,1011.06
1791423522.5370083,69.51003638995262,0.0491809961755746,0.046000125346459905,0.04949441296279668,20.35,1011.095
1791423553.8796768,69.51003638995262,0.04884278486378445,0.046000125346459905,0.0491809961755746,20.36,1011.165
1791423585.224059,69.51003638995262,0.04894211423257594,0.046046828303353875,0.049544714666454305,20.32,1011.13
1791423616.5737224,69.51003638995262,0.04891724403431381,0.04574494311095729,0.0491809961755746,20.33,1011.118
1791423647.9060166,69.51003638995262,0.048947761041215725,0.04590466229580298,0.049542799308339,20.35,1011.078
1791423679.2465858,69.51003638995262,0.048865205319139925,0.04590466229580298,0.04955421471939576,20.35,1011.127
1791423710.5912015,69.51003638995262,0.04935683120414311,0.04596358529291441,0.04976755092496954,20.32,1011.203
1791423741.9254737,69.51003638995262,0.049194734704486355,0.04566386917149255,0.049581304911690875,20.32,1011.19
1791423773.2670279,69.51003638995262,0.0491311143915512,0.045953517030446034,0.04975731220056946,20.31,1011.159
1791423804.6127334,69.51003638995262,0.0491311143915512,0.046000125346459905,0.04946930039422772,20.31,1011.163
1791423835.9499578,69.51003638995262,0.04910621142472484,0.04593024827291574,0.04939411535608727,20.32,1011.207
1791423867.3035433,69.51003638995262,0.0491311143915512,0.04590700306792692,0.04946930039422772,20.29,1011.137
1791423898.6431828,69.51003638995262,0.048669925194909286,0.04586058317267961,0.04926931353664619,20.32,1011.178
1791423929.9706168,69.51003638995262,0.0492444288139661,0.04574494311095729,0.04955626260981415,20.33,1011.214
1791423961.3249497,69.51003638995262,0.048669925194909286,0.046000125346459905,0.049344118833975256,20.33,1011.26
1791423992.67549,69.51003638995262,0.048867579388352525,0.045779890873611326,0.0491809961755746,20.33,1011.229
1791424024.0240638,69.51003638995262,0.048867579388352525,0.04593024827291574,0.04949441296279668,20.33,1011.318
1791424055.3694198,69.51003638995262,0.04914514078968988,0.04582520342348718,0.04943142959218276,20.31,1011.253
1791424086.7169473,69.51003638995262,0.04872759541712314,0.046006187323696865,0.04927084450325129,20.29,1011.261
1791424118.0595572,69.51003638995262,0.048996957192306234,0.045756324487256306,0.04940653842018186,20.29,1011.251
1791424149.4039397,69.51003638995262,0.04909564676685879,0.04579112908267524,0.04943142959218276,20.29,1011.27
1791424180.751513,69.51003638995262,0.04859621646442356,0.04586058317267961,0.048957322161601494,20.31,1011.347
1791424212.0739694,69.51003638995262,0.04915604262900609,0.045943315270833465,0.049256009055986934,20.32,1011.357
1791424243.4214027,69.51003638995262,0.04894211423257594,0.04568702644195077,0.049256009055986934,20.28,1011.31
1791424274.763047,69.51003638995262,0.04910621142472484,0.045976809376331855,0.04944421329606033,20.32,1011.334
1791424306.1165361,69.51003638995262,0.04874385786175789,0.046023464976789726,0.0491311143915512,20.31,1011.348
1791424337.445051,69.51003638995262,0.04896700973240201,0.045919897529266104,0.0492810642254277,20.33,1011.325
1791424368.7705429,69.51003638995262,0.04899193057242231,0.04587313359066138,0.049331251111414204,20.32,1011.429
1791424400.1199288,69.51003638995262,0.04911691623301525,0.046000125346459905,0.04940672339370658,20.29,1011.4
1791424431.4604168,69.51003638995262,0.049219569215923194,0.045973522661560406,0.04945634585732971,20.29,1011.328
1791424462.805959,69.51003638995262,0.04896274542641661,0.04611186503172667,0.04932006853438262,20.29,1011.352
1791424494.1493468,69.51003638995262,0.04882520179762671,0.04584820917487014,0.04928245763395797,20.31,1011.328
1791424525.4389217,69.51003638995262,0.04878475511353572,0.0460563051228431,0.04943142959218276,20.28,1011.378
1791424556.7795367,69.51003638995262,0.04926931353664619,0.04581425705963767,0.04926931353664619,20.26,1011.35
1791424588.1378503,69.51003638995262,0.04900685149672799,0.04593024827291574,0.049056481149407014,20.29,1011.357
1791424619.4824374,69.51003638995262,0.04896700973240201,0.04575663939150191,0.049306144897584385,20.28,1011.396
1791424650.8249426,69.51003638995262,0.04884278486378445,0.046046828303353875,0.04915604262900609,20.26,1011.423
1791424682.1675181,69.51003638995262,0.04891724403431381,0.04571020721156809,0.049230979350384056,20.28,1011.447
1791424713.4990075,69.51003638995262,0.048867579388352525,0.04568702644195077,0.04920597506982003,20.28,1011.366
1791424744.842487,69.51003638995262,0.04910621142472484,0.04593024827291574,0.04939411535608727,20.28,1011.375
1791424776.1879203,69.51003638995262,0.04891724403431381,0.04568702644195077,0.049256009055986934,20.26,1011.396
1791424807.5173151,69.51003638995262,0.04920597506982003,0.04568702644195077,0.04920597506982003,20.28,1011.42
1791424838.79499,69.51003638995262,0.04883393572205004,0.045733410832374935,0.049307223907024376,20.31,1011.424
1791424870.1294327,69.51003638995262,0.04903615643422564,0.04566480735639337,0.04957894358008597,20.29,1011.397
1791424901.4648116,69.51003638995262,0.04870325476802376,0.04564198524609814,0.04932006853438262,20.29,1011.416
1791424932.8164585,69.51003638995262,0.04887415177159703,0.0459867302336281,0.049542799308339,20.31,1011.46
1791424964.1628122,69.51003638995262,0.049056481149407014,0.045976809376331855,0.049419151629564145,20.31,1011.486
1791424995.5043886,69.51003638995262,0.04908133369011989,0.04559453799828616,0.049369104437056145,20.31,1011.431
1791425026.8338137,69.51003638995262,0.048867579388352525,0.045953517030446034,0.04915604262900609,20.31,1011.468
1791425058.1834443,69.51003638995262,0.04900685149672799,0.04590700306792692,0.04960637253565251,20.29,1011.465
1791425089.5268192,69.51003638995262,0.04884278486378445,0.04568702644195077,0.0491809961755746,20.28,1011.47
1791425120.870444,69.51003638995262,0.049056481149407014,0.04593024827291574,0.049369104437056145,20.29,1011.451
1791425152.2127392,69.51003638995262,0.04910621142472484,0.046023464976789726,0.049419151629564145,20.29,1011.492
1791425183.5684323,69.51003638995262,0.0491311143915512,0.045733411516131806,0.04944421329606033,20.28,1011.483
1791425214.9248486,69.51003638995262,0.04910621142472484,0.0460702153622581,0.04939411535608727,20.26,1011.467
1791425246.254327,69.51003638995262,0.04899193057242231,0.045976809376331855,0.04962035922274646,20.29,1011.513
1791425277.5839422,69.51003638995262,0.04928245763395797,0.04564198524609814,0.049468332528939854,20.28,1011.481
1791425308.9253788,69.51003638995262,0.04887415177159703,0.045927592819408815,0.04920830786685299,20.29,1011.598
1791425340.2698455,69.51003638995262,0.04903615643422564,0.04584820917487014,0.04944355999067706,20.28,1011.543
1791425371.61237,69.51003638995262,0.048947761041215725,0.046033090113291535,0.04935683120414311,20.26,1011.587
1791425402.9656892,69.51003638995262,0.04900685149672799,0.04590700306792692,0.049344118833975256,20.25,1011.588
1791425434.3073459,69.51003638995262,0.049056481149407014,0.045976809376331855,0.049419151629564145,20.26,1011.548
1791425465.654132,69.51003638995262,0.04894211423257594,0.045803165998466004,0.04959511871845338,20.25,1011.589
1791425496.9962435,69.51003638995262,0.04867771624726023,0.045779890873611326,0.0492810642254277,20.25,1011.647
1791425528.3417263,69.51003638995262,0.04865295523937632,0.04565174097687312,0.04896700973240201,20.29,1011.647
1791425559.6853263,69.51003638995262,0.048727313949966676,0.04560520273007945,0.049331251111414204,20.28,1011.61
1791425591.0317745,69.51003638995262,0.04904184842796021,0.04562845998693591,0.04938154032031922,20.25,1011.669
1791425622.3585885,69.51003638995262,0.04875215072194592,0.045849787320801534,0.04938154032031922,20.26,1011.641
1791425653.6917214,69.51003638995262,0.04891724403431381,0.045919897529266104,0.049230979350384056,20.26,1011.599
1791425685.0363865,69.51003638995262,0.04875215072194592,0.04566386917149255,0.049066845521132565,20.25,1011.711
1791425716.382748,69.51003638995262,0.04885856322981539,0.04559453799828616,0.049219569215923194,20.26,1011.637
1791425747.722271,69.51003638995262,0.04888321558997717,0.04569885021380014,0.0491699252417012,20.28,1011.628
1791425779.0687947,69.51003638995262,0.04885856322981539,0.045837408411154607,0.04914514078968988,20.26,1011.69
1791425810.4091942,69.51003638995262,0.04869454448502899,0.04554843405909853,0.04900685149672799,20.26,1011.689
1791425841.761655,69.51003638995262,0.048793271219885546,0.045826464802145174,0.0491311143915512,20.28,1011.653
1791425873.0903947,69.51003638995262,0.04857882312830764,0.045779890873611326,0.04920597506982003,20.28,1011.733
1791425904.4176512,69.51003638995262,0.04889239909906384,0.045779890873611326,0.04920597506982003,20.28,1011.79
1791425935.761243,69.51003638995262,0.04901687679134577,0.045779890873611326,0.04935638290595375,20.25,1011.779
1791425967.1031222,69.51003638995262,0.04867771624726023,0.045581969170031315,0.04904184842796021,20.26,1011.764
1791425998.4532866,69.51003638995262,0.04867771624726023,0.045849787320801534,0.04899193057242231,20.29,1011.767
1791426029.7957683,69.51003638995262,0.04909186810980902,0.04587313359066138,0.04938154032031922,20.29,1011.772
1791426061.1481998,69.51003638995262,0.04896700973240201,0.04587313359066138,0.049306144897584385,20.26,1011.828
1791426092.4866345,69.51003638995262,0.048727313949966676,0.04541999472890973,0.049066845521132565,20.28,1011.802
1791426123.8342211,69.51003638995262,0.04885856322981539,0.04567583858030503,0.04945634585732971,20.25,1011.843
1791426155.1646588,69.51003638995262,0.049046252334493425,0.04565285011013943,0.04928245763395797,20.26,1011.82
1791426186.5023549,69.51003638995262,0.049056481149407014,0.04559453799828616,0.049419151629564145,20.29,1011.834
1791426217.8547869,69.51003638995262,0.04860350871824356,0.045849787320801534,0.049230979350384056,20.29,1011.868
1791426249.188322,69.51003638995262,0.04891724403431381,0.04548927117505501,0.049230979350384056,20.28,1011.878
1791426280.5368638,69.51003638995262,0.04865295523937632,0.04575663939150191,0.049306144897584385,20.28,1011.879
1791426311.8341224,69.51003638995262,0.048818015487042066,0.04571020721156809,0.04915604262900609,20.29,1011.915
1791426343.1766899,69.51003638995262,0.04821626933334117,0.04539694944634645,0.04884278486378445,20.33,1011.877
1791426374.5302022,69.51003638995262,0.04899193057242231,0.045896503648024854,0.049306144897584385,20.31,1011.831
1791426405.8667078,69.51003638995262,0.04891724403431381,0.04544306342074572,0.04920597506982003,20.29,1011.933
1791426437.217194,69.51003638995262,0.04896700973240201,0.045826464802145174,0.049331251111414204,20.29,1011.978
1791426468.5636826,69.51003638995262,0.049066845521132565,0.04560520273007945,0.04938154032031922,20.28,1012.048
1791426499.9090652,69.51003638995262,0.04909186810980902,0.045849787320801534,0.04940672339370658,20.26,1011.973
1791426531.2416427,69.51003638995262,0.04888321558997717,0.04553825398823558,0.04943142959218276,20.26,1011.971
1791426562.583224,69.51003638995262,0.04892319999419703,0.045917365233751055,0.04928245763395797,20.29,1012.002
1791426593.9286454,69.51003638995262,0.0491699252417012,0.04581425705963767,0.04950625381899554,20.28,1012.016
1791426625.2690399,69.51003638995262,0.048455770358185116,0.046046828303353875,0.0491311143915512,20.29,1012.019
1791426656.6156933,69.51003638995262,0.04901687679134577,0.045919897529266104,0.04938154032031922,20.31,1011.991
1791426687.9591808,69.51003638995262,0.04901687679134577,0.04587313359066138,0.04938154032031922,20.29,1011.976
1791426719.306577,69.51003638995262,0.04875215072194592,0.04572172670900582,0.049457166674731094,20.26,1012.094
1791426750.6571558,69.51003638995262,0.04887671533833325,0.046084324837590285,0.049217364854445,20.26,1011.998
1791426781.9845867,69.51003638995262,0.049217364854445,0.04606076316447193,0.04958372666934426,20.26,1012.008
1791426813.335056,69.51003638995262,0.0488019003006387,0.045919897529266104,0.04943193216539181,20.25,1012.028
1791426844.6866887,69.51003638995262,0.049066845521132565,0.04587313359066138,0.04940672339370658,20.23,1012.049
1791426876.0291505,69.51003638995262,0.04904184842796021,0.045919897529266104,0.04969623511950586,20.19,1011.997
1791426907.3574991,69.51003638995262,0.049066845521132565,0.045919897529266104,0.04938154032031922,20.23,1012.074
1791426938.7090135,69.51003638995262,0.04901687679134577,0.046336722742011366,0.049306144897584385,20.23,1012.024
1791426970.0535536,69.51003638995262,0.04884278486378445,0.045803165998466004,0.04944421329606033,20.23,1012.101
1791427001.400107,69.51003638995262,0.04871918869469374,0.04564073536447864,0.049344118833975256,20.21,1012.027
1791427032.7246926,69.51003638995262,0.04908133369011989,0.04568702644195077,0.049369104437056145,20.21,1012.061
1791427064.0551267,69.51003638995262,0.04894211423257594,0.04575663939150191,0.0492810642254277,20.22,1012.06
1791427095.3935943,69.51003638995262,0.04896700973240201,0.04551241030911949,0.0492810642254277,20.22,1012.093
1791427126.7439997,69.51003638995262,0.04896700973240201,0.045826464802145174,0.049331251111414204,20.22,1012.126
1791427158.0875778,69.51003638995262,0.04865295523937632,0.04614051929517086,0.049230979350384056,20.22,1012.044
1791427189.439237,69.51003638995262,0.048628219409164945,0.045826464802145174,0.04896700973240201,20.26,1012.063
1791427220.7965913,69.51003638995262,0.048628219409164945,0.04562845998693591,0.04894211423257594,20.25,1012.05
1791427252.1369767,69.51003638995262,0.04861089795830333,0.04542944282647731,0.04926774339288267,20.25,1012.041
1791427283.484485,69.51003638995262,0.0488019003006387,0.04610791062826671,0.04911691623301525,20.25,1012.05
1791427314.8332276,69.51003638995262,0.04856121647540051,0.04560520273007945,0.049482426961161015,20.26,1012.037
1791427346.1774526,69.51003638995262,0.04901687679134577,0.04535986899136314,0.049306144897584385,20.29,1012.019
1791427377.5209565,69.51003638995262,0.0488019003006387,0.04565174097687312,0.04914198992985664,20.26,1012.011
1791427408.8515182,69.51003638995262,0.04899193057242231,0.045779890873611326,0.049331251111414204,20.26,1012.045
1791427440.1810403,69.51003638995262,0.04850491658253294,0.04568702644195077,0.0491809961755746,20.28,1012.05
1791427471.5105002,69.51003638995262,0.04860350871824356,0.045733411516131806,0.049230979350384056,20.31,1012.156
1791427502.844898,69.51003638995262,0.04904184842796021,0.04587313359066138,0.04938154032031922,20.29,1012.069
1791427534.193518,69.51003638995262,0.048777012825911466,0.04565174097687312,0.04914198992985664,20.29,1012.126
1791427565.537932,69.51003638995262,0.04916708923951844,0.04562845998693591,0.049482426961161015,20.28,1012.138
1791427596.8845768,69.51003638995262,0.0488019003006387,0.045896503648024854,0.04940672339370658,20.28,1012.13
1791427628.215033,69.51003638995262,0.04935638290595375,0.046258170554731026,0.04938154032031922,20.28,1012.104
1791427659.561633,69.51003638995262,0.04885175151787586,0.045943315270833465,0.049507713064198745,20.25,1012.126
1791427690.9418693,69.51003638995262,0.048702502471277324,0.045919897529266104,0.04935638290595375,20.25,1012.152
1791427722.2715006,69.51003638995262,0.04885175151787586,0.04599022248111206,0.049192214201266,20.26,1012.144
1791427753.621081,69.51003638995262,0.04890170468544769,0.045943315270833465,0.049533025023442305,20.23,1012.158
1791427784.9584243,69.51003638995262,0.048818015487042066,0.045837408411154607,0.049369104437056145,20.23,1012.145
1791427816.311044,69.51003638995262,0.048793271219885546,0.045837408411154607,0.049369104437056145,20.25,1012.153
1791427847.6604705,69.51003638995262,0.04908133369011989,0.04571020721156809,0.04939411535608727,20.25,1012.263
1791427879.00193,69.51003638995262,0.04894211423257594,0.04587313359066138,0.049256009055986934,20.23,1012.192
1791427910.3493335,69.51003638995262,0.04894211423257594,0.045779890873611326,0.0492810642254277,20.22,1012.197
1791427941.688876,69.51003638995262,0.04891724403431381,0.045779890873611326,0.049544714666454305,20.22,1012.153
1791427973.0364196,69.51003638995262,0.04901687679134577,0.045849787320801534,0.04935638290595375,20.23,1012.182
1791428004.380976,69.51003638995262,0.0492810642254277,0.045896503648024854,0.04964562543148264,20.23,1012.17
1791428035.7283347,69.51003638995262,0.04891724403431381,0.04587313359066138,0.04920597506982003,20.23,1012.214
1791428067.0698974,69.51003638995262,0.048702502471277324,0.045849787320801534,0.04935638290595375,20.23,1012.194
1791428098.4044652,69.51003638995262,0.04891724403431381,0.046093626189681575,0.049256009055986934,20.21,1012.222
1791428129.6789885,69.51003638995262,0.04891724403431381,0.045976809376331855,0.049256009055986934,20.22,1012.18
1791428161.029379,69.51003638995262,0.04889239909906384,0.0460702153622581,0.049230979350384056,20.22,1012.219
1791428192.3718214,69.51003638995262,0.04899193057242231,0.04565174097687312,0.04935638290595375,20.23,1012.238
1791428223.7144554,69.51003638995262,0.04882681318498218,0.04565174097687312,0.04914198992985664,20.22,1012.269
1791428255.0639243,69.51003638995262,0.049066845521132565,0.045896503648024854,0.04938154032031922,20.23,1012.268
1791428286.3944082,69.51003638995262,0.049066845521132565,0.04596675690924968,0.04938154032031922,20.22,1012.24
1791428317.7400243,69.51003638995262,0.04911691623301525,0.04565174097687312,0.049457166674731094,20.18,1012.246
1791428349.0885148,69.51003638995262,0.04894211423257594,0.045849787320801534,0.049256009055986934,20.19,1012.257
1791428380.4378707,69.51003638995262,0.0491311143915512,0.045976809376331855,0.04944421329606033,20.18,1012.274
1791428411.7834344,69.51003638995262,0.0491809961755746,0.04571020721156809,0.0491809961755746,20.18,1012.302
1791428443.125885,69.51003638995262,0.048867579388352525,0.04596675690924968,0.0492810642254277,20.22,1012.311
1791428474.4794192,69.51003638995262,0.04904184842796021,0.04560520273007945,0.049670917383947286,20.19,1012.293
1791428505.8268242,69.51003638995262,0.048702502471277324,0.045535572995639456,0.049331251111414204,20.21,1012.274
1791428537.149331,69.51003638995262,0.04885175151787586,0.045535572995639456,0.049507713064198745,20.21,1012.302
1791428568.4797516,69.51003638995262,0.04894211423257594,0.045849787320801534,0.0492810642254277,20.25,1012.306
1791428599.8213181,69.51003638995262,0.04865295523937632,0.04601371202309267,0.04904184842796021,20.23,1012.325
1791428631.1689024,69.51003638995262,0.0488019003006387,0.045745102995474615,0.04943193216539181,20.25,1012.31
1791428662.5132675,69.51003638995262,0.048727313949966676,0.045849787320801534,0.049331251111414204,20.25,1012.344
1791428693.8668132,69.51003638995262,0.04904184842796021,0.045943315270833465,0.04935638290595375,20.19,1012.339
1791428725.2042289,69.51003638995262,0.04904184842796021,0.045943315270833465,0.04938154032031922,20.22,1012.35
1791428756.5538871,69.51003638995262,0.04935638290595375,0.045733411516131806,0.049670917383947286,20.16,1012.376
1791428787.8823202,69.51003638995262,0.04908133369011989,0.045826464802145174,0.049419151629564145,20.18,1012.363
1791428819.2237253,69.51003638995262,0.04889239909906384,0.04593024827291574,0.04920597506982003,20.18,1012.36
1791428850.5704627,69.51003638995262,0.048957322161601494,0.04579112908267524,0.04931915850842699,20.18,1012.399
1791428881.9137702,69.51003638995262,0.04898207430849036,0.04564073536447864,0.04931915850842699,20.18,1012.486
1791428913.2622883,69.51003638995262,0.048669925194909286,0.045953517030446034,0.04898207430849036,20.18,1012.37
1791428944.6058264,69.51003638995262,0.04871918869469374,0.04561762498526661,0.04908133369011989,20.22,1012.367
1791428975.9352477,69.51003638995262,0.0490316537643345,0.04593024827291574,0.049369104437056145,20.22,1012.353
1791429007.2868516,69.51003638995262,0.048932595018118065,0.0459867302336281,0.049219569215923194,20.22,1012.37
1791429038.6413984,69.51003638995262,0.04899193057242231,0.04572172670900582,0.049066845521132565,20.21,1012.397
1791429069.9816837,69.51003638995262,0.0488019003006387,0.04565174097687312,0.04940672339370658,20.21,1012.412
1791429101.3332279,69.51003638995262,0.04882681318498218,0.045745102995474615,0.04916708923951844,20.18,1012.421
1791429132.6737897,69.51003638995262,0.04827038434745307,0.045745102995474615,0.04892671959839247,20.22,1012.444
1791429164.0252233,69.51003638995262,0.048777012825911466,0.045896503648024854,0.04938154032031922,20.14,1012.466
1791429195.3486454,69.51003638995262,0.04899193057242231,0.045779890873611326,0.0492810642254277,20.16,1012.473
1791429226.6852105,69.51003638995262,0.048818015487042066,0.045733411516131806,0.0491311143915512,20.16,1012.447
1791429258.0257752,69.51003638995262,0.048818015487042066,0.046000125346459905,0.049419151629564145,20.18,1012.476
1791429289.373151,69.51003638995262,0.049066845521132565,0.04587313359066138,0.04938154032031922,20.16,1012.517
1791429320.71183,69.51003638995262,0.04896700973240201,0.045826464802145174,0.049256009055986934,20.16,1012.436
1791429352.05927,69.51003638995262,0.04894211423257594,0.0460702153622581,0.049256009055986934,20.16,1012.459
1791429383.3896296,69.51003638995262,0.04915604262900609,0.04568702644195077,0.0491809961755746,20.16,1012.514
1791429414.7362604,69.51003638995262,0.04908133369011989,0.04571020721156809,0.04931915850842699,20.18,1012.468
1791429446.0647,69.51003638995262,0.04882681318498218,0.0458153754951814,0.049482426961161015,20.15,1012.526
1791429477.4102466,69.51003638995262,0.04890170468544769,0.04579192735180511,0.049242541238481596,20.21,1012.52
1791429508.7535968,69.51003638995262,0.048660681200498816,0.04552254061843575,0.04926774339288267,20.21,1012.522
1791429540.09422,69.51003638995262,0.04895176011642107,0.04576850319750115,0.049292971357236016,20.22,1012.536
1791429571.4477522,69.51003638995262,0.04914198992985664,0.04565174097687312,0.04943193216539181,20.16,1012.608
1791429602.7721431,69.51003638995262,0.048976826278867416,0.045698374301450094,0.04926774339288267,20.18,1012.526
1791429634.1017263,69.51003638995262,0.04901687679134577,0.045581969170031315,0.049331251111414204,20.19,1012.56
1791429665.4502008,69.51003638995262,0.04891724403431381,0.045849787320801534,0.049544714666454305,20.15,1012.541
1791429696.7887576,69.51003638995262,0.048628219409164945,0.045849787320801534,0.0492810642254277,20.16,1012.564
1791429728.1361938,69.51003638995262,0.048777012825911466,0.04565174097687312,0.04909186810980902,20.21,1012.617
1791429759.4667318,69.51003638995262,0.049192214201266,0.0458153754951814,0.049242541238481596,20.16,1012.598
1791429790.8140857,69.51003638995262,0.049066845521132565,0.045896503648024854,0.04938154032031922,20.15,1012.656
1791429822.1615863,69.51003638995262,0.04896700973240201,0.04551241030911949,0.049230979350384056,20.15,1012.603
1791429853.5170612,69.51003638995262,0.048793271219885546,0.04566386917149255,0.04908133369011989,20.19,1012.603
1791429884.86257,69.51003638995262,0.048635776839959476,0.045592614751512675,0.04931822517121057,20.18,1012.577
1791429916.1471624,69.51003638995262,0.048735547547418503,0.04563945081567734,0.049343504874556576,20.14,1012.583
1791429947.4886553,69.51003638995262,0.04910254313970564,0.04566290495137349,0.04939414210877195,20.15,1012.641
1791429978.8300743,69.51003638995262,0.0487855865598609,0.04588586422882541,0.049127763999198715,20.15,1012.68
1791430010.16852,69.51003638995262,0.049001918125146,0.04579192735180511,0.04960911643560462,20.12,1012.689
1791430041.524131,69.51003638995262,0.04882681318498218,0.04587313359066138,0.04940672339370658,20.12,1012.642
1791430072.8745794,69.51003638995262,0.04901687679134577,0.04596675690924968,0.04938154032031922,20.14,1012.656
1791430104.2129517,69.51003638995262,0.048727313949966676,0.045803165998466004,0.049331251111414204,20.14,1012.676
1791430135.551663,69.51003638995262,0.04915604262900609,0.04568702644195077,0.049419151629564145,20.12,1012.649
1791430166.9009664,69.51003638995262,0.04838223747332999,0.04593024827291574,0.0490316537643345,20.15,1012.662
1791430198.249553,69.51003638995262,0.048702502471277324,0.045849787320801534,0.049306144897584385,20.18,1012.73
1791430229.5902069,69.51003638995262,0.04920597506982003,0.04586058317267961,0.04949441296279668,20.15,1012.739
1791430260.9394846,69.51003638995262,0.04914514078968988,0.045943315270833465,0.04948128725358701,20.14,1012.72
1791430292.2859895,69.51003638995262,0.049192214201266,0.04593297734125822,0.049533025023442305,20.12,1012.737
1791430323.6466908,69.51003638995262,0.04881064461887859,0.04556923274898173,0.049127763999198715,20.14,1012.723
1791430354.9888759,69.51003638995262,0.04846862998001616,0.04598018729949548,0.04915301078071541,20.18,1012.804
1791430386.329406,69.51003638995262,0.04902703569475214,0.04606076316447193,0.04963453221727514,20.15,1012.775
1791430417.6719375,69.51003638995262,0.04895176011642107,0.04599022248111206,0.049242541238481596,20.11,1012.914
1791430449.023581,69.51003638995262,0.04867771624726023,0.04572172670900582,0.04901687679134577,20.15,1012.838
1791430480.3429255,69.51003638995262,0.0488019003006387,0.045535572995639456,0.04911691623301525,20.18,1012.858
1791430511.6935828,69.51003638995262,0.04891724403431381,0.045803165998466004,0.049256009055986934,20.19,1012.884
1791430543.02191,69.51003638995262,0.04894211423257594,0.04587313359066138,0.0492810642254277,20.21,1012.911
1791430574.3664348,69.51003638995262,0.048867579388352525,0.04554843405909853,0.04946930039422772,20.18,1012.912
1791430605.6938584,69.51003638995262,0.048957322161601494,0.04568702644195077,0.04929422342207144,20.19,1012.932
1791430637.0425842,69.51003638995262,0.0487685520241525,0.04575663939150191,0.04908133369011989,20.25,1012.925
1791430668.3839507,69.51003638995262,0.04867771624726023,0.04572172670900582,0.04909186810980902,20.23,1012.915
1791430699.7333486,69.51003638995262,0.049127763999198715,0.04588586422882541,0.04941949971955038,20.22,1012.948
1791430731.0630205,69.51003638995262,0.04907734816233368,0.04573341221889264,0.04910254313970564,20.18,1012.958
1791430762.3924067,69.51003638995262,0.04881064461887859,0.04583884766450032,0.04941949971955038,20.18,1012.942
1791430793.7367725,69.51003638995262,0.04895176011642107,0.04562845998693591,0.049242541238481596,20.18,1012.966
1791430825.0764253,69.51003638995262,0.04882681318498218,0.04601371202309267,0.049482426961161015,20.16,1012.979
1791430856.4228387,69.51003638995262,0.04875215072194592,0.04599022248111206,0.049331251111414204,20.15,1013.026
1791430887.770555,69.51003638995262,0.04892671959839247,0.04587313359066138,0.049533025023442305,20.15,1013.02
1791430919.1238265,69.51003638995262,0.04867771624726023,0.045733411516131806,0.049306144897584385,20.16,1013.021
1791430950.4745584,69.51003638995262,0.048818015487042066,0.04564073536447864,0.049419151629564145,20.16,1013.058
1791430981.8198717,69.51003638995262,0.04898207430849036,0.04586058317267961,0.04931915850842699,20.18,1013.033
1791431013.1643133,69.51003638995262,0.0487685520241525,0.04593024827291574,0.04939411535608727,20.19,1013.051
1791431044.509755,69.51003638995262,0.048818015487042066,0.04581425705963767,0.04944421329606033,20.16,1013.085
1791431075.836287,69.51003638995262,0.04926931353664619,0.04569885021380014,0.04929422342207144,20.16,1013.179
1791431107.1889367,69.51003638995262,0.0487685520241525,0.04545268155741202,0.049230979350384056,20.19,1013.16
1791431138.5292523,69.51003638995262,0.049127763999198715,0.04570988561572092,0.04944488337951884,20.18,1013.101
1791431169.8808613,69.51003638995262,0.04888597348310207,0.0454624384480284,0.04930503807721862,20.21,1013.081
1791431201.2372427,69.51003638995262,0.0489111347995943,0.04588586422882541,0.04920358226984019,20.18,1013.165
1791431232.5749092,69.51003638995262,0.04895176011642107,0.045943315270833465,0.049242541238481596,20.16,1013.165
1791431263.9182923,69.51003638995262,0.04896700973240201,0.046023464976789726,0.049256009055986934,20.15,1013.174
1791431295.2718613,69.51003638995262,0.04889239909906384,0.045883781379737976,0.04920597506982003,20.15,1013.14
1791431326.6185226,69.51003638995262,0.049219569215923194,0.04576802444488533,0.049531245591673004,20.15,1013.227
1791431357.9608645,69.51003638995262,0.04890789284017338,0.04586058317267961,0.049842921967422814,20.15,1013.221
1791431389.3112123,69.51003638995262,0.04862076122227002,0.0459867302336281,0.049219569215923194,20.15,1013.216
1791431420.664611,69.51003638995262,0.04883393572205004,0.04565285011013943,0.0491699252417012,20.16,1013.226
1791431452.012314,69.51003638995262,0.04914514078968988,0.04574494311095729,0.04940653842018186,20.18,1013.287
1791431483.3487005,69.51003638995262,0.04875215072194592,0.04552254061843575,0.04887671533833325,20.18,1013.223
1791431514.6982403,69.51003638995262,0.04893632203018084,0.04573341221889264,0.04927963492099716,20.21,1013.259
1791431546.0498147,69.51003638995262,0.04896153521491643,0.04582776131122526,0.04927963492099716,20.21,1013.259
1791431577.3873463,69.51003638995262,0.04898677439393838,0.046027494402459034,0.04930503807721862,20.22,1013.245
1791431608.732773,69.51003638995262,0.0487105665149477,0.04562845998693591,0.04931822517121057,20.22,1013.257
1791431640.0812147,69.51003638995262,0.04894211423257594,0.04575663939150191,0.049256009055986934,20.25,1013.261
1791431671.411804,69.51003638995262,0.04875215072194592,0.045675045736237596,0.04911691623301525,20.23,1013.267
1791431702.7404919,69.51003638995262,0.04894211423257594,0.04566386917149255,0.049230979350384056,20.23,1013.268
1791431734.0307019,69.51003638995262,0.048867579388352525,0.04593024827291574,0.04944421329606033,20.16,1013.288
1791431765.3791602,69.51003638995262,0.04890789284017338,0.045883781379737976,0.0492444288139661,20.16,1013.297
1791431796.7066185,69.51003638995262,0.04888321558997717,0.046033090113291535,0.049531245591673004,20.18,1013.292
1791431828.044307,69.51003638995262,0.04876020193788922,0.04562988476834691,0.04940653842018186,20.18,1013.305
1791431859.3828075,69.51003638995262,0.04889866358334036,0.0458942900451248,0.04949312990304681,20.16,1013.303
1791431890.7183318,69.51003638995262,0.04873567346484374,0.045803165998466004,0.049219569215923194,20.16,1013.392
1791431922.0707169,69.51003638995262,0.04896153521491643,0.04612240124441615,0.04930503807721862,20.14,1013.322
1791431953.414107,69.51003638995262,0.04888597348310207,0.04582776131122526,0.04954667931573463,20.14,1013.333
1791431984.761527,69.51003638995262,0.04901203960746677,0.04563945081567734,0.04933046743709092,20.15,1013.371
1791432016.0991764,69.51003638995262,0.04892671959839247,0.04562845998693591,0.049217364854445,20.19,1013.363
1791432047.433602,69.51003638995262,0.048867579388352525,0.04559453799828616,0.04915604262900609,20.18,1013.358
1791432078.7820132,69.51003638995262,0.04888321558997717,0.04627432047568939,0.04914514078968988,20.21,1013.389
1791432110.1256025,69.51003638995262,0.048669925194909286,0.04574494311095729,0.04926931353664619,20.19,1013.354
1791432141.4690683,69.51003638995262,0.04912038131065087,0.0458942900451248,0.04912038131065087,20.21,1013.369
1791432172.810543,69.51003638995262,0.04897234676151954,0.04584820917487014,0.049307223907024376,20.19,1013.407
1791432204.1550798,69.51003638995262,0.04878475511353572,0.04625104250764628,0.04940653842018186,20.16,1013.395
1791432235.5075514,69.51003638995262,0.04887415177159703,0.04585886987196441,0.04918364083732192,20.18,1013.367
1791432266.8439608,69.51003638995262,0.048654646349581936,0.04566480735639337,0.04932006853438262,20.19,1013.413
1791432298.1816883,69.51003638995262,0.04928245763395797,0.045733410832374935,0.04928245763395797,20.19,1013.444
1791432329.5200953,69.51003638995262,0.049056481149407014,0.04556923274898173,0.04959511871845338,20.15,1013.429
1791432360.8685448,69.51003638995262,0.0489111347995943,0.04609863786018986,0.04954667931573463,20.12,1013.45
1791432392.2079506,69.51003638995262,0.048870046852186155,0.04578053815410913,0.04916417987608651,20.11,1013.454
1791432423.5587134,69.51003638995262,0.04881064461887859,0.045745102995474615,0.04971093605521023,20.12,1013.468
1791432454.8839896,69.51003638995262,0.04865295523937632,0.04568702644195077,0.049230979350384056,20.14,1013.473
1791432486.2355223,69.51003638995262,0.04888321558997717,0.04579112908267524,0.04931915850842699,20.14,1013.478
1791432517.5941763,69.51003638995262,0.04868669047758809,0.04561918593622938,0.04928245763395797,20.15,1013.466
1791432548.9185538,69.51003638995262,0.04873567346484374,0.04567583858030503,0.04914514078968988,20.14,1013.495
1791432580.2590976,69.51003638995262,0.04878475511353572,0.045917365233751055,0.04914514078968988,20.14,1013.496
1791432611.547651,69.51003638995262,0.049070937120664196,0.04574494311095729,0.04940653842018186,20.11,1013.497
1791432642.8879201,69.51003638995262,0.04888321558997717,0.04562988476834691,0.0491699252417012,20.11,1013.586
1791432674.2174368,69.51003638995262,0.04897234676151954,0.04567583858030503,0.049046252334493425,20.12,1013.583
1791432705.5540738,69.51003638995262,0.04876020193788922,0.04582520342348718,0.049070937120664196,20.14,1013.573
1791432736.9115226,69.51003638995262,0.04882520179762671,0.045733411516131806,0.04906067571323075,20.14,1013.556
1791432768.2339256,69.51003638995262,0.04886083804073183,0.04563945081567734,0.049228907057664466,20.12,1013.561
1791432799.573515,69.51003638995262,0.04893632203018084,0.04568638320564737,0.04927963492099716,20.14,1013.572
1791432830.9078956,69.51003638995262,0.0487605542158954,0.04596675690924968,0.04931822517121057,20.12,1013.625
1791432862.25746,69.51003638995262,0.0487685520241525,0.04579112908267524,0.049369104437056145,20.11,1013.609
1791432893.6010525,69.51003638995262,0.04885856322981539,0.04574494311095729,0.04948128725358701,20.15,1013.566
1791432924.937343,69.51003638995262,0.04861340033712605,0.04566480735639337,0.04892319999419703,20.16,1013.602
1791432956.2937849,69.51003638995262,0.0488496645219926,0.045687652301334515,0.04944355999067706,20.12,1013.648
1791432987.6294515,69.51003638995262,0.04906067571323075,0.045756324487256306,0.049394089272587066,20.11,1013.645
1791433018.9799592,69.51003638995262,0.04887415177159703,0.04564198524609814,0.04918364083732192,20.09,1013.582
1791433050.3172863,69.51003638995262,0.04903615643422564,0.04561918593622938,0.04936939101839778,20.08,1013.666
1791433081.660042,69.51003638995262,0.04849173921702655,0.045687652301334515,0.04944355999067706,20.09,1013.696
1791433113.0174563,69.51003638995262,0.049011661651203194,0.04557365558123513,0.04934471745132814,20.11,1013.676
1791433144.37784,69.51003638995262,0.04914821322708764,0.04587123803713526,0.04929544423063965,20.09,1013.714
1791433175.7184803,69.51003638995262,0.0487685520241525,0.04566386917149255,0.049344118833975256,20.09,1013.722
1791433207.0589778,69.51003638995262,0.04874385786175789,0.04593024827291574,0.04915604262900609,20.09,1013.714
1791433238.4013598,69.51003638995262,0.048867579388352525,0.045826464802145174,0.049331251111414204,20.09,1013.754
1791433269.7548158,69.51003638995262,0.04915604262900609,0.045733411516131806,0.0491809961755746,20.07,1013.73
1791433301.0994563,69.51003638995262,0.04894211423257594,0.04579112908267524,0.04920597506982003,20.08,1013.741
1791433332.4458241,69.51003638995262,0.04888321558997717,0.04569885021380014,0.04945634585732971,20.08,1013.769
1791433363.7863274,69.51003638995262,0.04871116965713862,0.045584023330406655,0.048996957192306234,20.09,1013.749
1791433395.1327856,69.51003638995262,0.04914514078968988,0.04556112716469683,0.049194734704486355,20.12,1013.758
1791433426.4732118,69.51003638995262,0.048800763561672886,0.045687652301334515,0.049085219524982696,20.14,1013.785
1791433457.8508754,69.51003638995262,0.048654646349581936,0.04559640939263601,0.04927084450325129,20.15,1013.756
1791433489.2012324,69.51003638995262,0.048816580854845755,0.045550924468011796,0.04922171863051416,20.14,1013.748
1791433520.4867842,69.51003638995262,0.048889553894214816,0.04576755856130968,0.04914821322708764,20.18,1013.812
1791433551.831401,69.51003638995262,0.04891392674622289,0.045973522661560406,0.04927084450325129,20.18,1013.829
1791433583.1850207,69.51003638995262,0.04863037850753792,0.04579035228198947,0.049246269315443146,20.12,1013.833
1791433614.5303473,69.51003638995262,0.04889239909906384,0.04600382868915582,0.04938154032031922,20.08,1013.842
1791433645.8768816,69.51003638995262,0.0489111347995943,0.045862343896707757,0.049228907057664466,20.09,1013.83
1791433677.2212691,69.51003638995262,0.0489111347995943,0.04583884766450032,0.04952119105657831,20.12,1013.877
1791433708.5718522,69.51003638995262,0.048735547547418503,0.04565174097687312,0.049343504874556576,20.11,1013.81
1791433739.9132047,69.51003638995262,0.04908133369011989,0.04543358109907148,0.04926931353664619,20.08,1013.873
1791433771.2416317,69.51003638995262,0.049070937120664196,0.04596358529291441,0.04945634585732971,20.09,1013.92
1791433802.5873692,69.51003638995262,0.04889866358334036,0.04564198524609814,0.04918364083732192,20.08,1013.952
1791433833.9296794,69.51003638995262,0.048581915376593204,0.04579035228198947,0.04922171863051416,20.08,1013.976
1791433865.2662108,69.51003638995262,0.048889553894214816,0.04574478752205423,0.04919719241183641,20.08,1013.936
1791433896.6178136,69.51003638995262,0.048816580854845755,0.045699313352532876,0.04914821322708764,20.08,1013.936
1791433927.9672728,69.51003638995262,0.0487438253313938,0.04579035228198947,0.04938180100650085,20.08,1013.942
1791433959.311686,69.51003638995262,0.04876805306417286,0.04558602249323757,0.04905054684905384,20.09,1013.954
1791433990.6544125,69.51003638995262,0.04864715464727153,0.04558602249323757,0.04925938107807832,20.11,1013.993
1791434022.0015984,69.51003638995262,0.04876805306417286,0.04537878255373013,0.04930827614073505,20.11,1013.945
1791434053.3431563,69.51003638995262,0.04884278486378445,0.045849787320801534,0.049230979350384056,20.12,1013.988
1791434084.6796079,69.51003638995262,0.0487605542158954,0.04563945081567734,0.04931822517121057,20.09,1013.957
1791434116.0291193,69.51003638995262,0.0487855865598609,0.04576850319750115,0.04944488337951884,20.11,1013.926
1791434147.3817155,69.51003638995262,0.048529527098562814,0.04552541703610991,0.04910621142472484,20.11,1014.026
1791434178.7090971,69.51003638995262,0.048547201217929575,0.04596358529291441,0.04912038131065087,20.08,1013.996
1791434210.0526958,69.51003638995262,0.04868669047758809,0.045733410832374935,0.04925771622785029,20.11,1013.994
1791434241.397042,69.51003638995262,0.048678938424305714,0.04559640939263601,0.04903615643422564,20.11,1013.991
1791434272.727737,69.51003638995262,0.04882520179762671,0.04551540376641619,0.04913438089415189,20.11,1014.028
1791434304.0702722,69.51003638995262,0.04875196040806372,0.045687652301334515,0.04934471745132814,20.11,1014.013
1791434335.4126837,69.51003638995262,0.04876020193788922,0.04574494311095729,0.04912038131065087,20.07,1014.032
1791434366.7610426,69.51003638995262,0.04878475511353572,0.04587123803713526,0.04909564676685879,20.07,1014.059
1791434398.084626,69.51003638995262,0.04877634977737832,0.04566480735639337,0.049085219524982696,20.11,1014.023
1791434429.4160712,69.51003638995262,0.04896274542641661,0.04575663939150191,0.04934471745132814,20.08,1014.046
1791434460.7635906,69.51003638995262,0.048735547547418503,0.04560341438538182,0.04915301078071541,20.09,1014.029
1791434492.1082642,69.51003638995262,0.0489111347995943,0.04582776131122526,0.04925425792794514,20.07,1014.12
1791434523.4516623,69.51003638995262,0.04869361177784262,0.04568638320564737,0.04927963492099716,20.08,1014.111
1791434554.7931283,69.51003638995262,0.04843745592275927,0.04564073536447864,0.049066845521132565,20.05,1014.109
1791434586.1494422,69.51003638995262,0.04859621646442356,0.04560694252004132,0.0491699252417012,20.08,1014.165
1791434617.4920628,69.51003638995262,0.04892319999419703,0.045779261114348116,0.04918364083732192,20.08,1014.118
1791434648.8216023,69.51003638995262,0.04887415177159703,0.045733410832374935,0.04951795215036561,20.05,1014.133
1791434680.1640608,69.51003638995262,0.04818271487238021,0.04561918593622938,0.04910978790631923,20.09,1014.148
1791434711.507579,69.51003638995262,0.04870325476802376,0.04557365558123513,0.04932006853438262,20.09,1014.185
1791434742.8479285,69.51003638995262,0.04861340033712605,0.045917365233751055,0.04928245763395797,20.08,1014.189
1791434774.1834788,69.51003638995262,0.04876020193788922,0.0458942900451248,0.04914514078968988,20.07,1014.167
1791434805.5249326,69.51003638995262,0.04870325476802376,0.045550924468011796,0.04927084450325129,20.08,1014.228
1791434836.858492,69.51003638995262,0.04870325476802376,0.04566480735639337,0.04903615643422564,20.11,1014.217
1791434868.1880093,69.51003638995262,0.04871116965713862,0.04552541703610991,0.04914514078968988,20.08,1014.23
1791434899.5344646,69.51003638995262,0.04831432458575395,0.04560520273007945,0.049066845521132565,20.11,1014.218
1791434930.8750608,69.51003638995262,0.048835728432593414,0.04579192735180511,0.04905217902726218,20.12,1014.24
1791434962.2224972,69.51003638995262,0.048777012825911466,0.04566386917149255,0.04938154032031922,20.11,1014.251
1791434993.569154,69.51003638995262,0.04883393572205004,0.04567583858030503,0.04912038131065087,20.09,1014.237
1791435024.910655,69.51003638995262,0.048279375016315094,0.04584820917487014,0.04889866358334036,20.09,1014.229
1791435056.256067,69.51003638995262,0.048425094595194056,0.04560694252004132,0.04876020193788922,20.12,1014.247
1791435087.5957134,69.51003638995262,0.04866223588908111,0.0457105201152095,0.049542799308339,20.11,1014.281
1791435118.9339387,69.51003638995262,0.04875196040806372,0.045927592819408815,0.04965327846843064,20.12,1014.287
1791435150.2894745,69.51003638995262,0.04919719241183641,0.04564198524609814,0.049504830929458024,20.09,1014.299
1791435181.6332674,69.51003638995262,0.04870325476802376,0.04564198524609814,0.049011661651203194,20.14,1014.289
1791435212.9764495,69.51003638995262,0.04893832391149054,0.04581316871799874,0.04922171863051416,20.14,1014.305
1791435244.324951,69.51003638995262,0.04885637396764155,0.04587123803713526,0.04928381648206583,20.15,1014.299
1791435275.6723647,69.51003638995262,0.0488019003006387,0.04582776131122526,0.049217364854445,20.12,1014.285
1791435306.941108,69.51003638995262,0.048844763601665474,0.04608924003805773,0.04924060475959598,20.11,1014.316
1791435338.301412,69.51003638995262,0.048920691957995484,0.04573341221889264,0.04985459765405301,20.11,1014.315
1791435369.6559916,69.51003638995262,0.04861089795830333,0.04551241030911949,0.049217364854445,20.12,1014.342
1791435401.0024478,69.51003638995262,0.048702502471277324,0.04546615555754108,0.04901687679134577,20.14,1014.334
1791435432.344801,69.51003638995262,0.04874385786175789,0.04567583858030503,0.0490316537643345,20.12,1014.337
1791435463.6783702,69.51003638995262,0.04880933302911899,0.04552541703610991,0.0491699252417012,20.11,1014.346
1791435495.0199997,69.51003638995262,0.04873567346484374,0.04551540376641619,0.049070937120664196,20.08,1014.376
1791435526.3493986,69.51003638995262,0.04851602270110154,0.04549257646470141,0.04910978790631923,20.14,1014.377
1791435557.6878576,69.51003638995262,0.04858901929982773,0.045802220748214044,0.04892319999419703,20.14,1014.387
1791435589.0314894,69.51003638995262,0.04835212501664268,0.04559640939263601,0.04892319999419703,20.14,1014.385
1791435620.3798366,69.51003638995262,0.04855772001542488,0.045802220748214044,0.0491237601881249,20.14,1014.407
1791435651.7115402,69.51003638995262,0.04880933302911899,0.045535572995639456,0.049531245591673004,20.11,1014.383
1791435683.056847,69.51003638995262,0.0486434355088357,0.04563945081567734,0.04896153521491643,20.11,1014.434
1791435714.3863895,69.51003638995262,0.04881064461887859,0.045532817296687594,0.04925425792794514,20.12,1014.429
1791435745.7289557,69.51003638995262,0.0487855865598609,0.045745102995474615,0.04910254313970564,20.11,1014.444
1791435777.0754871,69.51003638995262,0.04904184842796021,0.045571474368038975,0.0492810642254277,20.08,1014.453
1791435808.4238946,69.51003638995262,0.04873567346484374,0.04553825398823558,0.049046252334493425,20.09,1014.47
1791435839.7802138,69.51003638995262,0.04863037850753792,0.04581316871799874,0.04893832391149054,20.09,1014.47
1791435871.1238697,69.51003638995262,0.04863780585458116,0.04560694252004132,0.048996957192306234,20.12,1014.515
1791435902.4643433,69.51003638995262,0.048425094595194056,0.04553825398823558,0.04873567346484374,20.14,1014.472
1791435933.8148506,69.51003638995262,0.04861340033712605,0.04556112716469683,0.04897234676151954,20.15,1014.492
1791435965.1592138,69.51003638995262,0.04854033051851897,0.045584023330406655,0.04915899852546623,20.14,1014.508
1791435996.5088115,69.51003638995262,0.04851602270110154,0.04533342422899564,0.04913438089415189,20.16,1014.513
1791436027.8473756,69.51003638995262,0.04861340033712605,0.04556112716469683,0.04928245763395797,20.14,1014.503
1791436059.1966648,69.51003638995262,0.048889553894214816,0.04564073536447864,0.049011661651203194,20.14,1014.468
1791436090.5393472,69.51003638995262,0.048818015487042066,0.045545874716903315,0.0491809961755746,20.11,1014.483
1791436121.8926804,69.51003638995262,0.048835728432593414,0.04590940869795095,0.049127763999198715,20.12,1014.491
1791436153.2303095,69.51003638995262,0.04894211423257594,0.04571020721156809,0.0491809961755746,20.08,1014.516
1791436184.556893,69.51003638995262,0.04883393572205004,0.045779261114348116,0.04940653842018186,20.09,1014.475
1791436215.9042518,69.51003638995262,0.04849173921702655,0.04585886987196441,0.049085219524982696,20.12,1014.5
1791436247.2487216,69.51003638995262,0.04855772001542488,0.04566480735639337,0.04919719241183641,20.14,1014.519
1791436278.59134,69.51003638995262,0.04870325476802376,0.04544699048378268,0.04932006853438262,20.15,1014.519
1791436309.9386685,69.51003638995262,0.04882520179762671,0.0457105201152095,0.04915899852546623,20.14,1014.54
1791436341.2822714,69.51003638995262,0.048800763561672886,0.0457105201152095,0.04913438089415189,20.14,1014.544
1791436372.6248572,69.51003638995262,0.04855772001542488,0.04541501255409051,0.04917269062285496,20.12,1014.539
1791436403.977249,69.51003638995262,0.048865205319139925,0.04559640939263601,0.04922171863051416,20.12,1014.517
1791436435.3036306,69.51003638995262,0.048865205319139925,0.04576755856130968,0.04948017592657001,20.11,1014.525
1791436466.6412117,69.51003638995262,0.048669925194909286,0.04593297734125822,0.04910621142472484,20.12,1014.574
1791436497.9846005,69.51003638995262,0.048835728432593414,0.04594624652930231,0.049228907057664466,20.11,1014.613
1791436529.3381908,69.51003638995262,0.0489111347995943,0.0458153754951814,0.049368810507105856,20.09,1014.607
1791436560.664544,69.51003638995262,0.0488019003006387,0.04541999472890973,0.04909186810980902,20.09,1014.61
1791436591.9931877,69.51003638995262,0.04867771624726023,0.045803165998466004,0.04901687679134577,20.09,1014.638
1791436623.3265972,69.51003638995262,0.04871918869469374,0.04565285011013943,0.04900685149672799,20.09,1014.668
1791436654.6851017,69.51003638995262,0.04849173921702655,0.045733410832374935,0.048800763561672886,20.12,1014.669
1791436686.021702,69.51003638995262,0.04892319999419703,0.04582520342348718,0.04923299965126802,20.12,1014.653
1791436717.3731072,69.51003638995262,0.04875196040806372,0.04559640939263601,0.04934471745132814,20.12,1014.648
1791436748.7125523,69.51003638995262,0.048816580854845755,0.045699313352532876,0.04917269062285496,20.12,1014.683
1791436780.0552423,69.51003638995262,0.04862304685940276,0.04558602249323757,0.048929008376058,20.14,1014.698
1791436811.4065642,69.51003638995262,0.048865205319139925,0.04572203913038543,0.04919719241183641,20.16,1014.68
1791436842.7322817,69.51003638995262,0.0487438253313938,0.045242979064059184,0.04938180100650085,20.15,1014.762
1791436874.0636055,69.51003638995262,0.04893832391149054,0.045699313352532876,0.049246269315443146,20.15,1014.687
1791436905.408183,69.51003638995262,0.048221497952136594,0.04569885021380014,0.049234969892713254,20.14,1014.725
1791436936.7525084,69.51003638995262,0.04875215072194592,0.04556923274898173,0.049331251111414204,20.14,1014.737
1791436968.0982308,69.51003638995262,0.04886083804073183,0.04593297734125822,0.04927963492099716,20.11,1014.776
1791436999.4406207,69.51003638995262,0.04848688436826214,0.04541999472890973,0.048777012825911466,20.11,1014.785
1791437030.7750297,69.51003638995262,0.04890789284017338,0.045456505330376144,0.049194734704486355,20.14,1014.808
1791437062.114532,69.51003638995262,0.04887415177159703,0.04583600790331021,0.04941881225096556,20.14,1014.805
1791437093.4639711,69.51003638995262,0.04896274542641661,0.04581316871799874,0.04896274542641661,20.14,1014.819
1791437124.756502,69.51003638995262,0.048816580854845755,0.04558602249323757,0.0491237601881249,20.12,1014.83
1791437156.0930066,69.51003638995262,0.048929008376058,0.04575601798916622,0.049234969892713254,20.12,1014.832
1791437187.4276242,69.51003638995262,0.04875986288182057,0.04575601798916622,0.049089009361255646,20.09,1014.898
1791437218.7739308,69.51003638995262,0.04875986288182057,0.04568826147856589,0.049040547976585136,20.11,1014.92
1791437250.107924,69.51003638995262,0.04878395488903799,0.04545081271653207,0.049418481260776054,20.12,1014.88
1791437281.45209,69.51003638995262,0.04855086664645231,0.045892135708640966,0.04913756661878921,20.11,1014.91
1791437312.781547,69.51003638995262,0.048832210396571665,0.04564320184523865,0.0491132759881419,20.12,1014.908
1791437344.1199574,69.51003638995262,0.04868772942330939,0.04568826147856589,0.04899218218111646,20.11,1014.899
1791437375.465472,69.51003638995262,0.04841903440002064,0.04553825398823558,0.04906067571323075,20.14,1014.915
1791437406.8129423,69.51003638995262,0.048793271219885546,0.045535572995639456,0.0491311143915512,20.09,1014.934
1791437438.1564543,69.51003638995262,0.04874385786175789,0.04553825398823558,0.0492444288139661,20.08,1014.944
1791437469.5032227,69.51003638995262,0.048581915376593204,0.04519789168275552,0.048865205319139925,20.09,1014.953
1791437500.8314974,69.51003638995262,0.04879230489333468,0.04546022631896623,0.0491237601881249,20.11,1014.999
1791437532.160877,69.51003638995262,0.0487438253313938,0.045324854300544094,0.04902619087465963,20.12,1014.973
1791437563.500432,69.51003638995262,0.04867128635275855,0.045563431692850244,0.04925938107807832,20.09,1014.966
1791437594.8449094,69.51003638995262,0.04864715464727153,0.045518317196716666,0.048929008376058,20.11,1014.964
1791437626.1934388,69.51003638995262,0.0485749028944282,0.04577864817439627,0.04888056146419935,20.12,1014.956
1791437657.5360093,69.51003638995262,0.048808070715507745,0.04549579343455983,0.0491132759881419,20.09,1015.014
1791437688.8793452,69.51003638995262,0.04873579465858339,0.04568826147856589,0.049040547976585136,20.09,1015.02
1791437720.2278883,69.51003638995262,0.048808070715507745,0.045823975766487814,0.04913756661878921,20.08,1015.018
1791437751.5745425,69.51003638995262,0.048454959061073534,0.04562070534188844,0.049369670523314646,20.07,1015.026
1791437782.916915,69.51003638995262,0.048816580854845755,0.045733410832374935,0.04914821322708764,20.07,1014.984
1791437814.259354,69.51003638995262,0.04882520179762671,0.04564198524609814,0.04934471745132814,20.02,1014.996
1791437845.604824,69.51003638995262,0.048498284747587106,0.04564073536447864,0.048932595018118065,20.04,1015.043
1791437876.957442,69.51003638995262,0.04863780585458116,0.04576755856130968,0.04920830786685299,20.05,1015.054
1791437908.2968566,69.51003638995262,0.048929008376058,0.04547329195217874,0.04921058288998283,20.05,1015.073
1791437939.6235225,69.51003638995262,0.04838327666550232,0.04557577879778274,0.04899218218111646,20.05,1015.096
1791437970.9749453,69.51003638995262,0.04859188281625877,0.04555334869160816,0.049199589641188896,20.02,1015.096
1791438002.3292246,69.51003638995262,0.04856798009909093,0.04555334869160816,0.048871684043748656,20.04,1015.094
1791438033.672909,69.51003638995262,0.04859188281625877,0.045530940652513625,0.049175387988406385,19.99,1015.104
1791438065.019298,69.51003638995262,0.04856798009909093,0.045530940652513625,0.048895736228723834,20.02,1015.109
1791438096.3668783,69.51003638995262,0.04861580907244183,0.04587978182524865,0.04922381512737365,20.01,1015.126
1791438127.7052982,69.51003638995262,0.04861580907244183,0.04555334869160816,0.04891981209990774,20.01,1015.1
1791438159.0557652,69.51003638995262,0.048895736228723834,0.04555334869160816,0.04922381512737365,19.98,1015.039
1791438190.4012501,69.51003638995262,0.04859188281625877,0.045530940652513625,0.048895736228723834,19.98,1015.08
1791438221.7256584,69.51003638995262,0.0486397589024285,0.04566572054650741,0.04894391169230631,19.99,1015.105
1791438253.068283,69.51003638995262,0.048816580854845755,0.045756324487256306,0.049099331469629595,20.01,1015.122
1791438284.4086237,69.51003638995262,0.04863037850753792,0.045563431692850244,0.04922171863051416,20.01,1015.126
1791438315.7571034,69.51003638995262,0.04852685417435413,0.04536111758274576,0.048832210396571665,19.99,1015.129
1791438347.106857,69.51003638995262,0.04866373234107577,0.04562070534188844,0.04899218218111646,19.98,1015.145
1791438378.4502254,69.51003638995262,0.0486397589024285,0.04562070534188844,0.04899218218111646,20.02,1015.134
1791438409.7817013,69.51003638995262,0.04866373234107577,0.04564320184523865,0.048968035040994506,19.99,1015.156
1791438441.1081877,69.51003638995262,0.04868772942330939,0.045710824674350184,0.04901635314788566,20.01,1015.15
1791438472.4496658,69.51003638995262,0.04878395488903799,0.04549579343455983,0.049089009361255646,19.99,1015.159
1791438503.789185,69.51003638995262,0.04867128635275855,0.045563431692850244,0.049234969892713254,19.99,1015.165
1791438535.1435785,69.51003638995262,0.04843710381373374,0.04560863570622213,0.049099331469629595,20.01,1015.188
1791438566.485,69.51003638995262,0.048678938424305714,0.0450787548425624,0.04914821322708764,20.01,1015.207
1791438597.815673,69.51003638995262,0.04873579465858339,0.04572203913038543,0.049089009361255646,20.02,1015.207
1791438629.1570897,69.51003638995262,0.04871962165910241,0.04558602249323757,0.04902619087465963,20.01,1015.213
1791438660.4976678,69.51003638995262,0.048832210396571665,0.045710824674350184,0.04913756661878921,20.01,1015.254
1791438691.8341498,69.51003638995262,0.04843104134058165,0.045710824674350184,0.049040547976585136,20.01,1015.232
1791438723.17271,69.51003638995262,0.04875986288182057,0.045710824674350184,0.049064766702567604,20.02,1015.257
1791438754.5240185,69.51003638995262,0.04855086664645231,0.045518317196716666,0.049161881288830804,20.01,1015.273
1791438785.8517597,69.51003638995262,0.04864715464727153,0.04593768842980423,0.048953267862674926,20.04,1015.295
1791438817.1841557,69.51003638995262,0.04871962165910241,0.04546022631896623,0.04905054684905384,20.05,1015.27
1791438848.5456126,69.51003638995262,0.0488408809847442,0.045528216019018936,0.04914821322708764,20.02,1015.266
1791438879.9000535,69.51003638995262,0.048800763561672886,0.04564198524609814,0.0488496645219926,20.02,1015.296
1791438911.1945992,69.51003638995262,0.04854033051851897,0.04553825398823558,0.04889866358334036,20.02,1015.314
1791438942.5399306,69.51003638995262,0.04784974053456517,0.04542423173584976,0.049085219524982696,20.02,1015.314
1791438973.8914955,69.51003638995262,0.04875196040806372,0.04580130075574907,0.04898719132747268,20.02,1015.342
1791439005.2350397,69.51003638995262,0.04875986288182057,0.04568826147856589,0.049064766702567604,20.02,1015.351
1791439036.5608017,69.51003638995262,0.048808070715507745,0.04565392950353022,0.04913756661878921,19.99,1015.32
1791439067.8980157,69.51003638995262,0.0485989629536117,0.04575601798916622,0.04885637396764155,20.02,1015.325
1791439099.250592,69.51003638995262,0.04847890041682035,0.04560863570622213,0.0491132759881419,20.02,1015.319
1791439130.596095,69.51003638995262,0.048581915376593204,0.045265556504400443,0.048889553894214816,20.04,1015.33
1791439161.9375196,69.51003638995262,0.0488496645219926,0.04542423173584976,0.04918364083732192,20.02,1015.321
1791439193.3248858,69.51003638995262,0.04841903440002064,0.045273756615688505,0.04910978790631923,20.02,1015.3
1791439224.6824534,69.51003638995262,0.04847386346021265,0.04522829880160102,0.04909564676685879,20.02,1015.338
1791439256.0078855,69.51003638995262,0.048800763561672886,0.045756324487256306,0.049085219524982696,19.99,1015.337
1791439287.3533378,69.51003638995262,0.04871116965713862,0.04549257646470141,0.048947761041215725,20.01,1015.346
1791439318.6918647,69.51003638995262,0.04883393572205004,0.04559453799828616,0.0492444288139661,20.01,1015.357
1791439350.0434656,69.51003638995262,0.04838223747332999,0.04550242326378962,0.04900685149672799,20.02,1015.375
1791439381.3839443,69.51003638995262,0.04857882312830764,0.04540149577056316,0.04931915850842699,20.01,1015.355
1791439412.7183669,69.51003638995262,0.0488408809847442,0.04560863570622213,0.0491237601881249,19.98,1015.365
1791439444.0608714,69.51003638995262,0.04871962165910241,0.045505530200377134,0.04928381648206583,19.98,1015.391
1791439475.4094234,69.51003638995262,0.04870325476802376,0.0457105201152095,0.04903615643422564,19.99,1015.402
1791439506.735857,69.51003638995262,0.048211525586770373,0.04540149577056316,0.04878475511353572,19.98,1015.407
1791439538.0814543,69.51003638995262,0.04892319999419703,0.04576802444488533,0.04925771622785029,19.98,1015.358
1791439569.422804,69.51003638995262,0.04874385786175789,0.04541999472890973,0.049056481149407014,19.98,1015.382
1791439600.7663474,69.51003638995262,0.04857882312830764,0.045350928966653256,0.04920597506982003,20.01,1015.387
1791439632.1169536,69.51003638995262,0.04857882312830764,0.04545268155741202,0.0492810642254277,20.01,1015.375
1791439663.4652715,69.51003638995262,0.04861089795830333,0.0454992304168128,0.048976826278867416,19.99,1015.43
1791439694.8069456,69.51003638995262,0.0486434355088357,0.045509333481601105,0.04903733089580477,20.01,1015.41
1791439726.1522746,69.51003638995262,0.04852534732724443,0.04554324353920157,0.048870046852186155,19.99,1015.432
1791439757.4918702,69.51003638995262,0.048600779156395,0.04567423073080875,0.048920691957995484,19.98,1015.466
1791439788.8403866,69.51003638995262,0.048794275502268704,0.045592614751512675,0.04913875760623294,19.99,1015.432
1791439820.181714,69.51003638995262,0.04854033051851897,0.04548286697827443,0.0488496645219926,19.99,1015.522
1791439851.5323389,69.51003638995262,0.04898719132747268,0.04533342422899564,0.049011661651203194,19.98,1015.493
1791439882.8797288,69.51003638995262,0.048654646349581936,0.045550924468011796,0.04893832391149054,19.99,1015.512
1791439914.226346,69.51003638995262,0.04858901929982773,0.04552541703610991,0.048996957192306234,19.98,1015.515
1791439945.568826,69.51003638995262,0.048480331015046244,0.04548927117505501,0.04910621142472484,20.01,1015.555
1791439976.9041944,69.51003638995262,0.04853641379623328,0.045545874716903315,0.04890170468544769,19.99,1015.564
1791440008.2587047,69.51003638995262,0.04852534732724443,0.04560341438538182,0.04889535629072655,19.99,1015.579
1791440039.602359,69.51003638995262,0.048803081990990684,0.04547233711696545,0.04914990001511905,20.01,1015.578
1791440070.9416385,69.51003638995262,0.04843143805234647,0.045768995359844515,0.048777702080505615,20.01,1015.582
1791440102.268188,69.51003638995262,0.04857560916961773,0.04542518870211157,0.04916417987608651,19.99,1015.588
1791440133.612794,69.51003638995262,0.048532342029114356,0.04534928127347559,0.04893037874540822,20.01,1015.601
1791440164.951288,69.51003638995262,0.04894605389478622,0.04567423073080875,0.048920691957995484,20.01,1015.643
1791440196.2978144,69.51003638995262,0.04873541662465091,0.04544470813923853,0.049135440618138945,19.99,1015.632
1791440227.6382654,69.51003638995262,0.04861838613241655,0.04545268155741202,0.049228907057664466,19.96,1015.655
1791440258.9857125,69.51003638995262,0.04885175151787586,0.04583884766450032,0.049217364854445,19.96,1015.657
1791440290.3303092,69.51003638995262,0.04831979356349787,0.045509333481601105,0.04902703569475214,19.96,1015.668
1791440321.6786156,69.51003638995262,0.04849352523855847,0.04551958350753664,0.048835728432593414,19.98,1015.663
1791440353.021242,69.51003638995262,0.04860829636690469,0.045420813791969654,0.048684488818252554,19.96,1015.685
1791440384.3516688,69.51003638995262,0.04862364087401165,0.04581770778275323,0.0490279368987717,19.95,1015.725
1791440415.7062979,69.51003638995262,0.04862364087401165,0.04580616414423122,0.0488043113528586,19.96,1015.738
1791440447.0486724,69.51003638995262,0.04857226617051605,0.045151410763372,0.04887261333236068,19.96,1015.743
1791440478.3912137,69.51003638995262,0.04837387714858004,0.04550291538520677,0.04932883785591714,19.98,1015.762
1791440509.747586,69.51003638995262,0.04847658711071862,0.04564822231687648,0.04883023108206623,19.96,1015.806
1791440541.0891757,69.51003638995262,0.04874396342417032,0.045646981029314866,0.04915498200374392,19.98,1015.759
1791440572.4205732,69.51003638995262,0.047954796286002084,0.045597736808519515,0.04895441799549718,19.96,1015.803
1791440603.7711806,69.51003638995262,0.04859498434069071,0.04547508984946885,0.04923448212922383,19.96,1015.784
1791440635.119568,69.51003638995262,0.04882267149707009,0.04523890803931224,0.04892801184426529,19.99,1015.812
1791440666.4621837,69.51003638995262,0.04881200842756768,0.045577686521854996,0.04910971393727254,19.96,1015.773
1791440697.8036468,69.51003638995262,0.048600779156395,0.04566191359704695,0.048920691957995484,19.99,1015.81
1791440729.0960827,69.51003638995262,0.04858295185242514,0.045577686521854996,0.04905834131193774,19.96,1015.865
1791440760.4535732,69.51003638995262,0.04862364087401165,0.04562394008247477,0.0490279368987717,19.94,1015.853
1791440791.7991111,69.51003638995262,0.04869163220972893,0.045597736808519515,0.04910212440093675,19.96,1015.843
1791440823.128553,69.51003638995262,0.048542616292228905,0.04563537411693755,0.04915498200374392,19.96,1015.857
1791440854.4680066,69.51003638995262,0.04884896403705806,0.045721047117793706,0.04918145350336309,19.96,1015.855
1791440885.8144865,69.51003638995262,0.04860277097096319,0.04560913303611143,0.048964748469956194,19.99,1015.866
1791440917.1520379,69.51003638995262,0.04842522266732945,0.04568362116619049,0.04940772382644175,19.96,1015.878
1791440948.5044773,69.51003638995262,0.048708607361916484,0.04570850464027208,0.04940772382644175,19.96,1015.903
1791440979.8340936,69.51003638995262,0.04904471693921937,0.04568362116619049,0.049380826516522265,19.95,1015.922
1791441011.1754298,69.51003638995262,0.04845162823384989,0.045396939307932135,0.04881490569306236,19.95,1015.915
1791441042.5219011,69.51003638995262,0.04878828763808053,0.04580831020477016,0.04912494704231117,19.92,1015.901
1791441073.8485582,69.51003638995262,0.04855753910080475,0.045548598723111434,0.048868229032339915,19.92,1015.921
1791441105.1930058,69.51003638995262,0.04881342763705137,0.045478787453801614,0.04911717587219571,19.92,1015.928
1791441136.5354831,69.51003638995262,0.04843782682663645,0.045420813791969654,0.04905834131193774,19.92,1015.972
1791441167.8689675,69.51003638995262,0.048597939944736566,0.04569686441008556,0.04897605279524757,19.92,1016.001
1791441199.2154424,69.51003638995262,0.04874396342417032,0.045856558840312825,0.04910212440093675,19.94,1015.996
1791441230.5680597,69.51003638995262,0.04875276862664996,0.04570850464027208,0.049140062149967315,19.94,1016.001
1791441261.9143586,69.51003638995262,0.04878828763808053,0.045396939307932135,0.04912494704231117,19.92,1016.029
1791441293.259813,69.51003638995262,0.04814121953337948,0.045496118702525255,0.0488415528086099,19.89,1016.032
1791441324.592543,69.51003638995262,0.048504525852627704,0.04580831020477016,0.0488415528086099,19.92,1016.067
1791441355.931961,69.51003638995262,0.048504525852627704,0.04580831020477016,0.04917857976459209,19.89,1016.036
1791441387.2665393,69.51003638995262,0.04839884586657729,0.04570850464027208,0.04873513851986544,19.94,1016.066
1791441418.6080396,69.51003638995262,0.04839884586657729,0.045496118702525255,0.049071431173153594,19.91,1016.085
1791441449.938391,69.51003638995262,0.0488415528086099,0.045471283248787964,0.048868229032339915,19.89,1016.096
1791441481.286807,69.51003638995262,0.0488415528086099,0.045496118702525255,0.04917857976459209,19.91,1016.102
1791441512.6294198,69.51003638995262,0.04827290388550198,0.04559573240346512,0.048921668995335336,19.95,1016.117
1791441543.9757829,69.51003638995262,0.04855753910080475,0.04551019256810128,0.04894843283035591,19.96,1016.122
1791441575.3114293,69.51003638995262,0.04862121075899881,0.045610929677536015,0.048980852664599304,19.94,1016.114
1791441606.6658695,69.51003638995262,0.04862121075899881,0.04586990271333462,0.04908687744566417,19.94,1016.164
1791441638.006341,69.51003638995262,0.048497393515553926,0.04589480626486961,0.04888504035680616,19.94,1016.16
1791441669.3558688,69.51003638995262,0.04876169859615138,0.04542169359577413,0.04912494704231117,19.94,1016.182
1791441700.681253,69.51003638995262,0.04853101799935845,0.04575835300000477,0.048868229032339915,19.89,1016.164
1791441732.0217578,69.51003638995262,0.048708607361916484,0.045496118702525255,0.0490981745249733,19.89,1016.209
1791441763.3672085,69.51003638995262,0.048868229032339915,0.04575835300000477,0.04920544006532138,19.91,1016.194
1791441794.7136738,69.51003638995262,0.04855753910080475,0.045570788106086293,0.048921668995335336,19.94,1016.204
1791441826.0632694,69.51003638995262,0.048921668995335336,0.045833329735506724,0.048921668995335336,19.92,1016.198
1791441857.3896234,69.51003638995262,0.04858408920446186,0.04544647489464793,0.048894934411973304,19.89,1016.194
1791441888.7341797,69.51003638995262,0.049018031775641624,0.0456587647702375,0.049071431173153594,19.92,1016.215
1791441920.0797513,69.51003638995262,0.04865563161231902,0.04551019256810128,0.04927352949564941,19.95,1016.22
1791441951.4182553,69.51003638995262,0.04875276862664996,0.04551019256810128,0.04908687744566417,19.91,1016.243
1791441982.7605863,69.51003638995262,0.04873513851986544,0.04575835300000477,0.04915174877290381,19.89,1016.228
1791442014.110254,69.51003638995262,0.04878828763808053,0.045396939307932135,0.04912494704231117,19.89,1016.244
1791442045.4597,69.51003638995262,0.04865563161231902,0.04542169359577413,0.048964748469956194,19.91,1016.257
1791442076.7980936,69.51003638995262,0.0488415528086099,0.04578331797448938,0.04920544006532138,19.91,1016.266
1791442108.1246533,69.51003638995262,0.04876169859615138,0.045795353953895106,0.04904471693921937,19.91,1016.257
1791442139.458236,69.51003638995262,0.04885852862302815,0.04553488741961556,0.04922005565052522,19.92,1016.331
1791442170.7926528,69.51003638995262,0.04885852862302815,0.04573341523675406,0.0489381502333063,19.92,1016.36
1791442202.134188,69.51003638995262,0.04878828763808053,0.04537221198698393,0.04915174877290381,19.92,1016.385
1791442233.4806252,69.51003638995262,0.049018031775641624,0.04573341523675406,0.04940772382644175,19.89,1016.35
1791442264.8361092,69.51003638995262,0.04868210507510121,0.04591973687221835,0.04904471693921937,19.89,1016.367
1791442296.179547,69.51003638995262,0.049018031775641624,0.04560913303611143,0.04904471693921937,19.89,1016.347
1791442327.5221508,69.51003638995262,0.0485500250630871,0.04603007933090521,0.049140062149967315,19.91,1016.395
1791442358.8646712,69.51003638995262,0.04895441799549718,0.045671643047999984,0.04900731589779432,19.88,1016.394
1791442390.2070153,69.51003638995262,0.04855753910080475,0.045520981300287755,0.049232329723141864,19.88,1016.407
1791442421.5425758,69.51003638995262,0.048868229032339915,0.04568362116619049,0.04920544006532138,19.87,1016.437
1791442452.8991137,69.51003638995262,0.048504525852627704,0.04578331797448938,0.048868229032339915,19.87,1016.442
1791442484.2427835,69.51003638995262,0.04876169859615138,0.045833329735506724,0.04915174877290381,19.85,1016.461
1791442515.539078,69.51003638995262,0.04876169859615138,0.04584502617359397,0.0490981745249733,19.85,1016.503
1791442546.8805072,69.51003638995262,0.04888504035680616,0.04582017660172372,0.04922005565052522,19.87,1016.48
1791442578.2270274,69.51003638995262,0.04859498434069071,0.04563537411693755,0.04920795352981057,19.88,1016.524
1791442609.5694945,69.51003638995262,0.04879640724532887,0.04588126734190227,0.04918145350336309,19.87,1016.483
1791442640.917949,69.51003638995262,0.04869163220972893,0.045401817858986164,0.04904938035427011,19.84,1016.463
1791442672.2635517,69.51003638995262,0.04850935452046785,0.04553775323026069,0.04889182590350854,19.87,1016.517
1791442703.608025,69.51003638995262,0.04874396342417032,0.04547508984946885,0.04915498200374392,19.88,1016.527
1791442734.9385154,69.51003638995262,0.04858730615337951,0.0451993446893189,0.049248723148011396,19.87,1016.569
1791442766.2699153,69.51003638995262,0.048821057279409,0.04570921485723963,0.048898432213607256,19.88,1016.603
1791442797.6146138,69.51003638995262,0.048882153223348976,0.04551341323173243,0.048986329470863954,19.88,1016.592
1791442828.9508896,69.51003638995262,0.0488415528086099,0.045520981300287755,0.0488415528086099,19.89,1016.582
1791442860.2994645,69.51003638995262,0.04855753910080475,0.04578331797448938,0.048894934411973304,19.88,1016.593
1791442891.6420946,69.51003638995262,0.048504525852627704,0.04580831020477016,0.04915174877290381,19.88,1016.591
1791442922.98641,69.51003638995262,0.04857638369869921,0.04560913303611143,0.04919336222852083,19.88,1016.612
1791442954.3228154,69.51003638995262,0.04857638369869921,0.04562234563051355,0.0489381502333063,19.91,1016.601
1791442985.6510103,69.51003638995262,0.0487264001294477,0.04524030655590599,0.049140062149967315,19.92,1016.603
1791443016.992718,69.51003638995262,0.04863941323971204,0.04551341323173243,0.04899674949820072,19.94,1016.557
1791443048.3394217,69.51003638995262,0.04878735072370854,0.04569686441008556,0.049090950701595505,19.95,1016.58
1791443079.684789,69.51003638995262,0.04883953244160198,0.045610929677536015,0.04914342907758327,19.95,1016.624
1791443111.0243824,69.51003638995262,0.04830835007658758,0.04545063958889608,0.049023050800195894,19.94,1016.621
1791443142.374794,69.51003638995262,0.04883953244160198,0.04580616414423122,0.049090950701595505,19.92,1016.623
1791443173.7042804,69.51003638995262,0.048597939944736566,0.04558860383470346,0.049550764299789676,19.92,1016.588
1791443205.0488665,69.51003638995262,0.04876960988549555,0.045636771782695144,0.049094916648092075,19.89,1016.63
1791443236.381261,69.51003638995262,0.04876130165689755,0.04569633172973858,0.04886566518213189,19.92,1016.648
1791443267.7187438,69.51003638995262,0.04865563161231902,0.04568362116619049,0.04927352949564941,19.91,1016.667
1791443299.0663645,69.51003638995262,0.04868210507510121,0.04560913303611143,0.04930031001334067,19.89,1016.661
1791443330.393642,69.51003638995262,0.04873513851986544,0.04589480626486961,0.0490981745249733,19.91,1016.645
1791443361.7382243,69.51003638995262,0.048542616292228905,0.045856558840312825,0.04915498200374392,19.91,1016.637
1791443393.086874,69.51003638995262,0.04868332109032543,0.04550291538520677,0.048986329470863954,19.91,1016.679
1791443424.434186,69.51003638995262,0.04869264178007307,0.04539694455828686,0.04896591653335639,19.89,1016.675
1791443455.769682,69.51003638995262,0.048837592554560154,0.04590111871242627,0.04910971393727254,19.89,1016.707
1791443487.0961967,69.51003638995262,0.04873541662465091,0.04555382263499399,0.04905834131193774,19.88,1016.695
1791443518.4447153,69.51003638995262,0.048240958767265134,0.04566089394678748,0.04896591653335639,19.89,1016.732
1791443549.7922285,69.51003638995262,0.04832268520764599,0.04555124813336973,0.049053920196000175,19.89,1016.716
1791443581.1347506,69.51003638995262,0.04854661950833565,0.04539694455828686,0.04912079827785565,19.91,1016.749
1791443612.4841633,69.51003638995262,0.04876092050462936,0.04567339262167592,0.04900707605390576,19.87,1016.751
1791443643.8296342,69.51003638995262,0.04892801184426529,0.04555960908564091,0.0493942563542597,19.87,1016.767
1791443675.157055,69.51003638995262,0.04857638369869921,0.04560913303611143,0.048964748469956194,19.87,1016.805
1791443706.4976888,69.51003638995262,0.04860277097096319,0.04555960908564091,0.0489381502333063,19.88,1016.831
1791443737.8451016,69.51003638995262,0.048708607361916484,0.045436268465065675,0.049018031775641624,19.88,1016.838
1791443769.188809,69.51003638995262,0.048613345733571074,0.04552706893145888,0.04919601977272845,19.87,1016.851
1791443800.5370002,69.51003638995262,0.04857226617051605,0.04543060827271756,0.04895015190170158,19.87,1016.858
1791443831.876635,69.51003638995262,0.04804684727348421,0.045636771782695144,0.04897605279524757,19.85,1016.872
1791443863.2139986,69.51003638995262,0.04836784841598962,0.045420813791969654,0.04896591653335639,19.85,1016.915
1791443894.549698,69.51003638995262,0.04859039475547885,0.0453731003986184,0.04891450610367917,19.88,1016.925
1791443925.899085,69.51003638995262,0.04859039475547885,0.04551654225953032,0.04891450610367917,19.85,1016.935
1791443957.2445023,69.51003638995262,0.048317012537889205,0.045577686521854996,0.04869264178007307,19.84,1016.953
1791443988.59919,69.51003638995262,0.04863366733838859,0.04538747258186938,0.049124326443394116,19.84,1016.942
1791444019.9476004,69.51003638995262,0.04860829636690469,0.04573341294146091,0.04887938043764724,19.87,1016.959
1791444051.290093,69.51003638995262,0.04845662469040877,0.04567423073080875,0.048803081990990684,19.87,1016.97
1791444082.6366148,69.51003638995262,0.04861838613241655,0.045301717969226454,0.04907734816233368,19.85,1016.965
1791444113.9800365,69.51003638995262,0.04853531059153533,0.045671643047999984,0.049023050800195894,19.85,1017.005
1791444145.3245423,69.51003638995262,0.04852369501753546,0.045646981029314866,0.048832045629782696,19.87,1016.947
1791444176.6699164,69.51003638995262,0.0483924720170417,0.04536791790400772,0.04895441799549718,19.89,1016.995
1791444208.0126014,69.51003638995262,0.048328436458708275,0.04573341368468598,0.04928901514194064,19.88,1017.036
1791444239.3608477,69.51003638995262,0.04853943210150858,0.045577686521854996,0.04891450610367917,19.87,1017.028
1791444270.7085087,69.51003638995262,0.04870993940979098,0.04568572185853361,0.04900707605390576,19.87,1017.041
1791444302.0379305,69.51003638995262,0.04855763375358721,0.04526939301455295,0.04890486629619086,19.89,1017.054
1791444333.3133998,69.51003638995262,0.04855763375358721,0.045792747991834915,0.04922678073995659,19.84,1017.062
1791444364.6560853,69.51003638995262,0.04857560916961773,0.04533118458303401,0.048920691957995484,19.85,1017.098
1791444396.0013502,69.51003638995262,0.048106378406959575,0.04526093642481816,0.048794275502268704,19.87,1017.083
1791444427.3478708,69.51003638995262,0.048568364696363955,0.04578053815410913,0.04893632203018084,19.87,1017.117
1791444458.7013392,69.51003638995262,0.0486434355088357,0.04573341221889264,0.04901203960746677,19.88,1017.155
1791444490.0419476,69.51003638995262,0.04844376026945713,0.04568638320564737,0.04910254313970564,19.89,1017.167
1791444521.374351,69.51003638995262,0.04818100428315375,0.04551958350753664,0.04889535629072655,19.87,1017.253
1791444552.7148204,69.51003638995262,0.04858295185242514,0.045685041624802185,0.04908401418262227,19.85,1017.2
1791444584.0603542,69.51003638995262,0.0488043113528586,0.045524069374007804,0.049184250890159084,19.85,1017.184
1791444615.3957863,69.51003638995262,0.048464275505742865,0.04569686441008556,0.04910212440093675,19.84,1017.198
1791444646.7354405,69.51003638995262,0.04857226617051605,0.0454823806771319,0.0490690622779017,19.84,1017.245
1791444678.0908184,69.51003638995262,0.048205931052823385,0.04547594407534351,0.04906264829933872,19.85,1017.278
1791444709.4183135,69.51003638995262,0.04853641379623328,0.04540622784607307,0.04916708923951844,19.82,1017.253
1791444740.7508066,69.51003638995262,0.049001918125146,0.04560520273007945,0.04902703569475214,19.84,1017.293
1791444772.091394,69.51003638995262,0.04850491658253294,0.045456505330376144,0.04884278486378445,19.85,1017.331
1791444803.4328353,69.51003638995262,0.048498284747587106,0.04536494692698196,0.04880933302911899,19.84,1017.311
1791444834.7753227,69.51003638995262,0.04847386346021265,0.045259167356339974,0.04885856322981539,19.84,1017.333
1791444866.124855,69.51003638995262,0.04857882312830764,0.04565174097687312,0.049256009055986934,19.84,1017.375
1791444897.472402,69.51003638995262,0.048529527098562814,0.04538780193226826,0.04884278486378445,19.84,1017.367
1791444928.819686,69.51003638995262,0.04873567346484374,0.04551540376641619,0.04902159237084835,19.81,1017.375
1791444960.2073233,69.51003638995262,0.04837642376286994,0.045584023330406655,0.04902159237084835,19.82,1017.384
1791444991.5489295,69.51003638995262,0.048475189390580015,0.045638130137097895,0.048701720487375914,19.82,1017.378
1791445022.8902867,69.51003638995262,0.0485139908415598,0.04562548938245466,0.04916119426756051,19.8,1017.391
1791445054.2367256,69.51003638995262,0.04850707663781599,0.045638130137097895,0.04914990001511905,19.82,1017.409
1791445085.5843427,69.51003638995262,0.048625975240906706,0.04484934651129516,0.04894605389478622,19.82,1017.44
1791445116.9136155,69.51003638995262,0.04831979356349787,0.0449071443453153,0.04887671533833325,19.85,1017.466
1791445148.257251,69.51003638995262,0.048455770358185116,0.04503137974458947,0.04898207430849036,19.85,1017.431
1791445179.588845,69.51003638995262,0.048498284747587106,0.04531930589869723,0.04914514078968988,19.85,1017.468
1791445210.9281466,69.51003638995262,0.04792166251157171,0.04531930589869723,0.04910978790631923,19.84,1017.479
1791445242.271701,69.51003638995262,0.04806993046163098,0.04552541703610991,0.04871918869469374,19.85,1017.49
1791445273.6154764,69.51003638995262,0.048818015487042066,0.0457218850456517,0.049056481149407014,19.84,1017.508
1791445304.9667873,69.51003638995262,0.048498284747587106,0.04541067997801187,0.04880933302911899,19.84,1017.534
1791445336.2941709,69.51003638995262,0.04854033051851897,0.04542423173584976,0.04887415177159703,19.81,1017.568
1791445367.624833,69.51003638995262,0.04866223588908111,0.04556112716469683,0.04897234676151954,19.82,1017.587
1791445398.9680426,69.51003638995262,0.04854033051851897,0.045505530200377134,0.04910978790631923,19.84,1017.577
1791445430.3126657,69.51003638995262,0.0485094015215666,0.04544699048378268,0.04879230489333468,19.84,1017.618
1791445461.6610677,69.51003638995262,0.04859621646442356,0.04565174097687312,0.048957322161601494,19.85,1017.593
1791445492.9946296,69.51003638995262,0.048122761123572624,0.04526743469203778,0.048777012825911466,19.84,1017.602
1791445524.3500695,69.51003638995262,0.04848688436826214,0.045581969170031315,0.0488019003006387,19.84,1017.623
1791445555.6974986,69.51003638995262,0.048645330786556806,0.04538780193226826,0.04859621646442356,19.81,1017.619
1791445587.0301096,69.51003638995262,0.04863780585458116,0.04541067997801187,0.048947761041215725,19.8,1017.651
1791445618.3716142,69.51003638995262,0.04844946675511424,0.04562988476834691,0.04876020193788922,19.82,1017.686
1791445649.7071476,69.51003638995262,0.04854033051851897,0.045356092051226336,0.04913438089415189,19.81,1017.669
1791445681.0576332,69.51003638995262,0.04844324510289668,0.045505530200377134,0.04875196040806372,19.81,1017.696
1791445712.3990042,69.51003638995262,0.048581915376593204,0.045550924468011796,0.048889553894214816,19.84,1017.674
1791445743.7484527,69.51003638995262,0.048606134861931626,0.04548286697827443,0.04891392674622289,19.87,1017.725
1791445775.0840065,69.51003638995262,0.04853354874240074,0.04517538167455938,0.04914821322708764,19.88,1017.697
1791445806.4314568,69.51003638995262,0.04855772001542488,0.045437608188775076,0.048889553894214816,19.87,1017.708
1791445837.7669442,69.51003638995262,0.04879230489333468,0.04541501255409051,0.0491237601881249,19.84,1017.704
1791445869.1041648,69.51003638995262,0.048485278317039755,0.04541501255409051,0.048816580854845755,19.82,1017.695
1791445900.4520674,69.51003638995262,0.0485094015215666,0.04546022631896623,0.0488408809847442,19.82,1017.676
1791445931.7945101,69.51003638995262,0.04828454008867375,0.04554843405909853,0.04900685149672799,19.87,1017.667
1791445963.1448815,69.51003638995262,0.048735547547418503,0.04541563996082248,0.04902703569475214,19.82,1017.685
1791445994.4874058,69.51003638995262,0.048735547547418503,0.04563945081567734,0.0489111347995943,19.82,1017.728
1791446025.821886,69.51003638995262,0.04887671533833325,0.04537392753744164,0.04911691623301525,19.82,1017.78
1791446057.161318,69.51003638995262,0.048400746943428885,0.04551540376641619,0.04871116965713862,19.82,1017.742
1791446088.5027912,69.51003638995262,0.048800763561672886,0.04588175465806981,0.04910978790631923,19.84,1017.752
1791446119.7863812,69.51003638995262,0.047990551093349085,0.04522042413472767,0.04891392674622289,19.81,1017.772
1791446151.128894,69.51003638995262,0.048606134861931626,0.045528216019018936,0.04922171863051416,19.81,1017.806
1791446182.4783869,69.51003638995262,0.04855772001542488,0.045505530200377134,0.048889553894214816,19.78,1017.78
1791446213.8188546,69.51003638995262,0.04863037850753792,0.045505530200377134,0.04893832391149054,19.8,1017.806
1791446245.169198,69.51003638995262,0.04855772001542488,0.045437608188775076,0.048865205319139925,19.81,1017.798
1791446276.5056765,69.51003638995262,0.0485094015215666,0.04541501255409051,0.048816580854845755,19.8,1017.829
1791446307.8502848,69.51003638995262,0.0485094015215666,0.045130428855495924,0.048816580854845755,19.77,1017.758
1791446339.1808379,69.51003638995262,0.04825023471170983,0.04533342422899564,0.048889553894214816,19.78,1017.778
1791446370.5271697,69.51003638995262,0.04839484788484432,0.04513765648030905,0.04870325476802376,19.81,1017.833
1791446401.8756645,69.51003638995262,0.04863780585458116,0.04544699048378268,0.04897234676151954,19.84,1017.819
1791446433.2182252,69.51003638995262,0.04875196040806372,0.045528216019018936,0.04906067571323075,19.81,1017.846
1791446464.5497031,69.51003638995262,0.048678938424305714,0.045550924468011796,0.04870325476802376,19.8,1017.828
1791446495.8930297,69.51003638995262,0.0480144876996327,0.045242979064059184,0.04893832391149054,19.8,1017.808
1791446527.2365537,69.51003638995262,0.04822621650005729,0.045437608188775076,0.04855772001542488,19.81,1017.86
1791446558.566197,69.51003638995262,0.04820222218828745,0.04510798597779558,0.0485094015215666,19.81,1017.896
1791446589.9065866,69.51003638995262,0.04855772001542488,0.045437608188775076,0.0488408809847442,19.82,1017.857
1791446621.2569878,69.51003638995262,0.04817825174074483,0.04546022631896623,0.04879230489333468,19.84,1017.877
1791446652.6046708,69.51003638995262,0.04822621650005729,0.044845561834279325,0.0488408809847442,19.81,1017.855
1791446683.945994,69.51003638995262,0.048581915376593204,0.04548286697827443,0.04919719241183641,19.82,1017.939
1791446715.2726102,69.51003638995262,0.048581915376593204,0.04519789168275552,0.048581915376593204,19.84,1017.889
1791446746.6112075,69.51003638995262,0.04851602270110154,0.04538780193226826,0.04889866358334036,19.84,1017.909
1791446777.9595747,69.51003638995262,0.048480331015046244,0.04537392753744164,0.048818015487042066,19.85,1017.944
1791446809.3050041,69.51003638995262,0.04875215072194592,0.0452820729286454,0.04935638290595375,19.85,1017.965
1791446840.6526484,69.51003638995262,0.04868669047758809,0.04551540376641619,0.048996957192306234,19.88,1017.947
1791446871.9960418,69.51003638995262,0.048654646349581936,0.04546022631896623,0.04863037850753792,19.87,1017.967
1791446903.342544,69.51003638995262,0.04822621650005729,0.04546022631896623,0.048889553894214816,19.85,1017.974
1791446934.6878884,69.51003638995262,0.04853354874240074,0.045437608188775076,0.04914821322708764,19.88,1017.987
1791446966.0306153,69.51003638995262,0.04855772001542488,0.04517538167455938,0.048889553894214816,19.85,1017.993
1791446997.3748403,69.51003638995262,0.04822621650005729,0.045505530200377134,0.048865205319139925,19.84,1018.026
1791447028.723352,69.51003638995262,0.048581915376593204,0.045505530200377134,0.04891392674622289,19.85,1018.007
1791447060.0649567,69.51003638995262,0.04855772001542488,0.04517538167455938,0.04919719241183641,19.84,1018.013
1791447091.4163127,69.51003638995262,0.048581915376593204,0.04546022631896623,0.048889553894214816,19.84,1018.076
1791447122.77089,69.51003638995262,0.0485094015215666,0.045437608188775076,0.048816580854845755,19.88,1018.104
1791447154.102503,69.51003638995262,0.04855772001542488,0.04548286697827443,0.048889553894214816,19.85,1018.052
1791447185.4418623,69.51003638995262,0.048581915376593204,0.04548286697827443,0.048889553894214816,19.85,1018.033
1791447216.791323,69.51003638995262,0.048606134861931626,0.04537878255373013,0.04903615643422564,19.85,1018.052
1791447248.1318333,69.51003638995262,0.04871116965713862,0.04537878255373013,0.04871116965713862,19.85,1018.099
1791447279.4773407,69.51003638995262,0.04854033051851897,0.04546977204862322,0.04913438089415189,19.82,1018.101
1791447310.8036852,69.51003638995262,0.048206843604576353,0.04559640939263601,0.04882520179762671,19.84,1018.099
1791447342.1582377,69.51003638995262,0.048581915376593204,0.045130428855495924,0.04914821322708764,19.85,1018.134
1791447373.514677,69.51003638995262,0.04822621650005729,0.045437608188775076,0.048865205319139925,19.84,1018.137
1791447404.855172,69.51003638995262,0.048485278317039755,0.045437608188775076,0.04879230489333468,19.84,1018.116
1791447436.1988225,69.51003638995262,0.04855772001542488,0.04515289407662278,0.048865205319139925,19.84,1018.14
1791447467.5352628,69.51003638995262,0.04855772001542488,0.04548286697827443,0.04855772001542488,19.82,1018.139
1791447498.8796587,69.51003638995262,0.0482742768589716,0.045550924468011796,0.04917269062285496,19.84,1018.161
1791447530.2052078,69.51003638995262,0.04841903440002064,0.04566480735639337,0.04877634977737832,19.82,1018.201
1791447561.5356483,69.51003638995262,0.04841903440002064,0.04533342422899564,0.04872759541712314,19.84,1018.216
1791447592.884232,69.51003638995262,0.04844324510289668,0.04537878255373013,0.04875196040806372,19.8,1018.199
1791447624.240706,69.51003638995262,0.04822621650005729,0.04517538167455938,0.048865205319139925,19.81,1018.206
1791447655.5854342,69.51003638995262,0.04839484788484432,0.04531930589869723,0.04875196040806372,19.81,1018.238
1791447686.922623,69.51003638995262,0.048158610282169556,0.04528815648946904,0.048800763561672886,19.81,1018.229
1791447718.2762067,69.51003638995262,0.048581915376593204,0.04546022631896623,0.048865205319139925,19.81,1018.275
1791447749.618751,69.51003638995262,0.04853354874240074,0.04546022631896623,0.048581915376593204,19.8,1018.255
1791447780.9630299,69.51003638995262,0.048581915376593204,0.04548286697827443,0.04919719241183641,19.81,1018.259
1791447812.2945995,69.51003638995262,0.04863037850753792,0.045550924468011796,0.04891392674622289,19.8,1018.279
1791447843.633089,69.51003638995262,0.04870325476802376,0.045356092051226336,0.04903615643422564,19.8,1018.27
1791447874.9796162,69.51003638995262,0.04841903440002064,0.045265556504400443,0.049011661651203194,19.8,1018.316
1791447906.2872722,69.51003638995262,0.04872759541712314,0.045733410832374935,0.04906067571323075,19.81,1018.287
1791447937.6247835,69.51003638995262,0.04849173921702655,0.04540149577056316,0.048800763561672886,19.8,1018.276
1791447968.9670813,69.51003638995262,0.04841903440002064,0.04540149577056316,0.04872759541712314,19.81,1018.354
1791448000.3015022,69.51003638995262,0.04841903440002064,0.04531077905304994,0.049011661651203194,19.81,1018.348
1791448031.639175,69.51003638995262,0.048467480029773934,0.04544699048378268,0.048800763561672886,19.77,1018.319
1791448062.9844558,69.51003638995262,0.04851602270110154,0.0452056041093452,0.04887415177159703,19.78,1018.378
1791448094.330014,69.51003638995262,0.0482742768589716,0.045505530200377134,0.04891392674622289,19.78,1018.418
1791448125.6774154,69.51003638995262,0.048581915376593204,0.04519789168275552,0.048889553894214816,19.78,1018.383
1791448157.0021148,69.51003638995262,0.04825023471170983,0.04548286697827443,0.0488408809847442,19.81,1018.368
1791448188.3505466,69.51003638995262,0.04855772001542488,0.04517538167455938,0.048865205319139925,19.81,1018.372
1791448219.6928134,69.51003638995262,0.048581915376593204,0.04522042413472767,0.048889553894214816,19.84,1018.427
1791448251.0404842,69.51003638995262,0.048581915376593204,0.045242979064059184,0.04891392674622289,19.84,1018.405
1791448282.3808348,69.51003638995262,0.04837068552113874,0.04533342422899564,0.049011661651203194,19.81,1018.361
1791448313.7223582,69.51003638995262,0.04818271487238021,0.04540149577056316,0.04882520179762671,19.8,1018.42
1791448345.0709758,69.51003638995262,0.048110473382918136,0.04533342422899564,0.04875196040806372,19.82,1018.41
1791448376.4203918,69.51003638995262,0.04841903440002064,0.04542423173584976,0.04903615643422564,19.82,1018.407
1791448407.7639914,69.51003638995262,0.04861340033712605,0.0452056041093452,0.048947761041215725,19.82,1018.405
1791448439.0913484,69.51003638995262,0.04871116965713862,0.04522829880160102,0.04902159237084835,19.8,1018.378
1791448470.4168801,69.51003638995262,0.04835212501664268,0.04556112716469683,0.048947761041215725,19.84,1018.364
1791448501.7623398,69.51003638995262,0.04863780585458116,0.04529651980633159,0.048947761041215725,19.87,1018.369
1791448533.109766,69.51003638995262,0.04839484788484432,0.045242979064059184,0.049011661651203194,19.84,1018.398
1791448564.4292843,69.51003638995262,0.04832243310358531,0.04528815648946904,0.048654646349581936,19.84,1018.43
1791448595.779723,69.51003638995262,0.048581915376593204,0.045242979064059184,0.048606134861931626,19.84,1018.428
1791448627.1114564,69.51003638995262,0.04832243310358531,0.04522042413472767,0.049246269315443146,19.84,1018.493
1791448658.463848,69.51003638995262,0.048654646349581936,0.04502486321189313,0.04870325476802376,19.82,1018.45
1791448689.8152966,69.51003638995262,0.04844324510289668,0.0450473767460593,0.04877634977737832,19.84,1018.523
1791448721.1597314,69.51003638995262,0.04841903440002064,0.04540149577056316,0.04877634977737832,19.85,1018.479
1791448752.506269,69.51003638995262,0.04818271487238021,0.04540149577056316,0.049085219524982696,19.82,1018.496
1791448783.845794,69.51003638995262,0.04851602270110154,0.044895804452274216,0.0488496645219926,19.81,1018.466
1791448815.1841788,69.51003638995262,0.04851602270110154,0.04540149577056316,0.04882520179762671,19.84,1018.489
1791448846.53275,69.51003638995262,0.04851602270110154,0.04544699048378268,0.0488496645219926,19.82,1018.567
1791448877.8713555,69.51003638995262,0.04861340033712605,0.04544699048378268,0.04863780585458116,19.81,1018.591
1791448909.216714,69.51003638995262,0.04866223588908111,0.04549257646470141,0.04897234676151954,19.8,1018.558
1791448940.5582864,69.51003638995262,0.04866223588908111,0.04509947491037203,0.04897234676151954,19.82,1018.589
1791448971.9017022,69.51003638995262,0.04782799638956428,0.04538780193226826,0.04873567346484374,19.8,1018.637
1791449003.2462175,69.51003638995262,0.04829834297764036,0.045505530200377134,0.048606134861931626,19.82,1018.616
1791449034.5929031,69.51003638995262,0.04834654727274725,0.045528216019018936,0.04863037850753792,19.81,1018.619
1791449065.9391007,69.51003638995262,0.0482742768589716,0.045505530200377134,0.04891392674622289,19.8,1018.653
1791449097.281584,69.51003638995262,0.04832243310358531,0.04531077905304994,0.04893832391149054,19.82,1018.617
1791449128.6163259,69.51003638995262,0.048158610282169556,0.04509247142591682,0.04875196040806372,19.81,1018.625
1791449159.9607887,69.51003638995262,0.048206843604576353,0.04516028298289833,0.04851602270110154,19.87,1018.641
1791449191.3061688,69.51003638995262,0.04863780585458116,0.04549257646470141,0.04863780585458116,19.84,1018.666
1791449222.658561,69.51003638995262,0.04837642376286994,0.04534211492736445,0.04873567346484374,19.81,1018.658
1791449254.001185,69.51003638995262,0.048211525586770373,0.04507675365073637,0.04852273065441021,19.82,1018.69
1791449285.3275232,69.51003638995262,0.048425094595194056,0.04536494692698196,0.04880933302911899,19.82,1018.678
1791449316.6630814,69.51003638995262,0.048211525586770373,0.045479452706925425,0.04883393572205004,19.82,1018.672
1791449348.0076013,69.51003638995262,0.0478059879988105,0.04554843405909853,0.04874385786175789,19.84,1018.732
1791449379.345942,69.51003638995262,0.048357776081328206,0.04523628494551746,0.048957322161601494,19.81,1018.703
1791449410.6964242,69.51003638995262,0.048529527098562814,0.04539694944634645,0.04884278486378445,19.81,1018.653
1791449442.042007,69.51003638995262,0.04800042976234296,0.045198355816093806,0.04891724403431381,19.84,1018.645
1791449473.3845568,69.51003638995262,0.048645330786556806,0.04540149577056316,0.04902159237084835,19.84,1018.692
1791449504.7309716,69.51003638995262,0.04837068552113874,0.04497990358630207,0.048678938424305714,19.84,1018.65
1791449536.0724726,69.51003638995262,0.04839484788484432,0.045265556504400443,0.049011661651203194,19.82,1018.727
1791449567.4219582,69.51003638995262,0.04837068552113874,0.04537878255373013,0.04872759541712314,19.84,1018.792
1791449598.7653365,69.51003638995262,0.04823099651504534,0.044850793917173434,0.04854033051851897,19.82,1018.816
1791449630.108886,69.51003638995262,0.04837642376286994,0.04531930589869723,0.04868669047758809,19.84,1018.814
1791449661.45449,69.51003638995262,0.04844946675511424,0.04531930589869723,0.04876020193788922,19.82,1018.774
1791449692.8008769,69.51003638995262,0.048425094595194056,0.0457218850456517,0.04873567346484374,19.82,1018.765
1791449724.0795531,69.51003638995262,0.04816297180688958,0.04534211492736445,0.049070937120664196,19.82,1018.776
1791449755.425013,69.51003638995262,0.04857169647546798,0.04509947491037203,0.04885856322981539,19.84,1018.778
1791449786.769381,69.51003638995262,0.04852273065441021,0.045456505330376144,0.04885856322981539,19.81,1018.801
1791449818.110824,69.51003638995262,0.04852273065441021,0.04550242326378962,0.04883393572205004,19.81,1018.766
1791449849.4505434,69.51003638995262,0.048094258555412224,0.04541999472890973,0.04874385786175789,19.82,1018.786
1791449880.8007603,69.51003638995262,0.048142988692217725,0.04566386917149255,0.048480331015046244,19.81,1018.799
1791449912.14542,69.51003638995262,0.048529527098562814,0.04550242326378962,0.04889239909906384,19.8,1018.793
1791449943.491748,69.51003638995262,0.04862076122227002,0.04562988476834691,0.048957322161601494,19.81,1018.791
1791449974.8383574,69.51003638995262,0.04849173921702655,0.04537878255373013,0.04877634977737832,19.82,1018.8
1791450006.1788738,69.51003638995262,0.04875196040806372,0.04516028298289833,0.04906067571323075,19.81,1018.816
1791450037.5211525,69.51003638995262,0.048327850667946606,0.04529651980633159,0.04868669047758809,19.81,1018.803
1791450068.8718195,69.51003638995262,0.04811451572554437,0.04543358109907148,0.049046252334493425,19.82,1018.812
1791450100.2121966,69.51003638995262,0.04833333941151212,0.04530500169761748,0.048957322161601494,19.82,1018.794
1791450131.555817,69.51003638995262,0.04828977340217331,0.045175376351644016,0.04889239909906384,19.8,1018.813
1791450162.901205,69.51003638995262,0.04824074581390838,0.04541999472890973,0.048628219409164945,19.8,1018.828
1791450194.2328002,69.51003638995262,0.04826524715755145,0.045175376351644016,0.04894211423257594,19.8,1018.839
1791450225.5783906,69.51003638995262,0.04826524715755145,0.04506082863293251,0.04860350871824356,19.81,1018.871
1791450256.9197295,69.51003638995262,0.04850491658253294,0.04566386917149255,0.048867579388352525,19.8,1018.888
1791450288.2623684,69.51003638995262,0.04821626933334117,0.04544306342074572,0.048529527098562814,19.77,1018.881
1791450319.6128929,69.51003638995262,0.04865295523937632,0.04522135867047738,0.04894211423257594,19.8,1018.87
1791450350.953318,69.51003638995262,0.04828454008867375,0.04505405527365889,0.04888321558997717,19.74,1018.935
1791450382.2859106,69.51003638995262,0.04882520179762671,0.04533342422899564,0.0488496645219926,19.75,1018.912
1791450413.6293924,69.51003638995262,0.04844324510289668,0.044850793917173434,0.04875196040806372,19.74,1018.895
1791450444.9738102,69.51003638995262,0.04844946675511424,0.04496960785900465,0.04878475511353572,19.77,1018.906
1791450476.313281,69.51003638995262,0.048554162601130456,0.04555875927059294,0.048867579388352525,19.78,1018.956
1791450507.6589324,69.51003638995262,0.047905738352948125,0.04535986899136314,0.049217364854445,19.81,1018.907
1791450539.0083134,69.51003638995262,0.048777012825911466,0.04540622784607307,0.049066845521132565,19.81,1018.942
1791450570.3567765,69.51003638995262,0.0482950763182142,0.04556923274898173,0.048635776839959476,19.8,1018.903
1791450601.7012708,69.51003638995262,0.04802839104376161,0.04552254061843575,0.048660681200498816,19.78,1018.933
1791450633.0278192,69.51003638995262,0.04827559028345397,0.044866940260075594,0.04859336254152413,19.77,1018.992
1791450664.3733444,69.51003638995262,0.04846862998001616,0.04536893772213892,0.04846862998001616,19.78,1018.952
1791450695.7517946,69.51003638995262,0.0486434355088357,0.045439027154773624,0.04896153521491643,19.81,1018.995
1791450727.090353,69.51003638995262,0.04837518394821847,0.04565060085745505,0.04876907057239508,19.78,1018.969
1791450758.4408293,69.51003638995262,0.04823088362791067,0.04535464911867101,0.04889535629072655,19.74,1019.037
1791450789.78432,69.51003638995262,0.04834453612213021,0.04533672504449656,0.0487105665149477,19.75,1019.038
1791450821.1288092,69.51003638995262,0.048024846253324954,0.04538303657980752,0.04843745592275927,19.75,1019.08
1791450852.4593534,69.51003638995262,0.04828977340217331,0.04526743469203778,0.04889239909906384,19.74,1019.041
1791450883.7998338,69.51003638995262,0.04814730225811635,0.045136859917322886,0.04882681318498218,19.75,1019.054
1791450915.1443644,69.51003638995262,0.04800381028703628,0.045275820805074404,0.048635776839959476,19.77,1018.978
1791450946.4929085,69.51003638995262,0.04800723609667424,0.04516761019457541,0.04861838613241655,19.75,1019.024
1791450977.8323896,69.51003638995262,0.04830045023465226,0.045275820805074404,0.04893632203018084,19.77,1019.046
1791451009.1798458,69.51003638995262,0.04815167340017141,0.045275820805074404,0.048835728432593414,19.72,1019.022
1791451040.521234,69.51003638995262,0.04841891606757482,0.0453922768289828,0.04849352523855847,19.75,1019.035
1791451071.869802,69.51003638995262,0.04842513503775263,0.04526093642481816,0.04876907057239508,19.74,1019.036
1791451103.2193367,69.51003638995262,0.04842513503775263,0.04526093642481816,0.04871873875043048,19.77,1019.048
1791451134.5518482,69.51003638995262,0.04825586204850891,0.045198839721312785,0.04865119746376343,19.78,1019.026
1791451165.9022071,69.51003638995262,0.048280866354794505,0.04533118458303401,0.048600779156395,19.81,1019.052
1791451197.2477472,69.51003638995262,0.04823088362791067,0.045378137958529546,0.04855046524004841,19.82,1019.02
1791451228.5913906,69.51003638995262,0.04813122800010836,0.0454624384480284,0.04893632203018084,19.82,1019.029
1791451259.9317565,69.51003638995262,0.047982514336887966,0.045175376351644016,0.048735547547418503,19.8,1019.049
1791451291.2873256,69.51003638995262,0.04843123457410876,0.04537392753744164,0.04874385786175789,19.77,1019.043
1791451322.629688,69.51003638995262,0.04833890074635064,0.04540622784607307,0.04848688436826214,19.77,1019.029
1791451353.9541688,69.51003638995262,0.04805299698695229,0.04532233143535722,0.048660681200498816,19.74,1019.106
1791451385.3017015,69.51003638995262,0.04832533580275497,0.04526093642481816,0.04871873875043048,19.75,1019.051
1791451416.64132,69.51003638995262,0.048475189390580015,0.04530774431391619,0.04876907057239508,19.74,1019.115
1791451447.9917727,69.51003638995262,0.048205931052823385,0.04516761019457541,0.04850025539084681,19.78,1019.063
1791451479.3184643,69.51003638995262,0.04768913639059351,0.04530774431391619,0.04861838613241655,19.77,1019.089
1791451510.6008372,69.51003638995262,0.04845014928625172,0.04516761019457541,0.04876907057239508,19.74,1019.114
1791451541.9501994,69.51003638995262,0.04813122800010836,0.04526093642481816,0.04876907057239508,19.74,1019.125
1791451573.2907653,69.51003638995262,0.04788651477840234,0.045035067506533265,0.04855046524004841,19.77,1019.107
1791451604.6302912,69.51003638995262,0.048280866354794505,0.045081738338789624,0.04894605389478622,19.74,1019.116
1791451635.9766505,69.51003638995262,0.04811052755088593,0.04522233303774102,0.048777702080505615,19.75,1019.153
1791451667.3262162,69.51003638995262,0.048056756118594314,0.04528432827369313,0.04869361177784262,19.78,1019.172
1791451698.6566098,69.51003638995262,0.04834453612213021,0.045244384950524505,0.048635776839959476,19.77,1019.262
1791451729.9840753,69.51003638995262,0.04817186843588558,0.04538303657980752,0.048586044516450384,19.78,1019.229
1791451761.3267086,69.51003638995262,0.04841277947197314,0.04545268155741202,0.04885175151787586,19.78,1019.222
1791451792.6661162,69.51003638995262,0.04839409733514326,0.0453922768289828,0.0487855865598609,19.77,1019.231
1791451824.012683,69.51003638995262,0.04822594707371494,0.0453922768289828,0.04854339255722339,19.78,1019.203
1791451855.3580835,69.51003638995262,0.04788388138822743,0.04529906418156874,0.048568364696363955,19.78,1019.205
1791451886.7065609,69.51003638995262,0.04854339255722339,0.044642232912197856,0.04886083804073183,19.77,1019.212
1791451918.0463164,69.51003638995262,0.04836930403301686,0.045206233572371184,0.04841891606757482,19.77,1019.269
1791451949.3965652,69.51003638995262,0.04797925467812507,0.04536893772213892,0.04831979356349787,19.78,1019.316
1791451980.7260256,69.51003638995262,0.04835024702737788,0.045035067506533265,0.0486434355088357,19.77,1019.306
1791452012.0656168,69.51003638995262,0.04803562411592111,0.045151926242096,0.04865119746376343,19.78,1019.344
1791452043.4079785,69.51003638995262,0.04806056599914256,0.04542518870211157,0.048356034990790574,19.8,1019.276
1791452074.7524936,69.51003638995262,0.04855046524004841,0.045081738338789624,0.04855046524004841,19.8,1019.278
1791452106.1013088,69.51003638995262,0.04791130201577293,0.045378137958529546,0.04857560916961773,19.77,1019.323
1791452137.43163,69.51003638995262,0.04841891606757482,0.04547594407534351,0.048660681200498816,19.78,1019.316
1791452168.7730746,69.51003638995262,0.04836350192209815,0.04560520273007945,0.048702502471277324,19.78,1019.332
1791452200.1186025,69.51003638995262,0.04827038434745307,0.045244384950524505,0.04885175151787586,19.77,1019.36
1791452231.4620025,69.51003638995262,0.048245717612467764,0.04556923274898173,0.048635776839959476,19.77,1019.359
1791452262.8093517,69.51003638995262,0.04820116373634943,0.04514433874194767,0.0489111347995943,19.77,1019.342
1791452294.1439037,69.51003638995262,0.04835024702737788,0.04516761019457541,0.04871873875043048,19.75,1019.338
1791452325.4983604,69.51003638995262,0.04781230671396501,0.04526093642481816,0.048743891668545675,19.78,1019.32
1791452356.8368266,69.51003638995262,0.04837518394821847,0.045509333481601105,0.04903733089580477,19.75,1019.324
1791452388.1864543,69.51003638995262,0.04837518394821847,0.0454624384480284,0.04901203960746677,19.75,1019.374
1791452419.5309174,69.51003638995262,0.04861838613241655,0.04488992652630661,0.04893632203018084,19.74,1019.414
1791452450.8753712,69.51003638995262,0.04848688436826214,0.0454992304168128,0.04885175151787586,19.75,1019.351
1791452482.2198834,69.51003638995262,0.04841891606757482,0.04532233143535722,0.048735547547418503,19.77,1019.35
1791452513.5574334,69.51003638995262,0.04827559028345397,0.04514433874194767,0.04888597348310207,19.74,1019.326
1791452544.9098542,69.51003638995262,0.04788651477840234,0.04540165114039011,0.048844763601665474,19.75,1019.405
1791452576.2423213,69.51003638995262,0.04840014660505619,0.04514433874194767,0.04871873875043048,19.74,1019.388
1791452607.5958498,69.51003638995262,0.04835024702737788,0.04540622784607307,0.04896153521491643,19.77,1019.353
1791452638.9421873,69.51003638995262,0.04819181767802381,0.04506082863293251,0.04857882312830764,19.75,1019.337
1791452670.2856529,69.51003638995262,0.04857882312830764,0.04526743469203778,0.04865295523937632,19.75,1019.319
1791452701.6303744,69.51003638995262,0.04793021874953502,0.04535986899136314,0.04853641379623328,19.77,1019.389
1791452732.981706,69.51003638995262,0.04802839104376161,0.045252601269138056,0.0487105665149477,19.78,1019.399
1791452764.3222344,69.51003638995262,0.04832533580275497,0.04528432827369313,0.0486434355088357,19.78,1019.384
1791452795.652113,69.51003638995262,0.048600779156395,0.04542518870211157,0.048625975240906706,19.77,1019.402
1791452826.9801953,69.51003638995262,0.04833095278555022,0.045378137958529546,0.048625975240906706,19.77,1019.35
1791452858.310739,69.51003638995262,0.048280866354794505,0.04554324353920157,0.04865119746376343,19.75,1019.324
1791452889.6533952,69.51003638995262,0.04813554730031192,0.04530774431391619,0.04845662469040877,19.77,1019.438
1791452920.9795628,69.51003638995262,0.04825586204850891,0.045378137958529546,0.04855046524004841,19.75,1019.463
1791452952.325011,69.51003638995262,0.048010708107337,0.04540165114039011,0.048625975240906706,19.78,1019.442
1791452983.6746316,69.51003638995262,0.04825586204850891,0.045105110048232054,0.048600779156395,19.8,1019.462
1791453015.0191722,69.51003638995262,0.048381143243259234,0.04522233303774102,0.04872702136977521,19.8,1019.428
1791453046.3465238,69.51003638995262,0.04806056599914256,0.04504189297100216,0.048701720487375914,19.77,1019.421
1791453077.6821544,69.51003638995262,0.04830589658702719,0.045074668042244685,0.04889535629072655,19.78,1019.439
1791453109.0345137,69.51003638995262,0.04815167340017141,0.0453922768289828,0.0486434355088357,19.8,1019.441
1791453140.3610578,69.51003638995262,0.04846862998001616,0.04515996079888192,0.04846862998001616,19.8,1019.444
1791453171.6984682,69.51003638995262,0.04817640585823834,0.045439027154773624,0.048835728432593414,19.78,1019.464
1791453203.041121,69.51003638995262,0.04823088362791067,0.04480826132520487,0.048625975240906706,19.77,1019.455
1791453234.3805077,69.51003638995262,0.04796095355319402,0.045378137958529546,0.048280866354794505,19.78,1019.437
1791453265.731903,69.51003638995262,0.04803562411592111,0.04549594804620915,0.04867644586566003,19.8,1019.412
1791453297.0825486,69.51003638995262,0.04811052755088593,0.045198839721312785,0.048752348553807015,19.77,1019.38
1791453328.3688693,69.51003638995262,0.04845662469040877,0.04549594804620915,0.04848183753858725,19.77,1019.375
1791453359.7094934,69.51003638995262,0.04806056599914256,0.045198839721312785,0.048752348553807015,19.77,1019.534
1791453391.0480347,69.51003638995262,0.048280866354794505,0.045105110048232054,0.048920691957995484,19.8,1019.426
1791453422.4033709,69.51003638995262,0.04840627758355136,0.0454487506816313,0.048777702080505615,19.78,1019.49
1791453453.7368174,69.51003638995262,0.04816059308618382,0.04542518870211157,0.04845662469040877,19.78,1019.484
1791453485.0933442,69.51003638995262,0.04867644586566003,0.04522233303774102,0.048701720487375914,19.8,1019.506
1791453516.435949,69.51003638995262,0.04834453612213021,0.045067698858164945,0.048660681200498816,19.78,1019.527
1791453547.7784333,69.51003638995262,0.048196459695233264,0.04509072898314033,0.04853641379623328,19.77,1019.476
1791453579.121878,69.51003638995262,0.048245717612467764,0.04491293635729444,0.04856121647540051,19.8,1019.497
1791453610.4634223,69.51003638995262,0.04822594707371494,0.04535464911867101,0.04861838613241655,19.8,1019.511
1791453641.8167565,69.51003638995262,0.04843143805234647,0.04522233303774102,0.048777702080505615,19.78,1019.503
1791453673.157388,69.51003638995262,0.04840627758355136,0.04526939301455295,0.048777702080505615,19.78,1019.552
1791453704.5078557,69.51003638995262,0.04813554730031192,0.0452458507894403,0.048777702080505615,19.81,1019.508
1791453735.8483815,69.51003638995262,0.04816059308618382,0.04547233711696545,0.048752348553807015,19.78,1019.529
1791453767.1887162,69.51003638995262,0.04833095278555022,0.045035067506533265,0.048625975240906706,19.8,1019.54
1791453798.5332832,69.51003638995262,0.04855046524004841,0.04540165114039011,0.048844763601665474,19.82,1019.57
1791453829.8818376,69.51003638995262,0.04830589658702719,0.045198839721312785,0.04865119746376343,19.82,1019.525
1791453861.2131984,69.51003638995262,0.04798581793314768,0.04505839083742073,0.048625975240906706,19.82,1019.549
1791453892.557,69.51003638995262,0.047715213241051664,0.045198839721312785,0.04865119746376343,19.84,1019.584
1791453923.9052408,69.51003638995262,0.04813554730031192,0.04543487706660258,0.04850707663781599,19.81,1019.571
1791453955.2497456,69.51003638995262,0.04845014928625172,0.04557985771096152,0.048743891668545675,19.82,1019.548
1791453986.5892956,69.51003638995262,0.04817186843588558,0.04531360470303836,0.04848688436826214,19.84,1019.577
1791454017.9297326,69.51003638995262,0.04834453612213021,0.04552254061843575,0.0487105665149477,19.84,1019.588
1791454049.2792706,69.51003638995262,0.048568364696363955,0.045439027154773624,0.04859336254152413,19.84,1019.593
1791454080.6228366,69.51003638995262,0.04830045023465226,0.045214225151313306,0.0486434355088357,19.81,1019.566
1791454111.967236,69.51003638995262,0.04825586204850891,0.04517537080209247,0.04865119746376343,19.82,1019.568
1791454143.31282,69.51003638995262,0.04833095278555022,0.04517537080209247,0.04865119746376343,19.81,1019.61
1791454174.662234,69.51003638995262,0.048356034990790574,0.045198839721312785,0.04899685674052949,19.8,1019.625
1791454205.9966092,69.51003638995262,0.048356034990790574,0.04517537080209247,0.048701720487375914,19.78,1019.638
1791454237.3299901,69.51003638995262,0.04791130201577293,0.04535464911867101,0.04857560916961773,19.81,1019.656
1791454268.6755047,69.51003638995262,0.048280866354794505,0.04528432827369313,0.048625975240906706,19.82,1019.65
1791454300.0191178,69.51003638995262,0.048056756118594314,0.04523756872982216,0.04837518394821847,19.8,1019.695
1791454331.3674269,69.51003638995262,0.04825586204850891,0.04540165114039011,0.04857560916961773,19.81,1019.697
1791454362.7128305,69.51003638995262,0.04816059308618382,0.04508891196436587,0.04882848832646752,19.82,1019.658
1791454394.0394926,69.51003638995262,0.04821076293000141,0.0453922768289828,0.04872702136977521,19.82,1019.69
1791454425.381823,69.51003638995262,0.04805299698695229,0.04535986899136314,0.04841891606757482,19.81,1019.706
1791454456.7244525,69.51003638995262,0.047783710515986066,0.0451830853384442,0.0488019003006387,19.78,1019.71
1791454488.0709093,69.51003638995262,0.04827559028345397,0.04523756872982216,0.04835024702737788,19.78,1019.734
1791454519.4184234,69.51003638995262,0.048356034990790574,0.04522233303774102,0.048701720487375914,19.81,1019.725
1791454550.7508566,69.51003638995262,0.04811052755088593,0.04531655103798495,0.04848183753858725,19.78,1019.711
1791454582.0943582,69.51003638995262,0.04855763375358721,0.045363807414767886,0.04893037874540822,19.77,1019.742
1791454613.4337463,69.51003638995262,0.04798916636129356,0.04541116245291339,0.04860829636690469,19.75,1019.742
1791454644.780299,69.51003638995262,0.04836190158259935,0.04483686893060009,0.04838718353652507,19.75,1019.749
1791454676.1206512,69.51003638995262,0.04863366733838859,0.04508891196436587,0.04863366733838859,19.77,1019.746
1791454707.467286,69.51003638995262,0.04831141684984107,0.045159624803866,0.04863366733838859,19.75,1019.765
1791454738.8155975,69.51003638995262,0.04826103740865941,0.04499497193887201,0.04858295185242514,19.78,1019.77
1791454770.1600902,69.51003638995262,0.04823588706952718,0.044971548062649164,0.04855763375358721,19.77,1019.839
1791454801.4926057,69.51003638995262,0.04823588706952718,0.04526939301455295,0.04858295185242514,19.72,1019.822
1791454832.8241727,69.51003638995262,0.048356034990790574,0.04528432827369313,0.04867644586566003,19.74,1019.797
1791454864.1766226,69.51003638995262,0.04813122800010836,0.045035067506533265,0.04876907057239508,19.77,1019.86
1791454895.5191276,69.51003638995262,0.04798581793314768,0.0454487506816313,0.048777702080505615,19.75,1019.856
1791454926.8645234,69.51003638995262,0.04811052755088593,0.044673392839759074,0.048777702080505615,19.78,1019.863
1791454958.2181082,69.51003638995262,0.04826103740865941,0.04513602922606733,0.04860829636690469,19.78,1019.862
1791454989.5577188,69.51003638995262,0.04803931434694616,0.045183245064495815,0.04838718353652507,19.8,1019.895
1791455020.9060142,69.51003638995262,0.048139925400287484,0.04532548714345265,0.0485139908415598,19.8,1019.895
1791455052.2514746,69.51003638995262,0.048190389128559455,0.0452779737115563,0.0485139908415598,19.78,1019.891
1791455083.6051886,69.51003638995262,0.04848857623699641,0.04520689004670735,0.04848857623699641,19.77,1019.871
1791455114.8995373,69.51003638995262,0.04843782682663645,0.04550616975178264,0.04870993940979098,19.77,1019.839
1791455146.2428672,69.51003638995262,0.04816514404642515,0.04552998372470026,0.0485139908415598,19.77,1019.93
1791455177.597513,69.51003638995262,0.0485139908415598,0.045301717969226454,0.048837592554560154,19.77,1019.895
1791455208.9399836,69.51003638995262,0.048240958767265134,0.045048818815112336,0.04856490005879985,19.75,1019.909
1791455240.266409,69.51003638995262,0.04853943210150858,0.044654175142770036,0.04853943210150858,19.75,1019.837
1791455271.600052,69.51003638995262,0.0479421720590782,0.04506539020336585,0.04853943210150858,19.75,1019.872
1791455302.938306,69.51003638995262,0.04830589658702719,0.04512850600341809,0.04865119746376343,19.75,1019.858
1791455334.286938,69.51003638995262,0.04840627758355136,0.04512850600341809,0.04867644586566003,19.74,1019.838
1791455365.6315448,69.51003638995262,0.04806056599914256,0.04504189297100216,0.04843143805234647,19.78,1019.904
1791455396.9747953,69.51003638995262,0.048089567250077264,0.04488379636871445,0.04873541662465091,19.75,1019.844
1791455428.3202825,69.51003638995262,0.04816514404642515,0.045230559789332304,0.0485139908415598,19.75,1019.897
1791455459.6587708,69.51003638995262,0.048240958767265134,0.04532548714345265,0.04856490005879985,19.72,1019.919
1791455490.9983182,69.51003638995262,0.048190389128559455,0.045301717969226454,0.04856490005879985,19.72,1019.888
1791455522.3367865,69.51003638995262,0.04821566068828037,0.04502516992527527,0.0485139908415598,19.75,1019.927
1791455553.6842208,69.51003638995262,0.048240958767265134,0.04539694455828686,0.04888884135033457,19.75,1019.931
1791455585.030905,69.51003638995262,0.04801779452129057,0.04502516992527527,0.048667039703620796,19.7,1019.976
1791455616.376139,69.51003638995262,0.04829163465017306,0.04532548714345265,0.04861591623367913,19.72,1019.966
1791455647.7126718,69.51003638995262,0.04796735306666699,0.0453731003986184,0.04864146453562279,19.72,1019.918
1791455679.0672355,69.51003638995262,0.04826628340727853,0.04502516992527527,0.04859039475547885,19.72,1019.967
1791455710.406786,69.51003638995262,0.04811473314864354,0.045198839721312785,0.048684488818252554,19.74,1019.95
1791455741.746355,69.51003638995262,0.04823088362791067,0.045214225151313306,0.048794275502268704,19.75,1019.934
1791455773.0937667,69.51003638995262,0.048106378406959575,0.045214225151313306,0.04845014928625172,19.74,1019.918
1791455804.4360847,69.51003638995262,0.04833095278555022,0.045363807414767886,0.048381143243259234,19.74,1019.941
1791455835.7896502,69.51003638995262,0.04833664603415362,0.045230559789332304,0.048684488818252554,19.72,1019.91
1791455867.1440592,69.51003638995262,0.04811473314864354,0.045230559789332304,0.04876092050462936,19.74,1019.953
1791455898.4715972,69.51003638995262,0.04816514404642515,0.04525425433128373,0.048190389128559455,19.74,1019.94
1791455929.8030627,69.51003638995262,0.048240958767265134,0.045001545851917936,0.04859039475547885,19.72,1019.949
1791455961.1475077,69.51003638995262,0.04791701747573041,0.04502516992527527,0.04856490005879985,19.74,1019.931
1791455992.4861045,69.51003638995262,0.04799256054015561,0.04502516992527527,0.048317012537889205,19.72,1019.918
1791456023.8314893,69.51003638995262,0.04826628340727853,0.045301717969226454,0.04859039475547885,19.72,1019.966
1791456055.1800706,69.51003638995262,0.04843782682663645,0.04525425433128373,0.04843782682663645,19.72,1019.936
1791456086.5245757,69.51003638995262,0.04826628340727853,0.0453731003986184,0.04859039475547885,19.71,1019.91
1791456117.8690755,69.51003638995262,0.04799256054015561,0.045072492560553276,0.04836784841598962,19.71,1019.922
1791456149.2094088,69.51003638995262,0.04836784841598962,0.044860320377208995,0.04861591623367913,19.74,1019.909
1791456180.5480247,69.51003638995262,0.04833664603415362,0.045081738338789624,0.04863366733838859,19.71,1019.925
1791456211.8995469,69.51003638995262,0.04788651477840234,0.045198839721312785,0.04855046524004841,19.74,1019.942
1791456243.2259684,69.51003638995262,0.04831141684984107,0.045183245064495815,0.04865906480832596,19.74,1019.9
1791456274.5727234,69.51003638995262,0.0485139908415598,0.0452779737115563,0.04853943210150858,19.74,1019.902
1791456305.9019408,69.51003638995262,0.048240958767265134,0.04534928127347559,0.04888884135033457,19.74,1019.918
1791456337.2425785,69.51003638995262,0.048317012537889205,0.04502516992527527,0.04864146453562279,19.75,1019.956
1791456368.5792391,69.51003638995262,0.048317012537889205,0.045072492560553276,0.04869264178007307,19.72,1019.962
1791456399.931611,69.51003638995262,0.04836784841598962,0.04544470813923853,0.04869264178007307,19.72,1019.962
1791456431.2701263,69.51003638995262,0.04804305505190617,0.045143663322976556,0.04871827080746885,19.72,1019.999
1791456462.648993,69.51003638995262,0.048317012537889205,0.045048818815112336,0.048667039703620796,19.74,1019.955
1791456493.9981534,69.51003638995262,0.04799256054015561,0.045301717969226454,0.04864146453562279,19.74,1019.939
1791456525.32548,69.51003638995262,0.04799256054015561,0.0453731003986184,0.04864146453562279,19.72,1019.98
1791456556.6731248,69.51003638995262,0.047543185702558756,0.045018420228926895,0.04848857623699641,19.75,1019.951
1791456588.0315518,69.51003638995262,0.04793611492740009,0.0454624384480284,0.04855046524004841,19.74,1019.98
1791456619.365967,69.51003638995262,0.04813122800010836,0.04533118458303401,0.048475189390580015,19.75,1019.991
1791456650.7134879,69.51003638995262,0.04816059308618382,0.04534016691298692,0.04818566494916446,19.74,1019.985
1791456682.0630949,69.51003638995262,0.04774167178999326,0.044930822140712465,0.04811473314864354,19.77,1019.986
1791456713.403654,69.51003638995262,0.04791701747573041,0.04532548714345265,0.04856490005879985,19.75,1020.001
1791456744.7341368,69.51003638995262,0.04821566068828037,0.04472453723160626,0.04853943210150858,19.74,1020.027
1791456776.0655391,69.51003638995262,0.04826628340727853,0.045072492560553276,0.04859039475547885,19.71,1020.048
1791456807.4010468,69.51003638995262,0.04804305505190617,0.045072492560553276,0.04869264178007307,19.72,1020.006
1791456838.744482,69.51003638995262,0.048317012537889205,0.04511991477515508,0.048667039703620796,19.71,1019.994
1791456870.0741742,69.51003638995262,0.04834241711245569,0.044771568609639434,0.04836784841598962,19.68,1020.087
1791456901.4225745,69.51003638995262,0.04826628340727853,0.04495437199855595,0.04853943210150858,19.72,1019.991
1791456932.659916,69.51003638995262,0.04759307618419569,0.045072492560553276,0.04859039475547885,19.72,1020.0
1791456963.9996762,69.51003638995262,0.04834241711245569,0.04516743688372354,0.04871827080746885,19.72,1020.004
1791456995.329922,69.51003638995262,0.04774167178999326,0.045159624803866,0.04843782682663645,19.7,1020.023
1791457026.669587,69.51003638995262,0.04831141684984107,0.04520689004670735,0.04863366733838859,19.71,1020.069
1791457058.016109,69.51003638995262,0.04813554730031192,0.04534016691298692,0.04843143805234647,19.72,1020.008
1791457089.3615038,69.51003638995262,0.04806442766325917,0.045159624803866,0.048412491937364084,19.75,1020.008
1791457120.703028,69.51003638995262,0.0478166625546258,0.044930822140712465,0.04848857623699641,19.75,1020.005
1791457152.0275073,69.51003638995262,0.04789188927505216,0.0453731003986184,0.04886320351473679,19.71,1020.033
1791457183.380003,69.51003638995262,0.04801779452129057,0.04511991477515508,0.04836784841598962,19.72,1020.005
1791457214.7234502,69.51003638995262,0.04836784841598962,0.045072492560553276,0.04836784841598962,19.74,1019.958
1791457246.0630088,69.51003638995262,0.04801779452129057,0.045143663322976556,0.048667039703620796,19.75,1020.028
1791457277.4085248,69.51003638995262,0.048240958767265134,0.04509619120080455,0.04829163465017306,19.77,1020.049
1791457308.7518837,69.51003638995262,0.047693171930125455,0.045143663322976556,0.04836784841598962,19.78,1020.087
1791457340.1016471,69.51003638995262,0.04839330649069683,0.045420813791969654,0.04841879137887201,19.77,1020.072
1791457371.439012,69.51003638995262,0.048317012537889205,0.04511991477515508,0.048667039703620796,19.75,1020.067
1791457402.794536,69.51003638995262,0.04809365592935717,0.045143663322976556,0.04844430312289904,19.75,1020.121
1791457434.1469223,69.51003638995262,0.0481951781285419,0.0453731003986184,0.048821057279409,19.71,1020.137
1791457465.4934597,69.51003638995262,0.04798916636129356,0.044650136373997645,0.04836190158259935,19.75,1020.151
1791457496.8389156,69.51003638995262,0.04769180848580895,0.04508891196436587,0.04836190158259935,19.77,1020.142
1791457528.1763277,69.51003638995262,0.04796413160989763,0.04495437199855595,0.04833664603415362,19.77,1020.126
1791457559.5238788,69.51003638995262,0.04829163465017306,0.045301717969226454,0.048317012537889205,19.77,1020.182
1791457590.8613818,69.51003638995262,0.04799256054015561,0.045072492560553276,0.048317012537889205,19.72,1020.123
1791457622.1958938,69.51003638995262,0.04804305505190617,0.04474804056281968,0.04834241711245569,19.72,1020.124
1791457653.5443935,69.51003638995262,0.048317012537889205,0.04442358856508608,0.048667039703620796,19.72,1020.146
1791457684.884913,69.51003638995262,0.04804305505190617,0.045143663322976556,0.04836784841598962,19.74,1020.152
1791457716.2234535,69.51003638995262,0.04836784841598962,0.04511991477515508,0.04834241711245569,19.72,1020.139
1791457747.5689178,69.51003638995262,0.04799256054015561,0.04511991477515508,0.048317012537889205,19.72,1020.153
1791457778.9174137,69.51003638995262,0.04801779452129057,0.045048818815112336,0.04804305505190617,19.74,1020.158
1791457810.2488587,69.51003638995262,0.04834241711245569,0.04511991477515508,0.04836784841598962,19.74,1020.165
1791457841.5904384,69.51003638995262,0.04826628340727853,0.04525425433128373,0.04856490005879985,19.74,1020.181
1791457872.9337153,69.51003638995262,0.04816059308618382,0.045198839721312785,0.048701720487375914,19.7,1020.182
1791457904.274394,69.51003638995262,0.04848183753858725,0.04538747258186938,0.04855763375358721,19.7,1020.186
1791457935.6208246,69.51003638995262,0.04811473314864354,0.04525425433128373,0.04846318824594916,19.72,1020.173
1791457966.9643788,69.51003638995262,0.04821566068828037,0.04502516992527527,0.04859039475547885,19.74,1020.211
1791457998.312782,69.51003638995262,0.0479421720590782,0.045048818815112336,0.04859039475547885,19.74,1020.175
1791458029.6517463,69.51003638995262,0.04834241711245569,0.04511991477515508,0.04869264178007307,19.72,1020.183
1791458060.9878201,69.51003638995262,0.048068342173924805,0.04509619120080455,0.04836784841598962,19.77,1020.15
1791458092.3262389,69.51003638995262,0.04796735306666699,0.044771568609639434,0.048317012537889205,19.75,1020.164
1791458123.650738,69.51003638995262,0.04801779452129057,0.045143663322976556,0.04836784841598962,19.75,1020.131
1791458155.000188,69.51003638995262,0.04809365592935717,0.04544470813923853,0.04874392682838685,19.75,1020.128
1791458186.3406916,69.51003638995262,0.04799256054015561,0.04509619120080455,0.048667039703620796,19.74,1020.123
1791458217.6851146,69.51003638995262,0.048317012537889205,0.045143663322976556,0.048667039703620796,19.72,1020.13
1791458249.0157874,69.51003638995262,0.048068342173924805,0.0451912354969338,0.048667039703620796,19.74,1020.122
1791458280.3581686,69.51003638995262,0.04796735306666699,0.04444441098727083,0.04859039475547885,19.72,1020.126
1791458311.698636,69.51003638995262,0.047889183830888485,0.044766661475818356,0.04826103740865941,19.74,1020.123
1791458343.0402632,69.51003638995262,0.04806442766325917,0.045159624803866,0.04811473314864354,19.78,1020.164
1791458374.3845913,69.51003638995262,0.04811473314864354,0.0452779737115563,0.04848857623699641,19.77,1020.111
1791458405.7290952,69.51003638995262,0.0478166625546258,0.044930822140712465,0.04846318824594916,19.78,1020.085
1791458437.0777264,69.51003638995262,0.04826628340727853,0.04539694455828686,0.04861591623367913,19.8,1020.159
1791458468.4101732,69.51003638995262,0.04829163465017306,0.04509619120080455,0.04861591623367913,19.77,1020.094
1791458499.7417116,69.51003638995262,0.04829163465017306,0.04511991477515508,0.04864146453562279,19.78,1020.11
1791458531.0960846,69.51003638995262,0.04801779452129057,0.04516743688372354,0.04869264178007307,19.77,1020.135
1791458562.4345508,69.51003638995262,0.048068342173924805,0.045420813791969654,0.04869264178007307,19.77,1020.146
1791458593.77218,69.51003638995262,0.04804305505190617,0.045143663322976556,0.048667039703620796,19.74,1020.119
1791458625.1255326,69.51003638995262,0.04809365592935717,0.04516743688372354,0.04874392682838685,19.77,1020.125
1791458656.4701197,69.51003638995262,0.04779368959770599,0.04516743688372354,0.04841879137887201,19.75,1020.12
1791458687.814581,69.51003638995262,0.048469841765251126,0.04523890803931224,0.04876960988549555,19.7,1020.124
1791458719.092171,69.51003638995262,0.0481951781285419,0.04539694455828686,0.0485209999152717,19.74,1020.134
1791458750.435637,69.51003638995262,0.04836190158259935,0.04534016691298692,0.04865906480832596,19.71,1020.149
1791458781.7711,69.51003638995262,0.04821076293000141,0.045292959751300696,0.04855763375358721,19.7,1020.134
1791458813.10699,69.51003638995262,0.04796413160989763,0.04451411305733419,0.048684488818252554,19.74,1020.14
1791458844.436071,69.51003638995262,0.04816514404642515,0.045001545851917936,0.04848857623699641,19.75,1020.165
1791458875.7884054,69.51003638995262,0.0479421720590782,0.04509619120080455,0.04861591623367913,19.77,1020.139
1791458907.1289206,69.51003638995262,0.04801779452129057,0.04516743688372354,0.04836784841598962,19.8,1020.08
1791458938.4804885,69.51003638995262,0.04749340699634433,0.0451912354969338,0.04814436350894886,19.78,1020.129
1791458969.807919,69.51003638995262,0.04816975741757323,0.04521505920222847,0.048495407348491115,19.8,1020.118
1791459001.141484,69.51003638995262,0.048118996360302514,0.04516743688372354,0.048495407348491115,19.77,1020.127
1791459032.4898455,69.51003638995262,0.04816975741757323,0.04523890803931224,0.048495407348491115,19.8,1020.122
1791459063.8373415,69.51003638995262,0.04814436350894886,0.0451912354969338,0.04876960988549555,19.75,1020.138
1791459095.1779156,69.51003638995262,0.04814436350894886,0.04526278204797366,0.0488468217020015,19.75,1020.139
1791459126.5234969,69.51003638995262,0.0481951781285419,0.044984439696512724,0.04887261333236068,19.77,1020.138
1791459157.8659225,69.51003638995262,0.047869356341812094,0.045286681268085285,0.04822062568431061,19.75,1020.131
1791459189.2153308,69.51003638995262,0.04804305505190617,0.0452779737115563,0.04864146453562279,19.77,1020.122
1791459220.5701027,69.51003638995262,0.04821566068828037,0.0446307702855556,0.04853943210150858,19.77,1020.183
1791459251.9123504,69.51003638995262,0.04829163465017306,0.04532548714345265,0.04864146453562279,19.74,1020.183
1791459283.2408206,69.51003638995262,0.048317012537889205,0.045143663322976556,0.048667039703620796,19.78,1020.197
1791459314.5894084,69.51003638995262,0.047768520479842314,0.04511991477515508,0.04814436350894886,19.75,1020.231
1791459345.931785,69.51003638995262,0.04809365592935717,0.0451912354969338,0.04871827080746885,19.78,1020.243
1791459377.256395,69.51003638995262,0.04816975741757323,0.04523890803931224,0.048495407348491115,19.75,1020.232
1791459408.5869884,69.51003638995262,0.04789463186028558,0.04556455797023012,0.0485209999152717,19.77,1020.252
1791459439.9352837,69.51003638995262,0.04816975741757323,0.04526278204797366,0.0481951781285419,19.72,1020.261
1791459471.2948928,69.51003638995262,0.04816975741757323,0.04521505920222847,0.0485209999152717,19.74,1020.247
1791459502.6536334,69.51003638995262,0.048495407348491115,0.04523890803931224,0.0485209999152717,19.75,1020.249
1791459533.9957101,69.51003638995262,0.0481951781285419,0.04500821705835436,0.04854661950833565,19.74,1020.225
1791459565.3442662,69.51003638995262,0.047970618818631766,0.04535853059711226,0.04832268520764599,19.71,1020.23
1791459596.699751,69.51003638995262,0.04829712984632171,0.04533455550257093,0.048649369001446785,19.72,1020.246
1791459628.024416,69.51003638995262,0.047970618818631766,0.0451912354969338,0.04862364087401165,19.7,1020.276
1791459659.3686526,69.51003638995262,0.048068342173924805,0.04509619120080455,0.04841879137887201,19.71,1020.204
1791459690.7182891,69.51003638995262,0.04811473314864354,0.04504189297100216,0.04843782682663645,19.7,1020.229
1791459722.054851,69.51003638995262,0.04833664603415362,0.04483686893060009,0.04833664603415362,19.7,1020.259
1791459753.4052844,69.51003638995262,0.04821566068828037,0.04511991477515508,0.048240958767265134,19.72,1020.257
1791459784.7458096,69.51003638995262,0.04814436350894886,0.04521505920222847,0.048495407348491115,19.72,1020.245
1791459816.0771914,69.51003638995262,0.04789463186028558,0.04526278204797366,0.04854661950833565,19.74,1020.242
1791459847.419788,69.51003638995262,0.04824610012742484,0.04526278204797366,0.04857226617051605,19.71,1020.216
1791459878.761141,69.51003638995262,0.04834826762739956,0.04500821705835436,0.04837387714858004,19.7,1020.245
1791459910.1059268,69.51003638995262,0.04822062568431061,0.04531060573960394,0.04854661950833565,19.68,1020.219
1791459941.4351544,69.51003638995262,0.0481951781285419,0.045032019569422314,0.04857226617051605,19.7,1020.241
1791459972.7806566,69.51003638995262,0.047970618818631766,0.04470550854173237,0.04799600141384519,19.7,1020.21
1791460004.078195,69.51003638995262,0.04829712984632171,0.045286681268085285,0.04829712984632171,19.72,1020.223
1791460035.4396732,69.51003638995262,0.04822062568431061,0.044984439696512724,0.0485209999152717,19.7,1020.231
1791460066.7811913,69.51003638995262,0.04829712984632171,0.04533455550257093,0.04832268520764599,19.71,1020.23
1791460098.1195555,69.51003638995262,0.04799600141384519,0.045032019569422314,0.04832268520764599,19.72,1020.243
1791460129.4621751,69.51003638995262,0.04791993408433363,0.045143663322976556,0.04857226617051605,19.71,1020.256
1791460160.8077095,69.51003638995262,0.04801779452129057,0.045001545851917936,0.04869264178007307,19.7,1020.272
1791460192.1400666,69.51003638995262,0.04816514404642515,0.04495437199855595,0.04846318824594916,19.71,1020.237
1791460223.4716885,69.51003638995262,0.04766810854242202,0.044889580945926204,0.04804305505190617,19.72,1020.252
1791460254.829987,69.51003638995262,0.04824610012742484,0.045032019569422314,0.04857226617051605,19.7,1020.254
1791460286.1555893,69.51003638995262,0.047593768041242414,0.04521505920222847,0.048271601500520005,19.7,1020.266
1791460317.4929414,69.51003638995262,0.04822062568431061,0.0446818786141378,0.04854661950833565,19.72,1020.286
1791460348.8385398,69.51003638995262,0.04799600141384519,0.044984439696512724,0.04829712984632171,19.72,1020.245
1791460380.1799772,69.51003638995262,0.047869356341812094,0.04493696026124385,0.0485209999152717,19.7,1020.256
1791460411.5333512,69.51003638995262,0.04784410748665534,0.044913258108394354,0.0485209999152717,19.71,1020.274
1791460442.885863,69.51003638995262,0.04814436350894886,0.044913258108394354,0.048469841765251126,19.7,1020.265
1791460474.2314427,69.51003638995262,0.04822062568431061,0.044889580945926204,0.048271601500520005,19.71,1020.238
1791460505.550207,69.51003638995262,0.04756863803626054,0.04461113847451405,0.048495407348491115,19.7,1020.321
1791460536.8533065,69.51003638995262,0.04791993408433363,0.04526278204797366,0.04832268520764599,19.72,1020.374
1791460568.2007477,69.51003638995262,0.04779368959770599,0.04509619120080455,0.04844430312289904,19.74,1020.353
1791460599.5433695,69.51003638995262,0.047568117861823946,0.04490729694367062,0.048190389128559455,19.72,1020.372
1791460630.8897939,69.51003638995262,0.04821566068828037,0.04472453723160626,0.04821566068828037,19.72,1020.365
1791460662.2343378,69.51003638995262,0.04809365592935717,0.04516743688372354,0.04844430312289904,19.72,1020.458
1791460693.4516912,69.51003638995262,0.04814436350894886,0.044587608177476465,0.0485209999152717,19.71,1020.42
1791460724.7462392,69.51003638995262,0.047869356341812094,0.044889580945926204,0.0485209999152717,19.71,1020.479
1791460756.0906496,69.51003638995262,0.04816975741757323,0.04493696026124385,0.0485209999152717,19.72,1020.471
1791460787.4341757,69.51003638995262,0.04822062568431061,0.04531060573960394,0.04857226617051605,19.72,1020.46
1791460818.7735558,69.51003638995262,0.0481951781285419,0.044634693620035214,0.048495407348491115,19.72,1020.446
1791460850.121988,69.51003638995262,0.047970618818631766,0.04465827365342151,0.04829712984632171,19.72,1020.456
1791460881.4665434,69.51003638995262,0.047970618818631766,0.04500821705835436,0.04862364087401165,19.74,1020.465
1791460912.8130488,69.51003638995262,0.047618924612086874,0.04531060573960394,0.04862364087401165,19.75,1020.433
1791460944.143578,69.51003638995262,0.047945263056303436,0.04531060573960394,0.048597939944736566,19.74,1020.443
1791460975.481014,69.51003638995262,0.0481951781285419,0.04500821705835436,0.04854661950833565,19.74,1020.45
1791461006.8275976,69.51003638995262,0.0478188852526466,0.04484230143420869,0.04814436350894886,19.71,1020.435
1791461038.1709828,69.51003638995262,0.048139925400287484,0.045183245064495815,0.04846318824594916,19.71,1020.452
1791461069.517466,69.51003638995262,0.048190389128559455,0.04509619120080455,0.04859039475547885,19.75,1020.459
1791461100.8508916,69.51003638995262,0.048118996360302514,0.044587608177476465,0.048495407348491115,19.71,1020.473
1791461132.193512,69.51003638995262,0.0481951781285419,0.04465827365342151,0.04854661950833565,19.71,1020.472
1791461163.5388448,69.51003638995262,0.04822062568431061,0.04531060573960394,0.04857226617051605,19.71,1020.446
1791461194.8754292,69.51003638995262,0.04784410748665534,0.044913258108394354,0.0485209999152717,19.7,1020.451
1791461226.2218547,69.51003638995262,0.04816975741757323,0.04493696026124385,0.04816975741757323,19.7,1020.435
1791461257.5684497,69.51003638995262,0.047869356341812094,0.045032019569422314,0.04857226617051605,19.74,1020.414
1791461288.916937,69.51003638995262,0.04829712984632171,0.044984439696512724,0.048898432213607256,19.71,1020.437
1791461320.2413146,69.51003638995262,0.04789463186028558,0.044960687444060246,0.04824610012742484,19.71,1020.382
1791461351.5779755,69.51003638995262,0.04791993408433363,0.04533455550257093,0.048271601500520005,19.72,1020.441
1791461382.912226,69.51003638995262,0.04802141088456036,0.044984439696512724,0.04834826762739956,19.77,1020.362
1791461414.2637212,69.51003638995262,0.04789463186028558,0.044865928734337285,0.04822062568431061,19.77,1020.454
1791461445.6012282,69.51003638995262,0.04791993408433363,0.044984439696512724,0.04857226617051605,19.75,1020.387
1791461476.956719,69.51003638995262,0.0481951781285419,0.04484230143420869,0.048495407348491115,19.77,1020.424
1791461508.3032384,69.51003638995262,0.04801779452129057,0.04532548714345265,0.048317012537889205,19.77,1020.402
1791461539.660797,69.51003638995262,0.048190389128559455,0.045143663322976556,0.04856490005879985,19.75,1020.459
1791461571.0213015,69.51003638995262,0.048118996360302514,0.04523890803931224,0.04876960988549555,19.72,1020.479
1791461602.3656096,69.51003638995262,0.04784410748665534,0.04500821705835436,0.048495407348491115,19.72,1020.471
1791461633.7091997,69.51003638995262,0.047945263056303436,0.04566089394678748,0.04829712984632171,19.71,1020.481
1791461665.047653,69.51003638995262,0.04832268520764599,0.04526278204797366,0.048649369001446785,19.71,1020.444
1791461696.3970306,69.51003638995262,0.0481951781285419,0.04493696026124385,0.04854661950833565,19.71,1020.461
1791461727.7455735,69.51003638995262,0.04791993408433363,0.045286681268085285,0.04824610012742484,19.71,1020.465
1791461759.092129,69.51003638995262,0.04789463186028558,0.044984439696512724,0.04854661950833565,19.72,1020.492
1791461790.4346218,69.51003638995262,0.048271601500520005,0.04531060573960394,0.048597939944736566,19.67,1020.477
1791461821.783172,69.51003638995262,0.047945263056303436,0.045032019569422314,0.04862364087401165,19.7,1020.49
1791461853.1376052,69.51003638995262,0.04791993408433363,0.044984439696512724,0.04824610012742484,19.7,1020.486
1791461884.4769843,69.51003638995262,0.04816975741757323,0.04465827365342151,0.04816975741757323,19.72,1020.471
1791461915.826605,69.51003638995262,0.0481951781285419,0.044960687444060246,0.04822062568431061,19.74,1020.469
1791461947.176005,69.51003638995262,0.047869356341812094,0.044889580945926204,0.0481951781285419,19.75,1020.457
1791461978.5155575,69.51003638995262,0.04784410748665534,0.04493696026124385,0.04822062568431061,19.75,1020.493
1791462009.865066,69.51003638995262,0.04784410748665534,0.044984439696512724,0.04822062568431061,19.77,1020.484
1791462041.2195644,69.51003638995262,0.047945263056303436,0.04500821705835436,0.04829712984632171,19.77,1020.478
1791462072.566077,69.51003638995262,0.04809365592935717,0.044960687444060246,0.04841879137887201,19.75,1020.437
1791462103.9014113,69.51003638995262,0.04829712984632171,0.044984439696512724,0.048649369001446785,19.78,1020.459
1791462135.2551386,69.51003638995262,0.04799600141384519,0.045079700199007595,0.048649369001446785,19.75,1020.454
1791462166.6035397,69.51003638995262,0.04799600141384519,0.045079700199007595,0.04837387714858004,19.72,1020.444
1791462197.9949286,69.51003638995262,0.04822062568431061,0.04531060573960394,0.04857226617051605,19.75,1020.461
1791462229.338366,69.51003638995262,0.047945263056303436,0.04538253106343885,0.048597939944736566,19.74,1020.452
1791462260.681921,69.51003638995262,0.04829712984632171,0.04505584726963805,0.048675124370238756,19.75,1020.473
1791462292.0226054,69.51003638995262,0.047945263056303436,0.04533455550257093,0.048271601500520005,19.75,1020.476
1791462323.3128028,69.51003638995262,0.04829712984632171,0.044960687444060246,0.04862364087401165,19.75,1020.478
1791462354.6613379,69.51003638995262,0.0481951781285419,0.044889580945926204,0.0485209999152717,19.78,1020.47
1791462386.0098884,69.51003638995262,0.04804305505190617,0.04502516992527527,0.04839330649069683,19.75,1020.449
1791462417.3414407,69.51003638995262,0.04804305505190617,0.04523890803931224,0.04836784841598962,19.77,1020.487
1791462448.6698108,69.51003638995262,0.04822062568431061,0.044960687444060246,0.04887261333236068,19.75,1020.493
1791462480.0113723,69.51003638995262,0.047618924612086874,0.04500821705835436,0.048271601500520005,19.78,1020.49
1791462511.3509367,69.51003638995262,0.047618924612086874,0.044960687444060246,0.048271601500520005,19.77,1020.522
1791462542.7002494,69.51003638995262,0.048271601500520005,0.044984439696512724,0.048597939944736566,19.78,1020.543
1791462574.043847,69.51003638995262,0.04822062568431061,0.04526278204797366,0.04857226617051605,19.81,1020.486
1791462605.3922422,69.51003638995262,0.04822062568431061,0.045032019569422314,0.04854661950833565,19.77,1020.506
1791462636.733813,69.51003638995262,0.047945263056303436,0.045079700199007595,0.04862364087401165,19.74,1020.532
1791462668.0834088,69.51003638995262,0.047593768041242414,0.044960687444060246,0.04854661950833565,19.75,1020.496
1791462699.4147062,69.51003638995262,0.04789463186028558,0.04465827365342151,0.04824610012742484,19.77,1020.513
1791462730.6961987,69.51003638995262,0.04816975741757323,0.044984439696512724,0.04854661950833565,19.77,1020.532
1791462762.0528574,69.51003638995262,0.04837387714858004,0.0444259867133292,0.04837387714858004,19.8,1020.555
1791462793.394264,69.51003638995262,0.047945263056303436,0.04516743688372354,0.04829712984632171,19.75,1020.53
1791462824.745779,69.51003638995262,0.048118996360302514,0.045072492560553276,0.04844430312289904,19.75,1020.534
1791462856.077185,69.51003638995262,0.04841879137887201,0.045072492560553276,0.04844430312289904,19.77,1020.557
1791462887.420736,69.51003638995262,0.048068342173924805,0.044865928734337285,0.04839330649069683,19.75,1020.585
1791462918.774288,69.51003638995262,0.04814436350894886,0.04493696026124385,0.048495407348491115,19.72,1020.57
1791462950.1227243,69.51003638995262,0.047945263056303436,0.045286681268085285,0.04824610012742484,19.74,1020.6
1791462981.4610693,69.51003638995262,0.04824610012742484,0.04500821705835436,0.04854661950833565,19.72,1020.64
1791463012.8096464,69.51003638995262,0.047970618818631766,0.04500821705835436,0.04862364087401165,19.72,1020.623
1791463044.1561468,69.51003638995262,0.047970618818631766,0.04512748190565619,0.04862364087401165,19.74,1020.622
1791463075.493684,69.51003638995262,0.04807231062341418,0.04505584726963805,0.04842517766766816,19.72,1020.614
1791463106.8420916,69.51003638995262,0.04799600141384519,0.045032019569422314,0.04832268520764599,19.72,1020.618
1791463138.1886384,69.51003638995262,0.047945263056303436,0.04500821705835436,0.048271601500520005,19.74,1020.644
1791463169.5241072,69.51003638995262,0.04764410779094183,0.045032019569422314,0.04834826762739956,19.74,1020.638
1791463200.8755164,69.51003638995262,0.04764410779094183,0.04470550854173237,0.047970618818631766,19.74,1020.635
1791463232.2129743,69.51003638995262,0.047970618818631766,0.0447528434561684,0.04829712984632171,19.75,1020.629
1791463263.5616193,69.51003638995262,0.04814436350894886,0.04479512141107163,0.04814436350894886,19.77,1020.669
1791463294.8991315,69.51003638995262,0.04804305505190617,0.044587608177476465,0.04841879137887201,19.74,1020.618
1791463326.2505717,69.51003638995262,0.0478188852526466,0.04493696026124385,0.0481951781285419,19.77,1020.643
1791463357.5770807,69.51003638995262,0.0478188852526466,0.044913258108394354,0.04844430312289904,19.75,1020.624
1791463388.9194977,69.51003638995262,0.047970618818631766,0.04505584726963805,0.04832268520764599,19.75,1020.635
1791463420.263083,69.51003638995262,0.047970618818631766,0.045079700199007595,0.04862364087401165,19.72,1020.619
1791463451.6005812,69.51003638995262,0.04799600141384519,0.045032019569422314,0.04832268520764599,19.74,1020.62
1791463482.9539185,69.51003638995262,0.04802141088456036,0.04505584726963805,0.04834826762739956,19.77,1020.596
1791463514.2835672,69.51003638995262,0.04802141088456036,0.045079700199007595,0.04832268520764599,19.75,1020.6
1791463545.6369574,69.51003638995262,0.04807231062341418,0.04482403407294238,0.04839951381427618,19.77,1020.591
1791463576.985475,69.51003638995262,0.04779576800384531,0.045103578397621726,0.04842517766766816,19.77,1020.597
1791463608.32498,69.51003638995262,0.04769455414172117,0.044800278714794195,0.04837387714858004,19.74,1020.605
1791463639.6714072,69.51003638995262,0.04746821762975409,0.045151410763372,0.04812331837793653,19.75,1020.602
1791463671.021056,69.51003638995262,0.04807231062341418,0.04482403407294238,0.04839951381427618,19.74,1020.605
1791463702.3533432,69.51003638995262,0.04784653619745728,0.0451993446893189,0.04850233278719658,19.75,1020.582
1791463733.7018397,69.51003638995262,0.047970618818631766,0.045079700199007595,0.04832268520764599,19.77,1020.581
1791463765.0333488,69.51003638995262,0.047970618818631766,0.045032019569422314,0.048271601500520005,19.74,1020.593
1791463796.3598397,69.51003638995262,0.047945263056303436,0.045032019569422314,0.04862364087401165,19.74,1020.561
1791463827.6903818,69.51003638995262,0.04799600141384519,0.0447528434561684,0.04862364087401165,19.74,1020.568
1791463859.0338647,69.51003638995262,0.04807231062341418,0.045151410763372,0.048450868752027754,19.75,1020.576
1791463890.3784227,69.51003638995262,0.04782113862643868,0.04522334983850008,0.04817443449232693,19.77,1020.615
1791463921.7239377,69.51003638995262,0.04787196075986044,0.04512748190565619,0.04850233278719658,19.77,1020.606
1791463953.0674274,69.51003638995262,0.04804684727348421,0.044800278714794195,0.04837387714858004,19.75,1020.612
1791463984.4197893,69.51003638995262,0.048148862868578654,0.04491930796668848,0.048450868752027754,19.74,1020.584
1791464015.7722416,69.51003638995262,0.04784653619745728,0.04489545154363042,0.04817443449232693,19.75,1020.613
1791464047.112787,69.51003638995262,0.04787196075986044,0.044871620447178934,0.048528105825009764,19.75,1020.62
1791464078.4633853,69.51003638995262,0.04812331837793653,0.04517536501111554,0.04877841912611897,19.75,1020.677
1791464109.7527058,69.51003638995262,0.04784653619745728,0.044871620447178934,0.04817443449232693,19.75,1020.664
1791464141.1023867,69.51003638995262,0.048148862868578654,0.045151410763372,0.04883023108206623,19.75,1020.687
1791464172.4507997,69.51003638995262,0.04809780097723854,0.044729163475837254,0.04842517766766816,19.74,1020.687
1791464203.7953842,69.51003638995262,0.04791993408433363,0.045406556941846796,0.04829712984632171,19.74,1020.671
1791464235.1246028,69.51003638995262,0.047869356341812094,0.045032019569422314,0.04824610012742484,19.74,1020.668
1791464266.4662516,69.51003638995262,0.04802141088456036,0.045079700199007595,0.048675124370238756,19.74,1020.629
1791464297.8127415,69.51003638995262,0.04804684727348421,0.04517536501111554,0.04837387714858004,19.74,1020.684
1791464329.1602476,69.51003638995262,0.04779576800384531,0.04444951864743006,0.048450868752027754,19.74,1020.644
1791464360.50373,69.51003638995262,0.04782113862643868,0.04524738049926314,0.04850233278719658,19.71,1020.623
1791464391.8522277,69.51003638995262,0.0482256593122489,0.04524738049926314,0.04855390626779894,19.74,1020.665
1791464423.212574,69.51003638995262,0.04817443449232693,0.04522334983850008,0.04883023108206623,19.72,1020.691
1791464454.550419,69.51003638995262,0.04784653619745728,0.0451993446893189,0.0482000332924351,19.72,1020.705
1791464485.8936713,69.51003638995262,0.04749341438429871,0.04489545154363042,0.048148862868578654,19.75,1020.706
1791464517.2411542,69.51003638995262,0.04812331837793653,0.04522334983850008,0.04847658711071862,19.74,1020.734
1791464548.581786,69.51003638995262,0.04756916540114882,0.04491930796668848,0.048528105825009764,19.74,1020.679
1791464579.9321241,69.51003638995262,0.04784653619745728,0.044871620447178934,0.048528105825009764,19.77,1020.715
1791464611.2745914,69.51003638995262,0.04782113862643868,0.04512748190565619,0.04847658711071862,19.77,1020.716
1791464642.6182027,69.51003638995262,0.047745107432552183,0.045103578397621726,0.04809780097723854,19.75,1020.684
1791464673.9606109,69.51003638995262,0.04807231062341418,0.044800278714794195,0.04839951381427618,19.77,1020.675
1791464705.3071113,69.51003638995262,0.04809780097723854,0.045151410763372,0.048726717005138184,19.74,1020.675
1791464736.6426737,69.51003638995262,0.04807231062341418,0.044871620447178934,0.04839951381427618,19.75,1020.682
1791464767.9929109,69.51003638995262,0.0482000332924351,0.04524738049926314,0.04855390626779894,19.71,1020.721
1791464799.3405979,69.51003638995262,0.048148862868578654,0.04517536501111554,0.04877841912611897,19.75,1020.738
1791464830.6821184,69.51003638995262,0.04784653619745728,0.04522334983850008,0.04850233278719658,19.74,1020.713
1791464862.0254898,69.51003638995262,0.04789741235669886,0.04531962595838132,0.048579734159297734,19.75,1020.668
1791464893.3539925,69.51003638995262,0.0482000332924351,0.04489545154363042,0.048528105825009764,19.74,1020.705
1791464924.6895387,69.51003638995262,0.04812331837793653,0.04522334983850008,0.048450868752027754,19.77,1020.679
1791464956.041935,69.51003638995262,0.0482256593122489,0.04524738049926314,0.04855390626779894,19.77,1020.659
1791464987.3864076,69.51003638995262,0.04827699318483772,0.04527143671229855,0.048605589543332876,19.77,1020.634
1791465018.7140076,69.51003638995262,0.04817443449232693,0.04517536501111554,0.048528105825009764,19.75,1020.608
1791465050.0533957,69.51003638995262,0.04804684727348421,0.04500821705835436,0.048700907023675875,19.71,1020.643
1791465081.3919666,69.51003638995262,0.04834826762739956,0.045103578397621726,0.04837387714858004,19.7,1020.642
1791465112.7293246,69.51003638995262,0.04807231062341418,0.04517536501111554,0.048450868752027754,19.71,1020.692
1791465144.072914,69.51003638995262,0.048148862868578654,0.04522334983850008,0.04850233278719658,19.71,1020.67
1791465175.4163175,69.51003638995262,0.04812331837793653,0.04522334983850008,0.04850233278719658,19.72,1020.706
1791465206.757975,69.51003638995262,0.04784653619745728,0.04456755324876077,0.04817443449232693,19.72,1020.687
1791465238.1058507,69.51003638995262,0.04784653619745728,0.0451993446893189,0.048528105825009764,19.72,1020.712
1791465269.4509628,69.51003638995262,0.04817443449232693,0.0451993446893189,0.048528105825009764,19.74,1020.744
1791465300.7813468,69.51003638995262,0.04812331837793653,0.044943189756748506,0.04847658711071862,19.72,1020.744
1791465332.1377485,69.51003638995262,0.04812331837793653,0.04522334983850008,0.04850233278719658,19.72,1020.743
1791465363.4763613,69.51003638995262,0.048148862868578654,0.04524738049926314,0.04850233278719658,19.75,1020.741
1791465394.8208382,69.51003638995262,0.0482256593122489,0.04522334983850008,0.048579734159297734,19.71,1020.715
1791465426.1692536,69.51003638995262,0.04825131259520629,0.044943189756748506,0.048579734159297734,19.72,1020.774
1791465457.517845,69.51003638995262,0.04804684727348421,0.045286681268085285,0.04837387714858004,19.78,1020.774
1791465488.8672645,69.51003638995262,0.048068342173924805,0.045143663322976556,0.048667039703620796,19.74,1020.761
1791465520.201822,69.51003638995262,0.04839330649069683,0.04535853059711226,0.04874392682838685,19.74,1020.738
1791465551.5442939,69.51003638995262,0.04807231062341418,0.045151410763372,0.048700907023675875,19.75,1020.761
1791465582.8896503,69.51003638995262,0.04782113862643868,0.04524738049926314,0.04883023108206623,19.72,1020.791
1791465614.2312105,69.51003638995262,0.0482000332924351,0.0451993446893189,0.04850233278719658,19.75,1020.769
1791465645.5728257,69.51003638995262,0.048148862868578654,0.0451993446893189,0.048528105825009764,19.74,1020.772
1791465676.9211087,69.51003638995262,0.0482000332924351,0.04522334983850008,0.04855390626779894,19.72,1020.803
1791465708.2628052,69.51003638995262,0.048148862868578654,0.04527143671229855,0.04850233278719658,19.75,1020.81
1791465739.6103258,69.51003638995262,0.04787196075986044,0.04524738049926314,0.0482256593122489,19.74,1020.764
1791465770.9557366,69.51003638995262,0.04825131259520629,0.04503897139792988,0.048605589543332876,19.72,1020.784
1791465802.2923186,69.51003638995262,0.04827699318483772,0.04527143671229855,0.04863147246382444,19.75,1020.75
1791465833.6388698,69.51003638995262,0.04827699318483772,0.04536791790400772,0.04830270112476633,19.74,1020.739
1791465864.9681513,69.51003638995262,0.04825131259520629,0.0451993446893189,0.04855390626779894,19.74,1020.747
1791465896.3136156,69.51003638995262,0.047970618818631766,0.04493696026124385,0.04857226617051605,19.75,1020.773
1791465927.5891633,69.51003638995262,0.04789463186028558,0.045048818815112336,0.0485209999152717,19.77,1020.723
1791465958.9176195,69.51003638995262,0.04814436350894886,0.045079700199007595,0.048821057279409,19.78,1020.712
1791465990.2651215,69.51003638995262,0.04804684727348421,0.04517536501111554,0.048726717005138184,19.78,1020.697
1791466021.6067042,69.51003638995262,0.04812331837793653,0.0451993446893189,0.048148862868578654,19.75,1020.7
1791466052.951095,69.51003638995262,0.04784653619745728,0.04522334983850008,0.04850233278719658,19.8,1020.681
1791466084.3006117,69.51003638995262,0.04789741235669886,0.04527143671229855,0.04855390626779894,19.81,1020.662
1791466115.644267,69.51003638995262,0.0482000332924351,0.04527143671229855,0.048579734159297734,19.82,1020.692
1791466146.9864995,69.51003638995262,0.04792289103111485,0.044943189756748506,0.048579734159297734,19.77,1020.666
1791466178.3120651,69.51003638995262,0.04799948995263043,0.04531962595838132,0.04863147246382444,19.78,1020.685
1791466209.6426973,69.51003638995262,0.04792289103111485,0.04527143671229855,0.04855390626779894,19.77,1020.74
1791466240.9829829,69.51003638995262,0.04792289103111485,0.04499102959988617,0.04827699318483772,19.78,1020.728
1791466272.3334024,69.51003638995262,0.04794839682634256,0.045014987734185295,0.04863147246382444,19.78,1020.728
1791466303.6750853,69.51003638995262,0.047973929785708226,0.0451993446893189,0.04865738296478611,19.75,1020.744
1791466335.0215812,69.51003638995262,0.0481951781285419,0.044818699006204527,0.04854661950833565,19.78,1020.732
1791466366.3648877,69.51003638995262,0.04799256054015561,0.0451912354969338,0.04834241711245569,19.77,1020.731
1791466397.705484,69.51003638995262,0.047593768041242414,0.045103578397621726,0.04829712984632171,19.78,1020.739
1791466429.0590806,69.51003638995262,0.04817443449232693,0.0451993446893189,0.048528105825009764,19.78,1020.743
1791466460.3954387,69.51003638995262,0.04787196075986044,0.044591235434113814,0.04855390626779894,19.81,1020.759
1791466491.7420025,69.51003638995262,0.0482256593122489,0.044967096954291894,0.048579734159297734,19.8,1020.765
1791466523.0835426,69.51003638995262,0.04792289103111485,0.04503897139792988,0.048579734159297734,19.78,1020.768
1791466554.4278688,69.51003638995262,0.04825131259520629,0.04499102959988617,0.048605589543332876,19.75,1020.706
1791466585.7753465,69.51003638995262,0.04764515844665013,0.044943189756748506,0.048605589543332876,19.75,1020.755
1791466617.1098208,69.51003638995262,0.04825131259520629,0.04527143671229855,0.048605589543332876,19.78,1020.834
1791466648.4354467,69.51003638995262,0.04794839682634256,0.04527143671229855,0.04825131259520629,19.75,1020.894
1791466679.7779071,69.51003638995262,0.04792289103111485,0.044967096954291894,0.048579734159297734,19.78,1020.831
1791466711.123354,69.51003638995262,0.047973929785708226,0.045103578397621726,0.04827699318483772,19.77,1020.859
1791466742.46501,69.51003638995262,0.04814436350894886,0.045286681268085285,0.048469841765251126,19.78,1020.872
1791466773.813232,69.51003638995262,0.04756863803626054,0.044984439696512724,0.04822062568431061,19.75,1020.908
1791466805.1647398,69.51003638995262,0.04822062568431061,0.045079700199007595,0.04854661950833565,19.75,1020.917
1791466836.5213296,69.51003638995262,0.048148862868578654,0.044943189756748506,0.04850233278719658,19.75,1020.906
1791466867.8708467,69.51003638995262,0.04792289103111485,0.04527143671229855,0.04825131259520629,19.75,1020.907
1791466899.2173107,69.51003638995262,0.04784653619745728,0.04527143671229855,0.048528105825009764,19.75,1020.881
1791466930.566992,69.51003638995262,0.04827699318483772,0.04466243324139101,0.048579734159297734,19.77,1020.924
1791466961.9153168,69.51003638995262,0.04792289103111485,0.045014987734185295,0.04794839682634256,19.78,1020.932
1791466993.2577343,69.51003638995262,0.04769595551076778,0.04513516216522011,0.04840580726317503,19.78,1020.923
1791467024.6024554,69.51003638995262,0.04807633413431221,0.04506298063194739,0.04837998948396295,19.77,1020.896
1791467055.9527454,69.51003638995262,0.04840580726317503,0.04513516216522011,0.04840580726317503,19.8,1020.908
1791467087.299284,69.51003638995262,0.047772354522803706,0.045087015477152395,0.0484316526121996,19.74,1020.862
1791467118.6377609,69.51003638995262,0.04799948995263043,0.045087015477152395,0.04837998948396295,19.74,1020.902
1791467149.9650934,69.51003638995262,0.047746861005449386,0.04503897139792988,0.04807633413431221,19.75,1020.879
1791467181.3086457,69.51003638995262,0.04817443449232693,0.04505584726963805,0.04847658711071862,19.77,1020.884
1791467212.655142,69.51003638995262,0.04804684727348421,0.045151410763372,0.04839951381427618,19.71,1020.91
1791467243.9975731,69.51003638995262,0.04779576800384531,0.045014987734185295,0.04847658711071862,19.72,1020.887
1791467275.3291469,69.51003638995262,0.048102003567501654,0.04480551312052216,0.04840580726317503,19.71,1020.904
1791467306.6512938,69.51003638995262,0.048102003567501654,0.045111075974546805,0.04848342619651948,19.72,1020.908
1791467337.9941683,69.51003638995262,0.04807633413431221,0.04513516216522011,0.04876130165689755,19.67,1020.922
1791467369.3366811,69.51003638995262,0.048050692083281894,0.045087015477152395,0.04876130165689755,19.68,1020.928
1791467400.6911957,69.51003638995262,0.04812770042673418,0.045159274090349574,0.04845752557522136,19.7,1020.905
1791467432.0436304,69.51003638995262,0.04815342475598758,0.04520757530912656,0.04848342619651948,19.7,1020.921
1791467463.3760107,69.51003638995262,0.04812770042673418,0.04518341179120053,0.04845752557522136,19.7,1020.938
1791467494.7374804,69.51003638995262,0.04784899867819959,0.04523176468556976,0.04848342619651948,19.68,1020.984
1791467526.0942302,69.51003638995262,0.04807633413431221,0.045087015477152395,0.04873528039203786,19.68,1021.002
1791467557.4335368,69.51003638995262,0.04812770042673418,0.045159274090349574,0.04845752557522136,19.67,1021.002
1791467588.7800837,69.51003638995262,0.04807633413431221,0.045159274090349574,0.0484316526121996,19.67,1021.009
1791467620.110598,69.51003638995262,0.04815342475598758,0.04513516216522011,0.04848342619651948,19.72,1021.014
1791467651.469006,69.51003638995262,0.04827699318483772,0.04505584726963805,0.048605589543332876,19.71,1020.994
1791467682.8226268,69.51003638995262,0.04809365592935717,0.045286681268085285,0.04839330649069683,19.72,1021.006
1791467714.1162236,69.51003638995262,0.047719817398388376,0.04500821705835436,0.04834826762739956,19.74,1021.037
1791467745.4634423,69.51003638995262,0.0476693176200444,0.04491930796668848,0.048726717005138184,19.71,1021.019
1791467776.806907,69.51003638995262,0.04792289103111485,0.04468621639512719,0.04830270112476633,19.72,1021.036
1791467808.1334825,69.51003638995262,0.04830270112476633,0.045014987734185295,0.04863147246382444,19.71,1021.042
1791467839.4799094,69.51003638995262,0.04799948995263043,0.045087015477152395,0.04868332109032543,19.7,1021.013
1791467870.8252964,69.51003638995262,0.04840580726317503,0.045159274090349574,0.04876130165689755,19.67,1020.996
1791467902.1758833,69.51003638995262,0.04817917659933372,0.04518341179120053,0.04853531059153533,19.68,1021.018
1791467933.5283346,69.51003638995262,0.04812770042673418,0.04487739738799243,0.04848342619651948,19.7,1020.977
1791467964.9119244,69.51003638995262,0.04817917659933372,0.04518341179120053,0.04881342763705137,19.67,1021.026
1791467996.2573647,69.51003638995262,0.04812770042673418,0.04518341179120053,0.04845752557522136,19.7,1021.004
1791468027.6019216,69.51003638995262,0.04812770042673418,0.04518341179120053,0.04815342475598758,19.72,1020.991
1791468058.9553864,69.51003638995262,0.04784899867819959,0.045159274090349574,0.04850935452046785,19.72,1021.0
1791468090.2808425,69.51003638995262,0.04812770042673418,0.044901410094973206,0.04848342619651948,19.72,1020.991
1791468121.6114268,69.51003638995262,0.048050692083281894,0.04499102959988617,0.04873528039203786,19.71,1021.002
1791468152.9677353,69.51003638995262,0.04791993408433363,0.044984439696512724,0.04824610012742484,19.7,1020.968
1791468184.2952905,69.51003638995262,0.048271601500520005,0.044984439696512724,0.04857226617051605,19.71,1020.991
1791468215.6389964,69.51003638995262,0.04824610012742484,0.044871620447178934,0.04832268520764599,19.71,1020.972
1791468246.9812348,69.51003638995262,0.04792289103111485,0.044943189756748506,0.04825131259520629,19.75,1021.0
1791468278.3237247,69.51003638995262,0.04764515844665013,0.045087015477152395,0.04799948995263043,19.74,1021.035
1791468309.6563604,69.51003638995262,0.04769595551076778,0.04513516216522011,0.04840580726317503,19.74,1020.979
1791468340.9866767,69.51003638995262,0.04837998948396295,0.04513516216522011,0.04873528039203786,19.74,1020.995
1791468372.32729,69.51003638995262,0.04812770042673418,0.045159274090349574,0.04876130165689755,19.72,1020.986
1791468403.6716793,69.51003638995262,0.04784899867819959,0.04513516216522011,0.04848342619651948,19.8,1020.94
1791468435.0132537,69.51003638995262,0.04812770042673418,0.04546481120991806,0.04878735072370854,19.78,1020.937
1791468466.3476322,69.51003638995262,0.04817917659933372,0.045159274090349574,0.04881342763705137,19.74,1020.987
1791468497.7011359,69.51003638995262,0.047772354522803706,0.045111075974546805,0.04845752557522136,19.77,1021.0
1791468529.0277295,69.51003638995262,0.048102003567501654,0.044853410350668636,0.0484316526121996,19.77,1020.957
1791468560.362171,69.51003638995262,0.04817917659933372,0.045159274090349574,0.04853531059153533,19.78,1020.976
1791468591.702614,69.51003638995262,0.04823076300506353,0.045159274090349574,0.04853531059153533,19.78,1020.935
1791468623.0431964,69.51003638995262,0.048102003567501654,0.04480551312052216,0.04840580726317503,19.78,1020.947
1791468654.3916533,69.51003638995262,0.04830270112476633,0.04503897139792988,0.048605589543332876,19.77,1020.977
1791468685.7370741,69.51003638995262,0.047746861005449386,0.045087015477152395,0.0484316526121996,19.75,1021.063
1791468717.080571,69.51003638995262,0.047973929785708226,0.04506298063194739,0.04830270112476633,19.78,1021.021
1791468748.4241564,69.51003638995262,0.048102003567501654,0.045159274090349574,0.0484316526121996,19.75,1021.018
1791468779.7485876,69.51003638995262,0.048050692083281894,0.045111075974546805,0.04840580726317503,19.77,1021.033
1791468811.099234,69.51003638995262,0.04807633413431221,0.04513516216522011,0.04840580726317503,19.77,1021.038
1791468842.4525435,69.51003638995262,0.047797875278247,0.04520757530912656,0.04845752557522136,19.77,1021.002
1791468873.7970667,69.51003638995262,0.04817917659933372,0.044901410094973206,0.04850935452046785,19.75,1020.972
1791468905.1385794,69.51003638995262,0.04817917659933372,0.04518341179120053,0.04886566518213189,19.74,1020.96
1791468936.4870129,69.51003638995262,0.047823423315455686,0.045111075974546805,0.04848342619651948,19.74,1020.984
1791468967.8265765,69.51003638995262,0.04815342475598758,0.04487739738799243,0.04848342619651948,19.72,1020.984
1791468999.1711063,69.51003638995262,0.04790023155584102,0.04518341179120053,0.04853531059153533,19.74,1020.947
1791469030.5124984,69.51003638995262,0.04812770042673418,0.045159274090349574,0.04848342619651948,19.74,1020.945
1791469061.8530343,69.51003638995262,0.048102003567501654,0.045087015477152395,0.04873528039203786,19.75,1020.97
1791469093.2005894,69.51003638995262,0.04825131259520629,0.04491930796668848,0.048579734159297734,19.72,1020.949
1791469124.5429752,69.51003638995262,0.04839951381427618,0.04484781463702432,0.04842517766766816,19.72,1020.947
1791469155.8894482,69.51003638995262,0.04784653619745728,0.04499102959988617,0.0482000332924351,19.77,1020.971
1791469187.2288287,69.51003638995262,0.047746861005449386,0.045159274090349574,0.048102003567501654,19.75,1020.988
1791469218.5655558,69.51003638995262,0.047797875278247,0.044853410350668636,0.04845752557522136,19.75,1021.072
1791469249.9058619,69.51003638995262,0.04812770042673418,0.044853410350668636,0.04845752557522136,19.75,1021.021
1791469281.2465012,69.51003638995262,0.04820495600093878,0.04518341179120053,0.04853531059153533,19.75,1021.025
1791469312.5889337,69.51003638995262,0.047823423315455686,0.04487739738799243,0.04850935452046785,19.75,1021.034
1791469343.930494,69.51003638995262,0.04815342475598758,0.04513516216522011,0.04817917659933372,19.77,1021.065
1791469375.2768793,69.51003638995262,0.04823076300506353,0.04530448838175604,0.04856129445428603,19.75,1021.06
1791469406.6215386,69.51003638995262,0.04790023155584102,0.04523176468556976,0.04856129445428603,19.75,1021.066
1791469437.9559677,69.51003638995262,0.04825659765606356,0.044901410094973206,0.04858730615337951,19.75,1021.072
1791469469.310323,69.51003638995262,0.04820495600093878,0.04525597996206099,0.04825659765606356,19.77,1021.077
1791469500.6492298,69.51003638995262,0.04828245999838957,0.04518341179120053,0.04863941323971204,19.77,1021.108
1791469531.941276,69.51003638995262,0.04830270112476633,0.04529551851838333,0.04863147246382444,19.75,1021.122
1791469563.2878594,69.51003638995262,0.04789741235669886,0.04499102959988617,0.04855390626779894,19.74,1021.107
1791469594.6364002,69.51003638995262,0.04835419923047288,0.045111075974546805,0.04835419923047288,19.72,1021.084
1791469625.9698389,69.51003638995262,0.04840580726317503,0.04518341179120053,0.0484316526121996,19.75,1021.087
1791469657.3103597,69.51003638995262,0.04817917659933372,0.04492544851283849,0.04820495600093878,19.75,1021.156
1791469688.6538749,69.51003638995262,0.04825659765606356,0.044949512682904126,0.04830835007658758,19.77,1021.187
1791469719.994391,69.51003638995262,0.04820495600093878,0.04525597996206099,0.04853531059153533,19.77,1021.191
1791469751.3407423,69.51003638995262,0.04792588915874762,0.044901410094973206,0.04825659765606356,19.8,1021.184
1791469782.6763165,69.51003638995262,0.04823076300506353,0.04523176468556976,0.04856129445428603,19.81,1021.223
1791469814.0297925,69.51003638995262,0.04823076300506353,0.04528022118022007,0.04858730615337951,19.8,1021.16
1791469845.3732638,69.51003638995262,0.04823076300506353,0.04525597996206099,0.04858730615337951,19.78,1021.206
1791469876.7086418,69.51003638995262,0.04825659765606356,0.044901410094973206,0.04858730615337951,19.77,1021.226
1791469908.0451715,69.51003638995262,0.04823076300506353,0.04525597996206099,0.04853531059153533,19.77,1021.252
1791469939.3917294,69.51003638995262,0.04815342475598758,0.04475771807647133,0.04845752557522136,19.75,1021.24
1791469970.7281032,69.51003638995262,0.048050692083281894,0.045014987734185295,0.04835419923047288,19.74,1021.226
1791470002.0758398,69.51003638995262,0.047973929785708226,0.04531962595838132,0.04830270112476633,19.78,1021.258
1791470033.4272118,69.51003638995262,0.048050692083281894,0.045159274090349574,0.04873528039203786,19.78,1021.225
1791470064.7625754,69.51003638995262,0.04815342475598758,0.044829448941862395,0.04848342619651948,19.81,1021.234
1791470096.1121664,69.51003638995262,0.04812770042673418,0.04513516216522011,0.0484316526121996,19.8,1021.244
1791470127.4567645,69.51003638995262,0.04817917659933372,0.04487739738799243,0.04850935452046785,19.8,1021.245
1791470158.7941904,69.51003638995262,0.047874601410342214,0.044901410094973206,0.04850935452046785,19.82,1021.217
1791470190.1356864,69.51003638995262,0.04790023155584102,0.04520757530912656,0.04853531059153533,19.81,1021.246
1791470221.4842198,69.51003638995262,0.047874601410342214,0.04525597996206099,0.04853531059153533,19.8,1021.209
1791470252.83276,69.51003638995262,0.04792588915874762,0.04530448838175604,0.04825659765606356,19.8,1021.206
1791470284.1760232,69.51003638995262,0.04828245999838957,0.044901410094973206,0.048613345733571074,19.77,1021.212
1791470315.5176423,69.51003638995262,0.04790023155584102,0.04525597996206099,0.04858730615337951,19.78,1021.263
1791470346.8489623,69.51003638995262,0.04820495600093878,0.04528022118022007,0.04850935452046785,19.8,1021.275
1791470378.2025023,69.51003638995262,0.04799948995263043,0.04468621639512719,0.04863147246382444,19.8,1021.277
1791470409.5450144,69.51003638995262,0.04794839682634256,0.04499102959988617,0.04830270112476633,19.78,1021.265
1791470440.8924491,69.51003638995262,0.04799948995263043,0.04539210249179994,0.04865738296478611,19.8,1021.291
1791470472.2230968,69.51003638995262,0.04802507737062033,0.04546481120991806,0.04840580726317503,19.77,1021.278
1791470503.570588,69.51003638995262,0.048102003567501654,0.045159274090349574,0.0484316526121996,19.77,1021.308
1791470534.91199,69.51003638995262,0.04820495600093878,0.04492544851283849,0.04853531059153533,19.78,1021.307
1791470566.24144,69.51003638995262,0.04825659765606356,0.04523176468556976,0.048613345733571074,19.8,1021.319
1791470597.5780952,69.51003638995262,0.04784899867819959,0.04487739738799243,0.04820495600093878,19.77,1021.327
1791470628.9235408,69.51003638995262,0.04823076300506353,0.04461880418558818,0.04856129445428603,19.78,1021.327
1791470660.2568696,69.51003638995262,0.04825659765606356,0.04497360264657454,0.048613345733571074,19.78,1021.375
1791470691.6006787,69.51003638995262,0.04795157426320806,0.04528022118022007,0.04828245999838957,19.8,1021.33
1791470722.949975,69.51003638995262,0.04823076300506353,0.04520757530912656,0.04856129445428603,19.81,1021.338
1791470754.3024821,69.51003638995262,0.04790023155584102,0.044901410094973206,0.04823076300506353,19.84,1021.326
1791470785.6481535,69.51003638995262,0.04823076300506353,0.04499771844534297,0.04858730615337951,19.82,1021.347
1791470816.990477,69.51003638995262,0.04848342619651948,0.04503897139792988,0.04848342619651948,19.82,1021.311
1791470848.3328001,69.51003638995262,0.04779576800384531,0.044800278714794195,0.04847658711071862,19.82,1021.352
1791470879.6772397,69.51003638995262,0.04809780097723854,0.0451993446893189,0.04842517766766816,19.81,1021.348
1791470911.011005,69.51003638995262,0.04817443449232693,0.04524738049926314,0.048528105825009764,19.8,1021.355
1791470942.353244,69.51003638995262,0.047973929785708226,0.04503897139792988,0.048328436458708275,19.81,1021.373
1791470973.6948903,69.51003638995262,0.04812770042673418,0.045489099238836754,0.04845752557522136,19.8,1021.376
1791471005.0273805,69.51003638995262,0.047874601410342214,0.04520757530912656,0.04850935452046785,19.8,1021.363
1791471036.3677614,69.51003638995262,0.04820495600093878,0.04520757530912656,0.04853531059153533,19.81,1021.405
1791471067.7123063,69.51003638995262,0.04817917659933372,0.04523176468556976,0.04856129445428603,19.8,1021.376
1791471099.0509515,69.51003638995262,0.04823076300506353,0.04523176468556976,0.04853531059153533,19.8,1021.395
1791471130.4022565,69.51003638995262,0.04820495600093878,0.04525597996206099,0.04853531059153533,19.77,1021.391
1791471161.7517345,69.51003638995262,0.04820495600093878,0.04518341179120053,0.04853531059153533,19.81,1021.395
1791471193.1094022,69.51003638995262,0.047823423315455686,0.044901410094973206,0.04850935452046785,19.78,1021.395
1791471224.4498136,69.51003638995262,0.04784899867819959,0.04525597996206099,0.04850935452046785,19.81,1021.386
1791471255.7953176,69.51003638995262,0.047670543446552596,0.04473385877209484,0.04863147246382444,19.82,1021.409
1791471287.122724,69.51003638995262,0.047973929785708226,0.045151410763372,0.048328436458708275,19.82,1021.458
1791471318.4153187,69.51003638995262,0.04777042428680892,0.045151410763372,0.04837387714858004,19.81,1021.427
1791471349.7678037,69.51003638995262,0.04817443449232693,0.04529551851838333,0.048528105825009764,19.81,1021.476
1791471381.0982985,69.51003638995262,0.048050692083281894,0.04513516216522011,0.04837998948396295,19.8,1021.425
1791471412.4537733,69.51003638995262,0.04784899867819959,0.04492544851283849,0.04850935452046785,19.82,1021.403
1791471443.8022425,69.51003638995262,0.04790023155584102,0.04497360264657454,0.04856129445428603,19.84,1021.425
1791471475.1446176,69.51003638995262,0.04795157426320806,0.04497360264657454,0.04858730615337951,19.84,1021.396
1791471506.4872549,69.51003638995262,0.047595180661431674,0.04530448838175604,0.04828245999838957,19.82,1021.425
1791471537.81373,69.51003638995262,0.04795157426320806,0.045328781608467435,0.048613345733571074,19.81,1021.426
1791471569.1562579,69.51003638995262,0.04795157426320806,0.04530448838175604,0.04830835007658758,19.81,1021.423
1791471600.508735,69.51003638995262,0.04795157426320806,0.04499771844534297,0.04863941323971204,19.81,1021.411
1791471631.8502233,69.51003638995262,0.048003027153848465,0.0450218601207917,0.04833426793529922,19.81,1021.413
1791471663.1806836,69.51003638995262,0.04833426793529922,0.045377446305059244,0.04863941323971204,19.8,1021.435
1791471694.5181882,69.51003638995262,0.04823076300506353,0.04527143671229855,0.04850935452046785,19.78,1021.437
1791471725.871624,69.51003638995262,0.048148862868578654,0.04517536501111554,0.04847658711071862,19.78,1021.451
1791471757.2080464,69.51003638995262,0.0482000332924351,0.04503897139792988,0.04825131259520629,19.77,1021.466
1791471788.5497942,69.51003638995262,0.04815342475598758,0.04530448838175604,0.04856129445428603,19.78,1021.476
1791471819.9051197,69.51003638995262,0.04795157426320806,0.0450218601207917,0.048613345733571074,19.8,1021.469
1791471851.2377014,69.51003638995262,0.04797728691346312,0.0450218601207917,0.04863941323971204,19.81,1021.465
1791471882.5810032,69.51003638995262,0.04769737643832802,0.04504602771459228,0.048412188642371484,19.78,1021.443
1791471913.9195497,69.51003638995262,0.048028795028794986,0.04507022126850581,0.04869163220972893,19.8,1021.441
1791471945.2650774,69.51003638995262,0.04808041386057265,0.04504602771459228,0.04843821807147481,19.8,1021.476
1791471976.6096518,69.51003638995262,0.048028795028794986,0.04497360264657454,0.04833426793529922,19.81,1021.534
1791472007.957221,69.51003638995262,0.048054590582829036,0.04504602771459228,0.048412188642371484,19.81,1021.551
1791472039.3015192,69.51003638995262,0.048028795028794986,0.04504602771459228,0.04833426793529922,19.82,1021.56
1791472070.6481228,69.51003638995262,0.048054590582829036,0.04528022118022007,0.048412188642371484,19.81,1021.558
1791472101.9884748,69.51003638995262,0.04823076300506353,0.04536791790400772,0.04856129445428603,19.82,1021.574
1791472133.336884,69.51003638995262,0.048148862868578654,0.044967096954291894,0.048528105825009764,19.81,1021.564
1791472164.677365,69.51003638995262,0.04794839682634256,0.04506298063194739,0.04830270112476633,19.82,1021.556
1791472196.0229928,69.51003638995262,0.048050692083281894,0.045087015477152395,0.04837998948396295,19.82,1021.578
1791472227.3633902,69.51003638995262,0.04815342475598758,0.04518341179120053,0.04817917659933372,19.85,1021.618
1791472258.7099755,69.51003638995262,0.04817917659933372,0.04518341179120053,0.04848342619651948,19.82,1021.612
1791472290.0584059,69.51003638995262,0.04792588915874762,0.04497360264657454,0.04858730615337951,19.82,1021.641
1791472321.403002,69.51003638995262,0.04836021361926195,0.045353100902242455,0.04836021361926195,19.84,1021.672
1791472352.7443287,69.51003638995262,0.04795157426320806,0.0450218601207917,0.04830835007658758,19.85,1021.663
1791472384.0909626,69.51003638995262,0.048003027153848465,0.04492544851283849,0.04830835007658758,19.85,1021.646
1791472415.4344242,69.51003638995262,0.04833426793529922,0.045401817858986164,0.048665508716749975,19.84,1021.641
1791472446.7767665,69.51003638995262,0.048054590582829036,0.04507022126850581,0.04836021361926195,19.81,1021.648
1791472478.1244152,69.51003638995262,0.048054590582829036,0.045377446305059244,0.04838618717330939,19.78,1021.67
1791472509.462814,69.51003638995262,0.048028795028794986,0.045167255923657966,0.04838618717330939,19.8,1021.626
1791472540.7953951,69.51003638995262,0.04795157426320806,0.04480551312052216,0.04823076300506353,19.81,1021.631
1791472572.1208625,69.51003638995262,0.04792289103111485,0.044967096954291894,0.0482256593122489,19.78,1021.646
1791472603.4664037,69.51003638995262,0.048328436458708275,0.04499102959988617,0.048328436458708275,19.78,1021.657
1791472634.808816,69.51003638995262,0.04812770042673418,0.045159274090349574,0.04845752557522136,19.81,1021.677
1791472666.1163394,69.51003638995262,0.04784899867819959,0.04518341179120053,0.04850935452046785,19.78,1021.674
1791472697.4598138,69.51003638995262,0.04790023155584102,0.04525597996206099,0.04853531059153533,19.81,1021.664
1791472728.8143342,69.51003638995262,0.04795157426320806,0.04504602771459228,0.04830835007658758,19.81,1021.719
1791472760.1588244,69.51003638995262,0.048003027153848465,0.0450218601207917,0.04836021361926195,19.78,1021.688
1791472791.5033946,69.51003638995262,0.048003027153848465,0.045328781608467435,0.04833426793529922,19.77,1021.714
1791472822.849788,69.51003638995262,0.04833426793529922,0.045353100902242455,0.04836021361926195,19.75,1021.699
1791472854.1891413,69.51003638995262,0.048028795028794986,0.04466665528221851,0.04836021361926195,19.78,1021.693
1791472885.5427136,69.51003638995262,0.048028795028794986,0.04509444082438313,0.048717783763789754,19.75,1021.691
1791472916.879269,69.51003638995262,0.04808041386057265,0.045118686424165104,0.048412188642371484,19.75,1021.7
1791472948.224764,69.51003638995262,0.04808041386057265,0.045118686424165104,0.048412188642371484,19.77,1021.703
1791472979.5634525,69.51003638995262,0.04810626490674384,0.04507022126850581,0.048464275505742865,19.78,1021.716
1791473010.9096508,69.51003638995262,0.04784899867819959,0.04512748190565619,0.0484316526121996,19.8,1021.723
1791473042.2602658,69.51003638995262,0.04829712984632171,0.0451993446893189,0.048700907023675875,19.78,1021.719
1791473073.5868661,69.51003638995262,0.04789741235669886,0.04527143671229855,0.04855390626779894,19.8,1021.754
1791473104.9023705,69.51003638995262,0.04817443449232693,0.044943189756748506,0.04850233278719658,19.78,1021.774
1791473136.2095869,69.51003638995262,0.048050692083281894,0.04541631287783345,0.04837998948396295,19.82,1021.753
1791473167.5402277,69.51003638995262,0.04807633413431221,0.04525597996206099,0.04845752557522136,19.84,1021.728
1791473198.8867068,69.51003638995262,0.048003027153848465,0.04504602771459228,0.04836021361926195,19.84,1021.745
1791473230.2391546,69.51003638995262,0.048028795028794986,0.044949512682904126,0.048665508716749975,19.84,1021.729
1791473261.5828347,69.51003638995262,0.04795157426320806,0.04499771844534297,0.048613345733571074,19.82,1021.769
1791473292.9270985,69.51003638995262,0.04734054559094696,0.0450218601207917,0.048665508716749975,19.84,1021.787
1791473324.274833,69.51003638995262,0.04797728691346312,0.04504602771459228,0.048665508716749975,19.82,1021.757
1791473355.6241698,69.51003638995262,0.048003027153848465,0.045353100902242455,0.048665508716749975,19.82,1021.746
1791473386.9786096,69.51003638995262,0.048003027153848465,0.04504602771459228,0.048665508716749975,19.81,1021.72
1791473418.3121414,69.51003638995262,0.04808041386057265,0.04507022126850581,0.048412188642371484,19.8,1021.72
1791473449.6529675,69.51003638995262,0.04813214376615686,0.04504602771459228,0.04874396342417032,19.82,1021.734
1791473480.9951477,69.51003638995262,0.04797728691346312,0.04513516216522011,0.048613345733571074,19.84,1021.75
1791473512.340566,69.51003638995262,0.0482000332924351,0.04505584726963805,0.04850233278719658,19.82,1021.75
1791473543.6889846,69.51003638995262,0.047945263056303436,0.045079700199007595,0.04829712984632171,19.81,1021.736
1791473575.0466082,69.51003638995262,0.04799600141384519,0.04527143671229855,0.04842517766766816,19.82,1021.803
1791473606.3909798,69.51003638995262,0.048050692083281894,0.045159274090349574,0.04840580726317503,19.84,1021.779
1791473637.736649,69.51003638995262,0.04817917659933372,0.04518341179120053,0.04850935452046785,19.87,1021.799
1791473669.0760527,69.51003638995262,0.04790023155584102,0.045328781608467435,0.04825659765606356,19.84,1021.782
1791473700.4205222,69.51003638995262,0.048003027153848465,0.04507022126850581,0.04869163220972893,19.84,1021.803
1791473731.7970238,69.51003638995262,0.048003027153848465,0.04504602771459228,0.048665508716749975,19.82,1021.793
1791473763.1434708,69.51003638995262,0.04836021361926195,0.04509444082438313,0.04869163220972893,19.8,1021.807
1791473794.4870512,69.51003638995262,0.048003027153848465,0.04523176468556976,0.04863941323971204,19.82,1021.805
1791473825.8204794,69.51003638995262,0.04792588915874762,0.04530448838175604,0.04858730615337951,19.84,1021.805
1791473857.1649754,69.51003638995262,0.04808041386057265,0.04507022126850581,0.048412188642371484,19.81,1021.799
1791473888.5155187,69.51003638995262,0.04808041386057265,0.04509444082438313,0.048412188642371484,19.8,1021.823
1791473919.864028,69.51003638995262,0.04820994767343808,0.04487739738799243,0.04851647457075303,19.81,1021.852
1791473951.2103834,69.51003638995262,0.04825659765606356,0.04520757530912656,0.04825659765606356,19.84,1021.854
1791473982.5491285,69.51003638995262,0.0482256593122489,0.04524738049926314,0.048528105825009764,19.82,1021.862
1791474013.8944829,69.51003638995262,0.04807633413431221,0.04523176468556976,0.04845752557522136,19.82,1021.861
1791474045.2408822,69.51003638995262,0.04833426793529922,0.045328781608467435,0.048665508716749975,19.82,1021.896
1791474076.5756547,69.51003638995262,0.04795157426320806,0.04530448838175604,0.04833426793529922,19.85,1021.872
1791474107.925905,69.51003638995262,0.04830835007658758,0.04504602771459228,0.048665508716749975,19.82,1021.889
1791474139.2674174,69.51003638995262,0.04838618717330939,0.04504602771459228,0.048717783763789754,19.82,1021.894
1791474170.6170027,69.51003638995262,0.04843821807147481,0.045426215606181965,0.04843821807147481,19.81,1021.865
1791474201.9603512,69.51003638995262,0.04810626490674384,0.045167255923657966,0.048464275505742865,19.84,1021.871
1791474233.307817,69.51003638995262,0.04818398510444801,0.04519157990770278,0.048542616292228905,19.84,1021.893
1791474264.6583347,69.51003638995262,0.04815805048372243,0.04485909044139775,0.04851647457075303,19.85,1021.902
1791474296.0089316,69.51003638995262,0.04818398510444801,0.04530448838175604,0.048464275505742865,19.88,1021.908
1791474327.3563406,69.51003638995262,0.04825131259520629,0.04503897139792988,0.04830270112476633,19.85,1021.916
1791474358.6997242,69.51003638995262,0.04799948995263043,0.04503897139792988,0.048328436458708275,19.88,1021.898
1791474390.0293937,69.51003638995262,0.048102003567501654,0.045159274090349574,0.0484316526121996,19.87,1021.9
1791474421.3688664,69.51003638995262,0.04812770042673418,0.04487739738799243,0.04845752557522136,19.88,1021.957
1791474452.7032373,69.51003638995262,0.04790023155584102,0.04530448838175604,0.04850935452046785,19.91,1021.927
1791474484.0357404,69.51003638995262,0.04828245999838957,0.045353100902242455,0.04863941323971204,19.87,1021.946
1791474515.375415,69.51003638995262,0.04808041386057265,0.04514295810988285,0.048412188642371484,19.84,1021.937
1791474546.7257195,69.51003638995262,0.04810626490674384,0.045118686424165104,0.048464275505742865,19.87,1021.941
1791474578.054322,69.51003638995262,0.04810626490674384,0.04509444082438313,0.04843821807147481,19.88,1021.962
1791474609.4086964,69.51003638995262,0.048054590582829036,0.04499771844534297,0.04838618717330939,19.87,1021.976
1791474640.753307,69.51003638995262,0.048028795028794986,0.045328781608467435,0.04836021361926195,19.87,1021.987
1791474672.101794,69.51003638995262,0.04797728691346312,0.0450218601207917,0.04833426793529922,19.85,1021.961
1791474703.4462395,69.51003638995262,0.04838618717330939,0.045377446305059244,0.048412188642371484,19.87,1021.968
1791474734.785598,69.51003638995262,0.04810626490674384,0.04499771844534297,0.048464275505742865,19.89,1021.966
1791474766.1281507,69.51003638995262,0.04825131259520629,0.04524738049926314,0.048528105825009764,19.85,1021.982
1791474797.4696589,69.51003638995262,0.04787196075986044,0.04527143671229855,0.048605589543332876,19.81,1021.971
1791474828.815097,69.51003638995262,0.0482000332924351,0.04506298063194739,0.04855390626779894,19.82,1021.951
1791474860.1636407,69.51003638995262,0.04802507737062033,0.04513516216522011,0.04840580726317503,19.8,1022.0
1791474891.497218,69.51003638995262,0.04812770042673418,0.045159274090349574,0.04881342763705137,19.8,1021.954
1791474922.7837322,69.51003638995262,0.04848342619651948,0.04520757530912656,0.04853531059153533,19.78,1022.013
1791474954.1142483,69.51003638995262,0.04815342475598758,0.04525597996206099,0.04850935452046785,19.81,1021.982
1791474985.4566593,69.51003638995262,0.04792588915874762,0.045328781608467435,0.04858730615337951,19.82,1021.985
1791475016.8002212,69.51003638995262,0.048054590582829036,0.04499771844534297,0.04838618717330939,19.84,1021.97
1791475048.1495428,69.51003638995262,0.048003027153848465,0.04507022126850581,0.04836021361926195,19.84,1021.984
1791475079.4920428,69.51003638995262,0.04808041386057265,0.045118686424165104,0.048412188642371484,19.82,1022.031
1791475110.8426247,69.51003638995262,0.048003027153848465,0.04504602771459228,0.04836021361926195,19.85,1021.967
1791475142.1790924,69.51003638995262,0.04823076300506353,0.04503897139792988,0.04856129445428603,19.82,1021.994
1791475173.508566,69.51003638995262,0.0482256593122489,0.044943189756748506,0.048605589543332876,19.84,1021.975
1791475204.8540215,69.51003638995262,0.0482000332924351,0.044967096954291894,0.0482256593122489,19.84,1022.022
1791475236.1996512,69.51003638995262,0.04807633413431221,0.045159274090349574,0.0484316526121996,19.85,1022.04
1791475267.5481067,69.51003638995262,0.04784899867819959,0.044829448941862395,0.04817917659933372,19.87,1022.015
1791475298.890603,69.51003638995262,0.047823423315455686,0.04518341179120053,0.04817917659933372,19.87,1022.013
1791475330.2250252,69.51003638995262,0.04815342475598758,0.045159274090349574,0.04848342619651948,19.82,1022.053
1791475361.5797029,69.51003638995262,0.04812770042673418,0.04518341179120053,0.04848342619651948,19.82,1022.031
1791475392.9270332,69.51003638995262,0.04802507737062033,0.045111075974546805,0.04840580726317503,19.82,1022.032
1791475424.2665827,69.51003638995262,0.04815342475598758,0.04447586407582421,0.04815342475598758,19.84,1022.026
1791475455.6130958,69.51003638995262,0.04817917659933372,0.045159274090349574,0.04850935452046785,19.82,1022.011
1791475486.9505439,69.51003638995262,0.04815342475598758,0.04528022118022007,0.04820495600093878,19.81,1022.012
1791475518.3040648,69.51003638995262,0.04825659765606356,0.04525597996206099,0.04858730615337951,19.78,1022.004
1791475549.6466715,69.51003638995262,0.04797728691346312,0.04487739738799243,0.04836021361926195,19.84,1022.008
1791475580.972886,69.51003638995262,0.04799948995263043,0.04522334983850008,0.048328436458708275,19.87,1021.991
1791475612.304529,69.51003638995262,0.04787196075986044,0.04527143671229855,0.048528105825009764,19.88,1021.99
1791475643.6481862,69.51003638995262,0.04812331837793653,0.04522334983850008,0.04850233278719658,19.87,1021.993
1791475674.9864838,69.51003638995262,0.0482256593122489,0.04541631287783345,0.04863147246382444,19.82,1021.996
1791475706.3328986,69.51003638995262,0.04817917659933372,0.04520757530912656,0.04886566518213189,19.81,1021.97
1791475737.6774068,69.51003638995262,0.04820495600093878,0.04518341179120053,0.04853531059153533,19.88,1021.982
1791475769.0259426,69.51003638995262,0.04823076300506353,0.0450218601207917,0.04858730615337951,19.88,1021.991
1791475800.3533123,69.51003638995262,0.04825659765606356,0.044949512682904126,0.04858730615337951,19.85,1021.975
1791475831.6968172,69.51003638995262,0.04797728691346312,0.045353100902242455,0.048665508716749975,19.87,1021.995
1791475863.0354044,69.51003638995262,0.04808041386057265,0.045377446305059244,0.04874396342417032,19.84,1022.02
1791475894.3878229,69.51003638995262,0.04808041386057265,0.045118686424165104,0.048412188642371484,19.88,1022.023
1791475925.7203202,69.51003638995262,0.048054590582829036,0.045401817858986164,0.048412188642371484,19.89,1022.071
1791475957.077875,69.51003638995262,0.04836021361926195,0.045377446305059244,0.04838618717330939,19.89,1022.07
1791475988.4173024,69.51003638995262,0.048054590582829036,0.045118686424165104,0.04874396342417032,19.87,1022.079
1791476019.7417567,69.51003638995262,0.04790023155584102,0.04468621639512719,0.04820495600093878,19.87,1022.045
1791476051.0943916,69.51003638995262,0.04794839682634256,0.04529551851838333,0.04827699318483772,19.88,1022.071
1791476082.4348812,69.51003638995262,0.04792289103111485,0.044943189756748506,0.04825131259520629,19.89,1022.078
1791476113.7743824,69.51003638995262,0.04789741235669886,0.044967096954291894,0.048528105825009764,19.89,1022.077
1791476145.1229298,69.51003638995262,0.04812770042673418,0.04487739738799243,0.04815342475598758,19.92,1022.082
1791476176.4723387,69.51003638995262,0.04784899867819959,0.04520757530912656,0.04820495600093878,19.94,1022.086
1791476207.8278933,69.51003638995262,0.04790023155584102,0.04520757530912656,0.04858730615337951,19.92,1022.077
1791476239.1544085,69.51003638995262,0.04825659765606356,0.04525597996206099,0.04858730615337951,19.91,1022.076
1791476270.4936752,69.51003638995262,0.04795157426320806,0.045328781608467435,0.048613345733571074,19.91,1022.081
1791476301.8343008,69.51003638995262,0.04830835007658758,0.04509444082438313,0.04863941323971204,19.88,1022.084
1791476333.1657999,69.51003638995262,0.04808041386057265,0.045118686424165104,0.048412188642371484,19.89,1022.096
1791476364.5242238,69.51003638995262,0.04813214376615686,0.045426215606181965,0.048770171236205785,19.87,1022.093
1791476395.8697288,69.51003638995262,0.04810626490674384,0.045426215606181965,0.04843821807147481,19.87,1022.084
1791476427.2103038,69.51003638995262,0.048054590582829036,0.04514295810988285,0.04843821807147481,19.87,1022.1
1791476458.5578399,69.51003638995262,0.04815805048372243,0.0452159301043206,0.04849036099039626,19.88,1022.1
1791476489.882262,69.51003638995262,0.048050692083281894,0.044967096954291894,0.048328436458708275,19.87,1022.107
1791476521.2117345,69.51003638995262,0.048148862868578654,0.04524738049926314,0.04847658711071862,19.87,1022.121
1791476552.5563252,69.51003638995262,0.04782113862643868,0.04531962595838132,0.048528105825009764,19.87,1022.14
1791476583.9005938,69.51003638995262,0.048102003567501654,0.04523176468556976,0.04845752557522136,19.85,1022.154
1791476615.2432387,69.51003638995262,0.04795157426320806,0.04504602771459228,0.04830835007658758,19.85,1022.171
1791476646.58879,69.51003638995262,0.04808041386057265,0.04509444082438313,0.04869163220972893,19.84,1022.146
1791476677.9200573,69.51003638995262,0.048003027153848465,0.0450218601207917,0.04836021361926195,19.84,1022.147
1791476709.2135563,69.51003638995262,0.04833426793529922,0.04507022126850581,0.04836021361926195,19.85,1022.14
1791476740.5582433,69.51003638995262,0.04815805048372243,0.04545063958889608,0.04849036099039626,19.87,1022.171
1791476771.901511,69.51003638995262,0.04818398510444801,0.04488326148552978,0.04851647457075303,19.87,1022.186
1791476803.2341924,69.51003638995262,0.048028795028794986,0.04570886489552622,0.048717783763789754,19.85,1022.211
1791476834.5767474,69.51003638995262,0.04774863907877381,0.045118686424165104,0.04874396342417032,19.8,1022.213
1791476865.926131,69.51003638995262,0.04813214376615686,0.0452159301043206,0.04849036099039626,19.78,1022.209
1791476897.2786531,69.51003638995262,0.04820994767343808,0.04514295810988285,0.04859498434069071,19.78,1022.234
1791476928.629056,69.51003638995262,0.04823076300506353,0.04513516216522011,0.048613345733571074,19.8,1022.24
1791476959.9676335,69.51003638995262,0.048050692083281894,0.04518341179120053,0.0484316526121996,19.78,1022.24
1791476991.312961,69.51003638995262,0.048102003567501654,0.044853410350668636,0.04848342619651948,19.8,1022.259
1791477022.661552,69.51003638995262,0.04820495600093878,0.04504602771459228,0.04856129445428603,19.81,1022.281
1791477054.0120919,69.51003638995262,0.04808041386057265,0.045118686424165104,0.04843821807147481,19.81,1022.292
1791477085.3716002,69.51003638995262,0.04808041386057265,0.0450218601207917,0.04836021361926195,19.82,1022.31
1791477116.7229228,69.51003638995262,0.04810626490674384,0.04485909044139775,0.048464275505742865,19.85,1022.295
1791477148.0745819,69.51003638995262,0.04787727905464725,0.04524030655590599,0.04856878620033752,19.85,1022.326
1791477179.4138603,69.51003638995262,0.04790309027145121,0.044907458591462834,0.048542616292228905,19.82,1022.325
1791477210.7584352,69.51003638995262,0.048235938235894366,0.04488326148552978,0.04856878620033752,19.81,1022.355
1791477242.1048183,69.51003638995262,0.04828800352250045,0.0452159301043206,0.04862121075899881,19.8,1022.358
1791477273.4514787,69.51003638995262,0.04787727905464725,0.04519157990770278,0.04856878620033752,19.8,1022.375
1791477304.7999876,69.51003638995262,0.04787727905464725,0.04493168180137036,0.048235938235894366,19.81,1022.372
1791477336.143578,69.51003638995262,0.04790309027145121,0.045167255923657966,0.04856878620033752,19.81,1022.43
1791477367.5028882,69.51003638995262,0.04820994767343808,0.04509444082438313,0.04828800352250045,19.84,1022.399
1791477398.8473675,69.51003638995262,0.04815342475598758,0.04506298063194739,0.04817917659933372,19.84,1022.431
1791477430.187992,69.51003638995262,0.04799948995263043,0.045087015477152395,0.04835419923047288,19.84,1022.461
1791477461.515386,69.51003638995262,0.047823423315455686,0.04487739738799243,0.04845752557522136,19.87,1022.445
1791477492.8669696,69.51003638995262,0.047797875278247,0.044901410094973206,0.04848342619651948,19.89,1022.486
1791477524.223354,69.51003638995262,0.04764622375033866,0.04497360264657454,0.04833426793529922,19.88,1022.507
1791477555.569087,69.51003638995262,0.04797728691346312,0.04509444082438313,0.048665508716749975,19.85,1022.517
1791477586.9073253,69.51003638995262,0.04813214376615686,0.04514295810988285,0.04849036099039626,19.84,1022.501
1791477618.2507715,69.51003638995262,0.04820994767343808,0.045167255923657966,0.048542616292228905,19.84,1022.55
1791477649.5964878,69.51003638995262,0.04810626490674384,0.04488326148552978,0.048464275505742865,19.85,1022.565
1791477680.9407914,69.51003638995262,0.04820994767343808,0.04462272392101846,0.04859498434069071,19.85,1022.561
1791477712.2773013,69.51003638995262,0.04798069117401397,0.044955931157516824,0.048314078337542414,19.85,1022.563
1791477743.61695,69.51003638995262,0.0483924720170417,0.04528913839401519,0.04867374861281489,19.87,1022.573
1791477774.9453225,69.51003638995262,0.048261956837116135,0.044907458591462834,0.04856878620033752,19.85,1022.598
1791477806.2947905,69.51003638995262,0.04808041386057265,0.044949512682904126,0.048464275505742865,19.82,1022.58
1791477837.644365,69.51003638995262,0.047746861005449386,0.045111075974546805,0.04837998948396295,19.82,1022.559
1791477868.9879107,69.51003638995262,0.04807633413431221,0.045111075974546805,0.04840580726317503,19.85,1022.572
1791477900.3362548,69.51003638995262,0.04812770042673418,0.04523176468556976,0.04845752557522136,19.84,1022.61
1791477931.681652,69.51003638995262,0.04830835007658758,0.04504602771459228,0.04830835007658758,19.82,1022.584
1791477963.0273476,69.51003638995262,0.04808041386057265,0.04545063958889608,0.04843821807147481,19.85,1022.58
1791477994.3497086,69.51003638995262,0.04813214376615686,0.044550592866738944,0.04849036099039626,19.82,1022.604
1791478025.6871939,69.51003638995262,0.04787727905464725,0.04519157990770278,0.04856878620033752,19.8,1022.583
1791478057.0397062,69.51003638995262,0.047851495638142984,0.04524030655590599,0.04856878620033752,19.8,1022.605
1791478088.3692153,69.51003638995262,0.04820994767343808,0.04526470930494494,0.048542616292228905,19.8,1022.625
1791478119.7116404,69.51003638995262,0.047954796286002084,0.04500450847804112,0.04862121075899881,19.78,1022.653
1791478151.060271,69.51003638995262,0.047544610435856414,0.04493168180137036,0.04856878620033752,19.81,1022.707
1791478182.3947742,69.51003638995262,0.04798069117401397,0.04531359386578642,0.048314078337542414,19.85,1022.652
1791478213.7431111,69.51003638995262,0.04800661404285602,0.044955931157516824,0.048366312539071595,19.87,1022.674
1791478245.090679,69.51003638995262,0.04820994767343808,0.04485909044139775,0.04820994767343808,19.89,1022.685
1791478276.4382038,69.51003638995262,0.04792588915874762,0.0450218601207917,0.04828245999838957,19.89,1022.695
1791478307.7796586,69.51003638995262,0.04828245999838957,0.04471460912412531,0.048613345733571074,19.87,1022.727
1791478339.126198,69.51003638995262,0.048003027153848465,0.04497360264657454,0.04833426793529922,19.85,1022.728
1791478370.4795496,69.51003638995262,0.04830835007658758,0.045167255923657966,0.04836021361926195,19.84,1022.779
1791478401.8360124,69.51003638995262,0.0478257399770486,0.044907458591462834,0.04820994767343808,19.85,1022.783
1791478433.1685324,69.51003638995262,0.04803256493790497,0.04493168180137036,0.048366312539071595,19.87,1022.806
1791478464.5061376,69.51003638995262,0.04787727905464725,0.0452159301043206,0.048542616292228905,19.87,1022.799
1791478495.8526204,69.51003638995262,0.04815805048372243,0.04488326148552978,0.04818398510444801,19.85,1022.804
1791478527.1461833,69.51003638995262,0.04792892933354156,0.04514295810988285,0.04828800352250045,19.82,1022.799
1791478558.4875686,69.51003638995262,0.047722993992348674,0.04485909044139775,0.048412188642371484,19.84,1022.803
1791478589.8370426,69.51003638995262,0.04790309027145121,0.04519157990770278,0.04856878620033752,19.85,1022.79
1791478621.1646528,69.51003638995262,0.04818398510444801,0.04519157990770278,0.04849036099039626,19.82,1022.796
1791478652.4979467,69.51003638995262,0.04818398510444801,0.04526470930494494,0.04820994767343808,19.82,1022.788
1791478683.8515754,69.51003638995262,0.048261956837116135,0.04519157990770278,0.04870006014023822,19.82,1022.789
1791478715.192912,69.51003638995262,0.04815805048372243,0.04497360264657454,0.04818398510444801,19.82,1022.801
1791478746.5364478,69.51003638995262,0.04817917659933372,0.045159274090349574,0.04850935452046785,19.81,1022.802
1791478777.8769972,69.51003638995262,0.04820495600093878,0.04523176468556976,0.04850935452046785,19.84,1022.789
1791478809.2254071,69.51003638995262,0.04830835007658758,0.04509444082438313,0.048665508716749975,19.84,1022.798
1791478840.5730093,69.51003638995262,0.04818398510444801,0.04528913839401519,0.048542616292228905,19.8,1022.803
1791478871.9173434,69.51003638995262,0.04803256493790497,0.04531359386578642,0.048366312539071595,19.78,1022.814
1791478903.258956,69.51003638995262,0.04828800352250045,0.04526470930494494,0.04862121075899881,19.78,1022.823
1791478934.6044977,69.51003638995262,0.048261956837116135,0.04528913839401519,0.04859498434069071,19.77,1022.843
1791478965.9399757,69.51003638995262,0.04828800352250045,0.04498020670225798,0.048980852664599304,19.78,1022.848
1791478997.2904885,69.51003638995262,0.04800661404285602,0.04531359386578642,0.048366312539071595,19.78,1022.864
1791479028.6339722,69.51003638995262,0.047954796286002084,0.04528913839401519,0.048314078337542414,19.75,1022.87
1791479059.9634562,69.51003638995262,0.04759590182996698,0.04526470930494494,0.04828800352250045,19.78,1022.895
1791479091.3099113,69.51003638995262,0.048314078337542414,0.045362584128571956,0.04864746550107086,19.78,1022.862
1791479122.6565456,69.51003638995262,0.04803256493790497,0.044907458591462834,0.04844487595684313,19.78,1022.887
1791479153.9908192,69.51003638995262,0.04792892933354156,0.04509444082438313,0.048235938235894366,19.78,1022.896
1791479185.3394601,69.51003638995262,0.048054590582829036,0.04520757530912656,0.04863941323971204,19.8,1022.893
1791479216.6828723,69.51003638995262,0.04792588915874762,0.04507022126850581,0.048613345733571074,19.78,1022.887
1791479248.0264926,69.51003638995262,0.04818398510444801,0.04457461062701969,0.04818398510444801,19.82,1022.901
1791479279.370979,69.51003638995262,0.04798069117401397,0.04524030655590599,0.04862121075899881,19.8,1022.899
1791479310.7123666,69.51003638995262,0.04787727905464725,0.04493168180137036,0.04856878620033752,19.78,1022.88
1791479342.0448248,69.51003638995262,0.047954796286002084,0.045338075763020555,0.04867374861281489,19.8,1022.893
1791479373.37934,69.51003638995262,0.0480585439046357,0.04502883652740532,0.0487264001294477,19.81,1022.897
1791479404.7149467,69.51003638995262,0.04798069117401397,0.04531359386578642,0.04862121075899881,19.8,1022.897
1791479436.057469,69.51003638995262,0.04800661404285602,0.044955931157516824,0.048366312539071595,19.82,1022.894
1791479467.4378228,69.51003638995262,0.047647304010485524,0.04526470930494494,0.048340181327835456,19.85,1022.91
1791479498.7703824,69.51003638995262,0.04828800352250045,0.04531359386578642,0.048314078337542414,19.84,1022.95
1791479530.1127427,69.51003638995262,0.04810626490674384,0.04509444082438313,0.04843821807147481,19.84,1022.935
1791479561.4693196,69.51003638995262,0.04813214376615686,0.04509444082438313,0.04851647457075303,19.84,1022.969
1791479592.8098173,69.51003638995262,0.04823076300506353,0.04497360264657454,0.04856129445428603,19.84,1022.951
1791479624.1563685,69.51003638995262,0.04813214376615686,0.045167255923657966,0.048464275505742865,19.82,1022.963
1791479655.501765,69.51003638995262,0.04815805048372243,0.0452159301043206,0.048542616292228905,19.8,1022.961
1791479686.8471937,69.51003638995262,0.048261956837116135,0.044955931157516824,0.04859498434069071,19.81,1022.943
1791479718.1938803,69.51003638995262,0.048261956837116135,0.04500450847804112,0.04859498434069071,19.8,1022.971
1791479749.5362992,69.51003638995262,0.04798069117401397,0.04502883652740532,0.04862121075899881,19.8,1022.982
1791479780.8817737,69.51003638995262,0.04782808928709637,0.04507757161749364,0.04816274140132515,19.77,1022.988
1791479812.2242346,69.51003638995262,0.048110586235534526,0.04507757161749364,0.04844487595684313,19.77,1023.004
1791479843.5708165,69.51003638995262,0.0480585439046357,0.04502883652740532,0.0483924720170417,19.81,1022.995
1791479874.930427,69.51003638995262,0.04800661404285602,0.04528913839401519,0.048340181327835456,19.8,1023.052
1791479906.2537,69.51003638995262,0.04803256493790497,0.04474346279847943,0.048418659807635746,19.78,1023.048
1791479937.5973399,69.51003638995262,0.048084550988621536,0.04502883652740532,0.048418659807635746,19.8,1023.012
1791479968.9256253,69.51003638995262,0.047954796286002084,0.044810826370296854,0.04856878620033752,19.8,1023.032
1791480000.2691765,69.51003638995262,0.048028795028794986,0.045167255923657966,0.04838618717330939,19.8,1023.026
1791480031.611786,69.51003638995262,0.04820994767343808,0.04493168180137036,0.04864746550107086,19.77,1023.033
1791480062.938117,69.51003638995262,0.04818398510444801,0.044955931157516824,0.048542616292228905,19.78,1023.006
1791480094.2895796,69.51003638995262,0.04790309027145121,0.04493168180137036,0.048261956837116135,19.74,1023.01
1791480125.634343,69.51003638995262,0.04798069117401397,0.04507757161749364,0.048340181327835456,19.75,1022.992
1791480156.9815583,69.51003638995262,0.04813664969114565,0.045362584128571956,0.04844487595684313,19.78,1022.988
1791480188.3272314,69.51003638995262,0.048235938235894366,0.04502883652740532,0.04859498434069071,19.75,1022.992
1791480219.6855145,69.51003638995262,0.04800661404285602,0.04505319089298171,0.0483924720170417,19.77,1023.009
1791480251.0261579,69.51003638995262,0.047750442169607325,0.04505319089298171,0.048084550988621536,19.75,1022.993
1791480282.3735251,69.51003638995262,0.047802178871538425,0.04476768902244846,0.04813664969114565,19.78,1023.016
1791480313.66506,69.51003638995262,0.048084550988621536,0.044955931157516824,0.04844487595684313,19.8,1023.014
1791480345.0116959,69.51003638995262,0.048235938235894366,0.04498020670225798,0.04828800352250045,19.81,1023.022
1791480376.3620758,69.51003638995262,0.04798069117401397,0.04507757161749364,0.04800661404285602,19.81,1023.072
1791480407.7055304,69.51003638995262,0.047802178871538425,0.0451998721258965,0.04818886141204277,19.85,1023.033
1791480439.0450583,69.51003638995262,0.04790598934024181,0.044907458591462834,0.0485500250630871,19.84,1023.054
1791480470.3966684,69.51003638995262,0.048054590582829036,0.045118686424165104,0.04836021361926195,19.87,1023.037
1791480501.735066,69.51003638995262,0.04820994767343808,0.04519157990770278,0.04879640724532887,19.82,1023.065
1791480533.0795786,69.51003638995262,0.0474423585772819,0.045118686424165104,0.04810626490674384,19.84,1023.101
1791480564.4311056,69.51003638995262,0.04820994767343808,0.04500450847804112,0.048542616292228905,19.87,1023.074
1791480595.780506,69.51003638995262,0.04803256493790497,0.04502883652740532,0.0487264001294477,19.82,1023.084
1791480627.1151268,69.51003638995262,0.047776296514225915,0.04510197874375707,0.04847112051075287,19.78,1023.086
1791480658.4555635,69.51003638995262,0.048110586235534526,0.04512641231468067,0.04844487595684313,19.78,1023.102
1791480689.7980735,69.51003638995262,0.04824118651947051,0.04491359908518903,0.04860277097096319,19.77,1023.11
1791480721.14447,69.51003638995262,0.04793201244627698,0.04524897834753214,0.04829362538318724,19.75,1023.12
1791480752.4880207,69.51003638995262,0.04790598934024181,0.04551019256810128,0.04824118651947051,19.81,1023.119
1791480783.8363833,69.51003638995262,0.04821500976936804,0.04512641231468067,0.04821500976936804,19.8,1023.13
1791480815.1801593,69.51003638995262,0.04818886141204277,0.0451998721258965,0.0485500250630871,19.8,1023.137
1791480846.5235386,69.51003638995262,0.048110586235534526,0.04510197874375707,0.04847112051075287,19.81,1023.125
1791480877.8679175,69.51003638995262,0.04818886141204277,0.0451998721258965,0.04821500976936804,19.82,1023.159
1791480909.2073872,69.51003638995262,0.047958063839802764,0.04493800994934248,0.04860277097096319,19.81,1023.17
1791480940.551157,69.51003638995262,0.04792892933354156,0.04504602771459228,0.04828800352250045,19.82,1023.178
1791480971.900439,69.51003638995262,0.04784899867819959,0.04492544851283849,0.04815342475598758,19.82,1023.193
1791481003.2439535,69.51003638995262,0.04790023155584102,0.04492544851283849,0.04828245999838957,19.81,1023.212
1791481034.586658,69.51003638995262,0.04764622375033866,0.04447869463071085,0.048028795028794986,19.82,1023.211
1791481065.914825,69.51003638995262,0.04790309027145121,0.04524030655590599,0.04859498434069071,19.81,1023.253
1791481097.2613714,69.51003638995262,0.047776296514225915,0.04507757161749364,0.04816274140132515,19.81,1023.229
1791481128.5969348,69.51003638995262,0.04816274140132515,0.045175358962608596,0.04847112051075287,19.78,1023.259
1791481159.9452956,69.51003638995262,0.047958063839802764,0.04491359908518903,0.04829362538318724,19.8,1023.263
1791481191.280745,69.51003638995262,0.04793201244627698,0.04493800994934248,0.04860277097096319,19.78,1023.269
1791481222.6185324,69.51003638995262,0.04793201244627698,0.04486485683217743,0.048267391708620086,19.77,1023.275
1791481253.9547496,69.51003638995262,0.04790598934024181,0.04524897834753214,0.04857638369869921,19.74,1023.275
1791481285.2982562,69.51003638995262,0.0479841435669676,0.04522441190641221,0.04831988758964331,19.77,1023.292
1791481316.6328342,69.51003638995262,0.04793201244627698,0.04488921472718351,0.048267391708620086,19.75,1023.285
1791481347.984295,69.51003638995262,0.04790598934024181,0.04486485683217743,0.0485500250630871,19.77,1023.302
1791481379.322744,69.51003638995262,0.04793201244627698,0.0449624473628862,0.04824118651947051,19.8,1023.307
1791481410.6721787,69.51003638995262,0.04800661404285602,0.04493168180137036,0.048314078337542414,19.81,1023.305
1791481441.9997125,69.51003638995262,0.04780001202657086,0.04504602771459228,0.048412188642371484,19.8,1023.311
1791481473.3262377,69.51003638995262,0.04739139740186831,0.04507022126850581,0.048054590582829036,19.8,1023.312
1791481504.6607542,69.51003638995262,0.048003027153848465,0.044786733259434136,0.04836021361926195,19.78,1023.314
1791481536.0062702,69.51003638995262,0.04818398510444801,0.044955931157516824,0.048542616292228905,19.8,1023.313
1791481567.3567064,69.51003638995262,0.04803256493790497,0.04507757161749364,0.048366312539071595,19.81,1023.316
1791481598.698182,69.51003638995262,0.04790598934024181,0.044840525357115905,0.04824118651947051,19.82,1023.32
1791481630.0448053,69.51003638995262,0.04793201244627698,0.04493800994934248,0.048267391708620086,19.81,1023.338
1791481661.3752446,69.51003638995262,0.047958063839802764,0.04491359908518903,0.04831988758964331,19.81,1023.359
1791481692.7045465,69.51003638995262,0.04821500976936804,0.044986911369156675,0.04860277097096319,19.82,1023.35
1791481724.0432103,69.51003638995262,0.04803638820731071,0.0449624473628862,0.04839884586657729,19.81,1023.358
1791481755.3956823,69.51003638995262,0.0479841435669676,0.0449624473628862,0.04862918692657171,19.82,1023.381
1791481786.7462022,69.51003638995262,0.047958063839802764,0.04488921472718351,0.04831988758964331,19.81,1023.372
1791481818.0927207,69.51003638995262,0.047958063839802764,0.044986911369156675,0.04831988758964331,19.81,1023.397
1791481849.442124,69.51003638995262,0.04803638820731071,0.04503591933369578,0.0483724977846136,19.77,1023.41
1791481880.785573,69.51003638995262,0.0479841435669676,0.04524897834753214,0.04831988758964331,19.78,1023.388
1791481912.1271882,69.51003638995262,0.048084550988621536,0.04500450847804112,0.0483924720170417,19.82,1023.404
1791481943.4575825,69.51003638995262,0.04757024230700806,0.044955931157516824,0.048261956837116135,19.81,1023.402
1791481974.7921615,69.51003638995262,0.04800661404285602,0.04481622025903739,0.048366312539071595,19.8,1023.406
1791482006.1365318,69.51003638995262,0.047879994475648974,0.04488921472718351,0.04824118651947051,19.82,1023.412
1791482037.487059,69.51003638995262,0.04824118651947051,0.04488921472718351,0.04860277097096319,19.81,1023.422
1791482068.8105567,69.51003638995262,0.04824118651947051,0.0449624473628862,0.04860277097096319,19.8,1023.402
1791482100.152981,69.51003638995262,0.04803638820731071,0.044986911369156675,0.0483724977846136,19.82,1023.421
1791482131.4425726,69.51003638995262,0.04803638820731071,0.044986911369156675,0.048708607361916484,19.82,1023.395
1791482162.7699099,69.51003638995262,0.04803638820731071,0.04506046337911021,0.04839884586657729,19.8,1023.416
1791482194.1076937,69.51003638995262,0.04816749889664551,0.045158907669543794,0.04853101799935845,19.81,1023.418
1791482225.4539268,69.51003638995262,0.047856595933395515,0.04508503419154349,0.04853101799935845,19.8,1023.442
1791482256.802531,69.51003638995262,0.04777830942538861,0.04510963181480649,0.04814121953337948,19.78,1023.463
1791482288.1439285,69.51003638995262,0.04814121953337948,0.04493800994934248,0.048504525852627704,19.81,1023.445
1791482319.4894562,69.51003638995262,0.04782808928709637,0.04498020670225798,0.04847112051075287,19.81,1023.467
1791482350.8169723,69.51003638995262,0.04757024230700806,0.044907458591462834,0.04828800352250045,19.85,1023.474
1791482382.1433902,69.51003638995262,0.0478257399770486,0.04493168180137036,0.04815805048372243,19.82,1023.493
1791482413.48704,69.51003638995262,0.04803256493790497,0.04512641231468067,0.048110586235534526,19.81,1023.508
1791482444.8305302,69.51003638995262,0.048267391708620086,0.04486485683217743,0.048267391708620086,19.78,1023.522
1791482476.170874,69.51003638995262,0.04764839954429189,0.04501140201158472,0.048346178374560796,19.81,1023.524
1791482507.5133104,69.51003638995262,0.0477522708096856,0.04477278873496505,0.04845162823384989,19.77,1023.554
1791482538.8638947,69.51003638995262,0.047856595933395515,0.04506046337911021,0.0482201437896362,19.81,1023.539
1791482570.2063072,69.51003638995262,0.04808874673850753,0.04537221198698393,0.04845162823384989,19.8,1023.549
1791482601.5479887,69.51003638995262,0.0477522708096856,0.04508503419154349,0.04842522266732945,19.78,1023.539
1791482632.8904662,69.51003638995262,0.047804376453538036,0.04510963181480649,0.04816749889664551,19.8,1023.56
1791482664.2368546,69.51003638995262,0.04783047194066332,0.04506046337911021,0.04847806261322092,19.78,1023.554
1791482695.5784466,69.51003638995262,0.04811496882961925,0.044821696636562325,0.04847806261322092,19.78,1023.535
1791482726.9289162,69.51003638995262,0.04814121953337948,0.04523302363365933,0.048504525852627704,19.78,1023.535
1791482758.2703533,69.51003638995262,0.0479841435669676,0.044840525357115905,0.048267391708620086,19.78,1023.527
1791482789.6099317,69.51003638995262,0.048110586235534526,0.04510197874375707,0.04844487595684313,19.74,1023.528
1791482820.9533217,69.51003638995262,0.048084550988621536,0.0451998721258965,0.04847112051075287,19.72,1023.533
1791482852.28281,69.51003638995262,0.0479841435669676,0.044699626680407625,0.04803638820731071,19.71,1023.518
1791482883.6283557,69.51003638995262,0.04842522266732945,0.04510963181480649,0.04845162823384989,19.74,1023.524
1791482914.9736946,69.51003638995262,0.047804376453538036,0.04506046337911021,0.048504525852627704,19.71,1023.546
1791482946.3172147,69.51003638995262,0.04808874673850753,0.04513425629280577,0.04811496882961925,19.72,1023.536
1791482977.6478019,69.51003638995262,0.047882748478467636,0.044821696636562325,0.0482201437896362,19.75,1023.526
1791483008.9951568,69.51003638995262,0.047856595933395515,0.04479722933682358,0.048193806966376984,19.8,1023.563
1791483040.3336182,69.51003638995262,0.04811496882961925,0.04474837478731285,0.04845162823384989,19.77,1023.54
1791483071.6703372,69.51003638995262,0.047804376453538036,0.0451835859891192,0.04847806261322092,19.78,1023.533
1791483103.0127268,69.51003638995262,0.047519384900414054,0.045158907669543794,0.048193806966376984,19.78,1023.513
1791483134.3602772,69.51003638995262,0.0482201437896362,0.04520829129572711,0.048246509413588386,19.78,1023.542
1791483165.7096355,69.51003638995262,0.04796137789658844,0.04477278873496505,0.04855753910080475,19.8,1023.57
1791483197.0543048,69.51003638995262,0.048084550988621536,0.04507757161749364,0.0483924720170417,19.81,1023.579
1791483228.40764,69.51003638995262,0.04744200679291731,0.0446950889262387,0.0483924720170417,19.77,1023.575
1791483259.7322474,69.51003638995262,0.04769881733673834,0.04474346279847943,0.048418659807635746,19.77,1023.588
1791483291.0807219,69.51003638995262,0.04790598934024181,0.045273571492726955,0.048267391708620086,19.8,1023.611
1791483322.4232166,69.51003638995262,0.0479841435669676,0.04537221198698393,0.048346178374560796,19.78,1023.599
1791483353.7576294,69.51003638995262,0.04741579488086368,0.04503591933369578,0.04808874673850753,19.71,1023.605
1791483385.1032279,69.51003638995262,0.0479841435669676,0.04501140201158472,0.048346178374560796,19.77,1023.595
1791483416.4496267,69.51003638995262,0.04806255321328914,0.04510963181480649,0.04839884586657729,19.75,1023.615
1791483447.7891223,69.51003638995262,0.04816749889664551,0.04544647489464793,0.04853101799935845,19.77,1023.591
1791483479.1315997,69.51003638995262,0.04814121953337948,0.04513425629280577,0.048504525852627704,19.75,1023.605
1791483510.479048,69.51003638995262,0.047856595933395515,0.04484619067795064,0.048246509413588386,19.77,1023.614
1791483541.8196228,69.51003638995262,0.04777830942538861,0.04487071150485363,0.04845162823384989,19.75,1023.638
1791483573.1610415,69.51003638995262,0.04829932725274892,0.044821696636562325,0.04829932725274892,19.75,1023.611
1791483604.5125606,69.51003638995262,0.04777830942538861,0.04513425629280577,0.04845162823384989,19.74,1023.614
1791483635.8501136,69.51003638995262,0.04811496882961925,0.04510963181480649,0.048504525852627704,19.77,1023.604
1791483667.2015452,69.51003638995262,0.04803638820731071,0.044675292434281824,0.0483724977846136,19.75,1023.617
1791483698.5459797,69.51003638995262,0.04790598934024181,0.04481622025903739,0.04824118651947051,19.75,1023.615
1791483729.885579,69.51003638995262,0.047879994475648974,0.04493800994934248,0.04824118651947051,19.77,1023.629
1791483761.2140958,69.51003638995262,0.047700278630007815,0.04503591933369578,0.0483724977846136,19.75,1023.635
1791483792.5577059,69.51003638995262,0.04777830942538861,0.04503591933369578,0.04842522266732945,19.75,1023.668
1791483823.90893,69.51003638995262,0.047856595933395515,0.04513425629280577,0.048193806966376984,19.77,1023.69
1791483855.252566,69.51003638995262,0.047804376453538036,0.04508503419154349,0.04847806261322092,19.77,1023.712
1791483886.5800602,69.51003638995262,0.047467533373696594,0.044723987450288286,0.04811496882961925,19.77,1023.735
1791483917.8565116,69.51003638995262,0.0477522708096856,0.04508503419154349,0.04842522266732945,19.75,1023.741
1791483949.204006,69.51003638995262,0.047882748478467636,0.04510963181480649,0.04790892962271491,19.75,1023.741
1791483980.5465403,69.51003638995262,0.0477522708096856,0.04479722933682358,0.04845162823384989,19.77,1023.755
1791484011.8949444,69.51003638995262,0.04790892962271491,0.04489525916123237,0.048246509413588386,19.78,1023.765
1791484043.2394104,69.51003638995262,0.04798764512039872,0.04489525916123237,0.04835226086324976,19.75,1023.757
1791484074.5830379,69.51003638995262,0.048040265978000846,0.044723987450288286,0.04832577956280492,19.78,1023.772
1791484105.9124537,69.51003638995262,0.04824118651947051,0.04479194149507344,0.04821500976936804,19.8,1023.79
1791484137.2590773,69.51003638995262,0.047802178871538425,0.04507757161749364,0.04847112051075287,19.8,1023.781
1791484168.5874813,69.51003638995262,0.048267391708620086,0.04488921472718351,0.04829362538318724,19.77,1023.787
1791484199.9330263,69.51003638995262,0.048010251674020385,0.044723987450288286,0.04839884586657729,19.74,1023.792
1791484231.2784672,69.51003638995262,0.04808874673850753,0.04506046337911021,0.04845162823384989,19.77,1023.808
1791484262.624931,69.51003638995262,0.04772626056000099,0.044699626680407625,0.0483724977846136,19.75,1023.826
1791484293.9574547,69.51003638995262,0.048010251674020385,0.044675292434281824,0.04831988758964331,19.72,1023.825
1791484325.2998974,69.51003638995262,0.04777830942538861,0.04479722933682358,0.04814121953337948,19.75,1023.84
1791484356.6245472,69.51003638995262,0.04783047194066332,0.045158907669543794,0.048193806966376984,19.74,1023.852
1791484387.9647403,69.51003638995262,0.047804376453538036,0.04477278873496505,0.04811496882961925,19.74,1023.878
1791484419.3122191,69.51003638995262,0.047856595933395515,0.044821696636562325,0.048193806966376984,19.75,1023.896
1791484450.6578133,69.51003638995262,0.047882748478467636,0.04477278873496505,0.048246509413588386,19.75,1023.883
1791484482.003352,69.51003638995262,0.047493444984681124,0.044723987450288286,0.048193806966376984,19.75,1023.9
1791484513.337706,69.51003638995262,0.047854027806550084,0.045175358962608596,0.047854027806550084,19.75,1023.926
1791484544.67326,69.51003638995262,0.047854027806550084,0.04510197874375707,0.04821500976936804,19.72,1023.932
1791484576.001848,69.51003638995262,0.047958063839802764,0.04465098466861626,0.04831988758964331,19.75,1023.945
1791484607.3452673,69.51003638995262,0.04777830942538861,0.04513425629280577,0.04811496882961925,19.74,1023.931
1791484638.6917257,69.51003638995262,0.047856595933395515,0.044821696636562325,0.048246509413588386,19.74,1023.955
1791484670.0372803,69.51003638995262,0.04777830942538861,0.04474837478731285,0.04814121953337948,19.75,1023.951
1791484701.3836818,69.51003638995262,0.047856595933395515,0.04474837478731285,0.048193806966376984,19.75,1023.952
1791484732.7291515,69.51003638995262,0.047882748478467636,0.044821696636562325,0.048246509413588386,19.74,1023.964
1791484764.0788453,69.51003638995262,0.04796137789658844,0.044993718964100655,0.04832577956280492,19.74,1023.965
1791484795.4262605,69.51003638995262,0.04738923786749862,0.04472878477121881,0.048093002365101396,19.75,1023.983
1791484826.7716365,69.51003638995262,0.047780351078179725,0.04472878477121881,0.04845847692417104,19.74,1023.971
1791484858.1262796,69.51003638995262,0.047806605431255825,0.044827257409704724,0.048198823253021786,19.75,1023.962
1791484889.4527218,69.51003638995262,0.048013941131752697,0.04487071150485363,0.04829932725274892,19.78,1023.975
1791484920.793091,69.51003638995262,0.04790892962271491,0.04508503419154349,0.04790892962271491,19.78,1024.009
1791484952.129672,69.51003638995262,0.04803638820731071,0.04474837478731285,0.04839884586657729,19.77,1023.995
1791484983.488212,69.51003638995262,0.047882748478467636,0.04489525916123237,0.048246509413588386,19.75,1024.013
1791485014.8346932,69.51003638995262,0.04762342854042797,0.04494443513874289,0.04832577956280492,19.74,1024.013
1791485046.1881497,69.51003638995262,0.04796137789658844,0.04491983369114417,0.04829932725274892,19.75,1024.032
1791485077.5305848,69.51003638995262,0.04798764512039872,0.044993718964100655,0.048378771201767534,19.77,1024.043
1791485108.8801906,69.51003638995262,0.047675621400255636,0.045018401430652354,0.04832577956280492,19.74,1024.055
1791485140.2236671,69.51003638995262,0.04772792878704809,0.04465521374033396,0.04806661970659756,19.75,1024.071
1791485171.5713282,69.51003638995262,0.04814585466258733,0.04448744802286457,0.04817232439721007,19.75,1024.082
1791485202.916504,69.51003638995262,0.04754573250442598,0.0448519433542587,0.04791191200401385,19.74,1024.069
1791485234.292053,69.51003638995262,0.04785920079010648,0.044827257409704724,0.048198823253021786,19.74,1024.084
1791485265.6346893,69.51003638995262,0.04728399666575484,0.044821696636562325,0.04791191200401385,19.74,1024.087
1791485296.9829407,69.51003638995262,0.047493444984681124,0.04484619067795064,0.047882748478467636,19.71,1024.09
1791485328.3214216,69.51003638995262,0.04772626056000099,0.0449624473628862,0.04806255321328914,19.74,1024.104
1791485359.6819742,69.51003638995262,0.04741579488086368,0.04441171538308221,0.04808874673850753,19.74,1024.113
1791485391.015612,69.51003638995262,0.047441650021157966,0.044460202380841383,0.04814121953337948,19.74,1024.113
1791485422.339953,69.51003638995262,0.047571349831841435,0.04489525916123237,0.04796137789658844,19.74,1024.113
1791485453.68934,69.51003638995262,0.04770176075423416,0.0443653573541158,0.048378771201767534,19.72,1024.119
1791485485.0299644,69.51003638995262,0.047675621400255636,0.04470423417329631,0.04806661970659756,19.72,1024.138
1791485516.378467,69.51003638995262,0.04783288865268471,0.04472878477121881,0.048198823253021786,19.75,1024.143
1791485547.7028842,69.51003638995262,0.04772792878704809,0.04465521374033396,0.04806661970659756,19.75,1024.141
1791485579.060437,69.51003638995262,0.047754125545920886,0.04470423417329631,0.04811941400117538,19.75,1024.121
1791485610.3959315,69.51003638995262,0.047441288155184065,0.045117402696481824,0.04783288865268471,19.75,1024.128
1791485641.7454479,69.51003638995262,0.048225351278106295,0.04475336234927233,0.0485384457159371,19.75,1024.12
1791485673.0869992,69.51003638995262,0.04785920079010648,0.04477796695195646,0.048198823253021786,19.74,1024.125
1791485704.4045665,69.51003638995262,0.04788554189126614,0.045018401430652354,0.04848510389391883,19.77,1024.128
1791485735.712806,69.51003638995262,0.04793513941307502,0.04508503419154349,0.04827290388550198,19.77,1024.139
1791485767.0573225,69.51003638995262,0.04777830942538861,0.04477278873496505,0.04845162823384989,19.75,1024.157
1791485798.4017608,69.51003638995262,0.04806255321328914,0.04513425629280577,0.04842522266732945,19.75,1024.163
1791485829.7292426,69.51003638995262,0.04796137789658844,0.04494443513874289,0.04829932725274892,19.72,1024.176
1791485861.0538814,69.51003638995262,0.048040265978000846,0.044993718964100655,0.04835226086324976,19.74,1024.186
1791485892.4033377,69.51003638995262,0.04785920079010648,0.044827257409704724,0.048198823253021786,19.75,1024.182
1791485923.7477462,69.51003638995262,0.04788554189126614,0.04519193987089816,0.048225351278106295,19.8,1024.194
1791485955.0873785,69.51003638995262,0.04796473945620167,0.044876656502423465,0.048305110851425095,19.75,1024.197
1791485986.42978,69.51003638995262,0.04796473945620167,0.0448519433542587,0.048305110851425095,19.77,1024.196
1791486017.782352,69.51003638995262,0.048225351278106295,0.045117402696481824,0.048565160664946455,19.71,1024.202
1791486049.1126876,69.51003638995262,0.04783288865268471,0.045067847694214465,0.04848510389391883,19.72,1024.22
1791486080.4512532,69.51003638995262,0.047806605431255825,0.0448519433542587,0.04817232439721007,19.75,1024.251
1791486111.7927303,69.51003638995262,0.04788554189126614,0.04495095961899784,0.048251908520653315,19.72,1024.226
1791486143.1402576,69.51003638995262,0.047754125545920886,0.045158907669543794,0.048378771201767534,19.7,1024.23
1791486174.4906778,69.51003638995262,0.048246509413588386,0.044533131713980156,0.04855753910080475,19.71,1024.23
1791486205.8342512,69.51003638995262,0.048013941131752697,0.04496906354827917,0.04835226086324976,19.71,1024.214
1791486237.1776512,69.51003638995262,0.047415248726740376,0.04470423417329631,0.048093002365101396,19.71,1024.227
1791486268.5010977,69.51003638995262,0.04817232439721007,0.044876656502423465,0.048225351278106295,19.68,1024.229
1791486299.8486736,69.51003638995262,0.04785920079010648,0.044827257409704724,0.048225351278106295,19.7,1024.226
1791486331.1831412,69.51003638995262,0.04814585466258733,0.04472878477121881,0.04814585466258733,19.72,1024.217
1791486362.535801,69.51003638995262,0.04785920079010648,0.04480259862386869,0.048198823253021786,19.71,1024.211
1791486393.86515,69.51003638995262,0.04788554189126614,0.04480259862386869,0.048225351278106295,19.71,1024.221
1791486425.2075484,69.51003638995262,0.04788554189126614,0.04514222108678401,0.048225351278106295,19.71,1024.22
1791486456.550243,69.51003638995262,0.047780351078179725,0.045117402696481824,0.04811941400117538,19.68,1024.226
1791486487.9035678,69.51003638995262,0.04791191200401385,0.04480259862386869,0.048251908520653315,19.72,1024.235
1791486519.2481256,69.51003638995262,0.04791191200401385,0.044876656502423465,0.048278495028958764,19.71,1024.245
1791486550.6026976,69.51003638995262,0.04791191200401385,0.044827257409704724,0.048251908520653315,19.7,1024.252
1791486581.9441547,69.51003638995262,0.04793831117630523,0.044876656502423465,0.048278495028958764,19.7,1024.249
1791486613.2884843,69.51003638995262,0.04793513941307502,0.04474837478731285,0.048246509413588386,19.7,1024.255
1791486644.6281877,69.51003638995262,0.047674324973479974,0.04522441190641221,0.048010251674020385,19.7,1024.235
1791486675.9836385,69.51003638995262,0.04790598934024181,0.04501140201158472,0.048267391708620086,19.71,1024.251
1791486707.3239868,69.51003638995262,0.04783047194066332,0.04489525916123237,0.04816749889664551,19.71,1024.265
1791486738.6766279,69.51003638995262,0.04798764512039872,0.04496906354827917,0.04832577956280492,19.67,1024.27
1791486770.0231192,69.51003638995262,0.04770176075423416,0.04465521374033396,0.048378771201767534,19.68,1024.274
1791486801.3585608,69.51003638995262,0.04811941400117538,0.04477796695195646,0.04845847692417104,19.71,1024.273
1791486832.702986,69.51003638995262,0.04751957832719117,0.0448519433542587,0.04785920079010648,19.7,1024.272
1791486864.0455399,69.51003638995262,0.04762436806097826,0.04495095961899784,0.048305110851425095,19.7,1024.287
1791486895.4030788,69.51003638995262,0.047650637747179654,0.04492616458965213,0.04801768353158574,19.71,1024.299
1791486926.7573836,69.51003638995262,0.047676936430187083,0.04495095961899784,0.0480441994237275,19.72,1024.307
1791486958.097952,69.51003638995262,0.04770326415803761,0.044975782032518515,0.0480441994237275,19.71,1024.314
1791486989.4454415,69.51003638995262,0.04741469472254738,0.044975782032518515,0.0484118682546919,19.7,1024.319
1791487020.7850704,69.51003638995262,0.04780886648233396,0.04472878477121881,0.048150556487916954,19.71,1024.319
1791487052.13345,69.51003638995262,0.04772792878704809,0.04472878477121881,0.04806661970659756,19.71,1024.33
1791487083.4728606,69.51003638995262,0.047571349831841435,0.04491983369114417,0.04796137789658844,19.74,1024.33
1791487114.819453,69.51003638995262,0.04790892962271491,0.04470423417329631,0.04796137789658844,19.74,1024.326
1791487146.1639419,69.51003638995262,0.047754125545920886,0.04514222108678401,0.04814585466258733,19.71,1024.335
1791487177.5133297,69.51003638995262,0.04785920079010648,0.0448519433542587,0.04788554189126614,19.7,1024.327
1791487208.8678796,69.51003638995262,0.04788554189126614,0.0448519433542587,0.048225351278106295,19.7,1024.319
1791487240.209403,69.51003638995262,0.0475981273236517,0.04495095961899784,0.048278495028958764,19.67,1024.315
1791487271.5509446,69.51003638995262,0.04770326415803761,0.04465950823769604,0.0480441994237275,19.72,1024.336
1791487302.8823955,69.51003638995262,0.04736232889234773,0.04492616458965213,0.04838513468941739,19.7,1024.353
1791487334.2258112,69.51003638995262,0.04801768353158574,0.04465950823769604,0.0480441994237275,19.72,1024.365
1791487365.5663805,69.51003638995262,0.04775600694094735,0.044733656432087016,0.048070744616783186,19.72,1024.349
1791487396.9018972,69.51003638995262,0.04778242209261268,0.04468419697534755,0.048123923100121965,19.68,1024.354
1791487428.2503364,69.51003638995262,0.048070744616783186,0.04470891302502914,0.04809731915934733,19.67,1024.378
1791487459.5928235,69.51003638995262,0.0475981273236517,0.04438972184822315,0.048278495028958764,19.71,1024.376
1791487490.932289,69.51003638995262,0.04770176075423416,0.04460630069633669,0.04806661970659756,19.7,1024.357
1791487522.2238169,69.51003638995262,0.04770176075423416,0.04475336234927233,0.04806661970659756,19.67,1024.375
1791487553.5813804,69.51003638995262,0.04788554189126614,0.0449013968991909,0.048251908520653315,19.68,1024.379
1791487584.9216218,69.51003638995262,0.047650637747179654,0.04463484676682862,0.04801768353158574,19.67,1024.387
1791487616.251264,69.51003638995262,0.04770326415803761,0.044391966426504025,0.048070744616783186,19.7,1024.39
1791487647.5928648,69.51003638995262,0.047519774540322385,0.04478322550021874,0.04788837556608032,19.72,1024.387
1791487678.9412518,69.51003638995262,0.04749346094571378,0.04478322550021874,0.04820391180034828,19.72,1024.397
1791487710.282575,69.51003638995262,0.04788837556608032,0.044758427241967776,0.04820391180034828,19.7,1024.395
1791487741.62526,69.51003638995262,0.04770326415803761,0.04502550919374752,0.0480441994237275,19.71,1024.404
1791487772.96962,69.51003638995262,0.047388497340965764,0.04470891302502914,0.04778242209261268,19.7,1024.41
1791487804.3171203,69.51003638995262,0.04783534015868202,0.04480805125248825,0.048519098584618524,19.68,1024.406
1791487835.6657157,69.51003638995262,0.04788837556608032,0.04446579299542246,0.047914937394811626,19.71,1024.405
1791487866.9921668,69.51003638995262,0.047546117309014535,0.04478322550021874,0.04820391180034828,19.7,1024.404
1791487898.3396585,69.51003638995262,0.047177705910309425,0.04463484676682862,0.04788837556608032,19.68,1024.412
1791487929.6970432,69.51003638995262,0.04754573250442598,0.04491983369114417,0.048225351278106295,19.68,1024.414
1791487961.0375934,69.51003638995262,0.047467533373696594,0.04484619067795064,0.04814121953337948,19.67,1024.399
1791487992.3861444,69.51003638995262,0.04738923786749862,0.04480259862386869,0.04806661970659756,19.7,1024.393
1791488023.7306247,69.51003638995262,0.04754573250442598,0.044462976160953384,0.04788554189126614,19.7,1024.398
1791488055.0752127,69.51003638995262,0.047676936430187083,0.04463484676682862,0.0480441994237275,19.7,1024.388
1791488086.4196184,69.51003638995262,0.047729620978874475,0.04468419697534755,0.0480441994237275,19.67,1024.402
1791488117.7599895,69.51003638995262,0.048070744616783186,0.04470891302502914,0.04809731915934733,19.67,1024.384
1791488149.1050675,69.51003638995262,0.04778242209261268,0.04468419697534755,0.048150556487916954,19.65,1024.384
1791488180.4511414,69.51003638995262,0.04780886648233396,0.04502550919374752,0.04820391180034828,19.65,1024.383
1791488211.7965868,69.51003638995262,0.04783534015868202,0.0451252941302317,0.04817721937165027,19.67,1024.377
1791488243.1240304,69.51003638995262,0.04778242209261268,0.04478322550021874,0.048123923100121965,19.67,1024.382
1791488274.4715679,69.51003638995262,0.04783534015868202,0.04480805125248825,0.048150556487916954,19.67,1024.384
1791488305.81506,69.51003638995262,0.04775600694094735,0.04470891302502914,0.04809731915934733,19.65,1024.369
1791488337.16046,69.51003638995262,0.047388497340965764,0.044561025503967476,0.04801768353158574,19.65,1024.37
1791488368.5040722,69.51003638995262,0.04796473945620167,0.04495095961899784,0.048305110851425095,19.65,1024.372
1791488399.8465037,69.51003638995262,0.047650637747179654,0.04461021251759918,0.04801768353158574,19.65,1024.383
1791488431.1778462,69.51003638995262,0.04741469472254738,0.04502550919374752,0.04809731915934733,19.67,1024.367
1791488462.5235233,69.51003638995262,0.04788837556608032,0.044733656432087016,0.0482306338231461,19.65,1024.373
1791488493.8550124,69.51003638995262,0.04780886648233396,0.044441156870205785,0.04817721937165027,19.65,1024.349
1791488525.1763916,69.51003638995262,0.04783534015868202,0.045100306454936026,0.04817721937165027,19.67,1024.354
1791488556.5208297,69.51003638995262,0.04786184317033533,0.045075346437670014,0.04820391180034828,19.68,1024.362
1791488587.8693724,69.51003638995262,0.04778242209261268,0.045075346437670014,0.048465424107631244,19.64,1024.352
1791488619.1929233,69.51003638995262,0.04778242209261268,0.044733656432087016,0.048150556487916954,19.67,1024.361
1791488650.5413322,69.51003638995262,0.04783534015868202,0.04505041403253843,0.04817721937165027,19.65,1024.366
1791488681.8829446,69.51003638995262,0.04780886648233396,0.044758427241967776,0.048150556487916954,19.63,1024.377
1791488713.2075684,69.51003638995262,0.04780886648233396,0.04470891302502914,0.048150556487916954,19.64,1024.397
1791488744.550094,69.51003638995262,0.0475981273236517,0.044827257409704724,0.048278495028958764,19.65,1024.42
1791488775.894337,69.51003638995262,0.04754573250442598,0.045117402696481824,0.048225351278106295,19.65,1024.435
1791488807.2447686,69.51003638995262,0.0475981273236517,0.04470891302502914,0.04799119689187059,19.65,1024.457
1791488838.589387,69.51003638995262,0.04780886648233396,0.044733656432087016,0.048150556487916954,19.65,1024.482
1791488869.9287534,69.51003638995262,0.04712548647116798,0.04480805125248825,0.048150556487916954,19.65,1024.482
1791488901.271444,69.51003638995262,0.04786184317033533,0.044441156870205785,0.047914937394811626,19.68,1024.487
1791488932.6259072,69.51003638995262,0.04786184317033533,0.044758427241967776,0.04820391180034828,19.67,1024.483
1791488963.9653258,69.51003638995262,0.047546117309014535,0.04480805125248825,0.047914937394811626,19.68,1024.486
1791488995.3078136,69.51003638995262,0.04757248930033544,0.04490763011826881,0.047914937394811626,19.68,1024.489
1791489026.6392834,69.51003638995262,0.04757248930033544,0.04478322550021874,0.04825738548928782,19.67,1024.479
1791489057.979747,69.51003638995262,0.047546117309014535,0.04446579299542246,0.04786184317033533,19.68,1024.468
1791489089.3281527,69.51003638995262,0.047546117309014535,0.04478322550021874,0.0482306338231461,19.7,1024.478
1791489120.6588707,69.51003638995262,0.04778242209261268,0.04436741201751986,0.048150556487916954,19.68,1024.471
1791489152.002323,69.51003638995262,0.04783534015868202,0.044758427241967776,0.048150556487916954,19.7,1024.451
1791489183.3455858,69.51003638995262,0.04796814954735485,0.04463901365057764,0.04831097794912626,19.7,1024.451
1791489214.6880355,69.51003638995262,0.04746717647675097,0.044733656432087016,0.048123923100121965,19.68,1024.437
1791489246.0306935,69.51003638995262,0.047676936430187083,0.044733656432087016,0.04799119689187059,19.65,1024.431
1791489277.377996,69.51003638995262,0.04801768353158574,0.04461021251759918,0.0480441994237275,19.67,1024.42
1791489308.675532,69.51003638995262,0.04809731915934733,0.045100306454936026,0.04849224649349995,19.65,1024.429
1791489340.021115,69.51003638995262,0.04757248930033544,0.04485778542218284,0.04796814954735485,19.67,1024.422
1791489371.350527,69.51003638995262,0.04759889056293806,0.04456461124590979,0.04796814954735485,19.7,1024.429
1791489402.6931,69.51003638995262,0.04762532114558344,0.04488269393141211,0.04799479996949998,19.7,1024.428
1791489434.0346546,69.51003638995262,0.047941528705532456,0.04485778542218284,0.04828416684812686,19.65,1024.433
1791489465.3789666,69.51003638995262,0.04796814954735485,0.04493259402891047,0.04799479996949998,19.65,1024.437
1791489496.7264607,69.51003638995262,0.04744054869784006,0.04503272783607773,0.04812849751548644,19.67,1024.444
1791489528.068924,69.51003638995262,0.04767827046658871,0.04493259402891047,0.048021480021298475,19.63,1024.441
1791489559.4123623,69.51003638995262,0.04770478930301369,0.044270784811243254,0.04807492921172716,19.65,1024.451
1791489590.7639816,69.51003638995262,0.04775791557369015,0.04463901365057764,0.04810169844956857,19.65,1024.461
1791489622.1060925,69.51003638995262,0.04775791557369015,0.04458938447420069,0.04815532645936322,19.65,1024.468
1791489653.4459615,69.51003638995262,0.04778242209261268,0.04465950823769604,0.048123923100121965,19.65,1024.462
1791489684.786477,69.51003638995262,0.04783288865268471,0.04480259862386869,0.04817232439721007,19.65,1024.465
1791489716.1309164,69.51003638995262,0.04796473945620167,0.04470891302502914,0.0483584306329844,19.64,1024.464
1791489747.4864483,69.51003638995262,0.047914937394811626,0.04485778542218284,0.04825738548928782,19.67,1024.465
1791489778.8259141,69.51003638995262,0.04773133765561221,0.044982605206692595,0.04807492921172716,19.67,1024.462
1791489810.1684086,69.51003638995262,0.04778452310666326,0.04500765256666271,0.04847247192430963,19.67,1024.456
1791489841.499773,69.51003638995262,0.047414132697811716,0.04473860417435858,0.048445481325446994,19.7,1024.453
1791489872.8402503,69.51003638995262,0.04778452310666326,0.04500765256666271,0.04812849751548644,19.7,1024.45
1791489904.1858156,69.51003638995262,0.047466994148751725,0.04476357127793736,0.04818218533119263,19.7,1024.449
1791489935.5323217,69.51003638995262,0.04714911098414242,0.044688753427254535,0.04818218533119263,19.71,1024.44
1791489966.8816812,69.51003638995262,0.04778452310666326,0.04503272783607773,0.04812849751548644,19.7,1024.449
1791489998.2201807,69.51003638995262,0.04781116030405748,0.04471366490630574,0.04818218533119263,19.67,1024.436
1791490029.5509205,69.51003638995262,0.047493469099825825,0.04483864006863292,0.048235993059242664,19.65,1024.429
1791490060.8951838,69.51003638995262,0.04799479996949998,0.044758427241967776,0.04831097794912626,19.61,1024.424
1791490092.2285883,69.51003638995262,0.047546117309014535,0.044758427241967776,0.04817721937165027,19.63,1024.415
1791490123.5794263,69.51003638995262,0.04741469472254738,0.04492616458965213,0.0480441994237275,19.64,1024.408
1791490154.9016168,69.51003638995262,0.047676936430187083,0.044733656432087016,0.048070744616783186,19.64,1024.403
1791490186.2530646,69.51003638995262,0.047519774540322385,0.04490763011826881,0.0482306338231461,19.61,1024.413
1791490217.595723,69.51003638995262,0.047651781097140966,0.04461418526042029,0.04831097794912626,19.63,1024.415
1791490248.9431732,69.51003638995262,0.04775791557369015,0.04463901365057764,0.04810169844956857,19.63,1024.421
1791490280.271661,69.51003638995262,0.04767827046658871,0.04461418526042029,0.048048189752190724,19.65,1024.436
1791490311.6103497,69.51003638995262,0.04810169844956857,0.04473860417435858,0.04847247192430963,19.64,1024.456
1791490342.9566467,69.51003638995262,0.04786452389076577,0.04478856626367032,0.048235993059242664,19.63,1024.472
1791490374.3011217,69.51003638995262,0.04762628809011997,0.044863718981641196,0.04797160922867982,19.63,1024.482
1791490405.6416194,69.51003638995262,0.047573071448465974,0.04478856626367032,0.048262942016009995,19.61,1024.491
1791490436.9689817,69.51003638995262,0.0475465077001282,0.04481358917828986,0.047918006732237985,19.61,1024.498
1791490468.3185456,69.51003638995262,0.047573071448465974,0.04476357127793736,0.048235993059242664,19.61,1024.491
1791490499.6640015,69.51003638995262,0.04775791557369015,0.04453986552964069,0.04839159020136777,19.64,1024.488
1791490531.0115106,69.51003638995262,0.04796814954735485,0.04488269393141211,0.04799479996949998,19.61,1024.483
1791490562.363967,69.51003638995262,0.04783534015868202,0.04468419697534755,0.04817721937165027,19.61,1024.467
1791490593.70046,69.51003638995262,0.04778242209261268,0.044832904544525896,0.048150556487916954,19.6,1024.452
1791490625.0541708,69.51003638995262,0.047651781097140966,0.04500765256666271,0.048021480021298475,19.64,1024.451
1791490656.383505,69.51003638995262,0.04775791557369015,0.044688753427254535,0.04815532645936322,19.64,1024.444
1791490687.7209027,69.51003638995262,0.04751997360045151,0.04481358917828986,0.048235993059242664,19.61,1024.44
1791490719.0574741,69.51003638995262,0.04794479299850494,0.044518397843081356,0.04797160922867982,19.64,1024.44
1791490750.3978133,69.51003638995262,0.047573071448465974,0.044419020987623105,0.048235993059242664,19.63,1024.442
1791490781.7245033,69.51003638995262,0.04751997360045151,0.044688753427254535,0.04818218533119263,19.63,1024.449
1791490813.071008,69.51003638995262,0.04781116030405748,0.044688753427254535,0.04812849751548644,19.64,1024.452
1791490844.4185023,69.51003638995262,0.04781116030405748,0.04476357127793736,0.04849949261466897,19.64,1024.446
1791490875.7649364,69.51003638995262,0.04781116030405748,0.044688753427254535,0.04815532645936322,19.63,1024.454
1791490907.1083326,69.51003638995262,0.047837827215509235,0.044688753427254535,0.04815532645936322,19.65,1024.446
1791490938.4379416,69.51003638995262,0.047837827215509235,0.044493511965313814,0.04820907418108003,19.64,1024.453
1791490969.811436,69.51003638995262,0.04778452310666326,0.04424617491949092,0.04841852076784211,19.63,1024.457
1791491001.1547797,69.51003638995262,0.04786184317033533,0.04465950823769604,0.048150556487916954,19.64,1024.478
1791491032.5003808,69.51003638995262,0.04786184317033533,0.04488269393141211,0.04820391180034828,19.67,1024.483
1791491063.845863,69.51003638995262,0.047651781097140966,0.04490763011826881,0.048021480021298475,19.65,1024.5
1791491095.1762402,69.51003638995262,0.04807492921172716,0.04461418526042029,0.04810169844956857,19.64,1024.513
1791491126.4578032,69.51003638995262,0.04775791557369015,0.044688753427254535,0.04807492921172716,19.63,1024.518
1791491157.7943752,69.51003638995262,0.04789125037968544,0.04483864006863292,0.04820907418108003,19.63,1024.516
1791491189.1427603,69.51003638995262,0.047918006732237985,0.04478856626367032,0.048262942016009995,19.64,1024.505
1791491220.489274,69.51003638995262,0.04797160922867982,0.044518397843081356,0.048316930367239656,19.64,1024.501
1791491251.8278706,69.51003638995262,0.04789125037968544,0.044863718981641196,0.048235993059242664,19.63,1024.482
1791491283.1801655,69.51003638995262,0.047918006732237985,0.04476357127793736,0.048235993059242664,19.64,1024.459
1791491314.4997816,69.51003638995262,0.04789125037968544,0.04446865389451785,0.048235993059242664,19.65,1024.438
1791491345.8482888,69.51003638995262,0.04794479299850494,0.044493511965313814,0.048316930367239656,19.67,1024.422
1791491377.1906219,69.51003638995262,0.047573071448465974,0.044863718981641196,0.04797160922867982,19.65,1024.403
1791491408.5362394,69.51003638995262,0.04762628809011997,0.044663869690784286,0.048262942016009995,19.65,1024.393
1791491439.8816206,69.51003638995262,0.04796814954735485,0.04480805125248825,0.048337818841859004,19.63,1024.386
1791491471.2251375,69.51003638995262,0.04767827046658871,0.04461418526042029,0.048021480021298475,19.63,1024.391
1791491502.569689,69.51003638995262,0.04757248930033544,0.04446579299542246,0.0482306338231461,19.65,1024.404
1791491533.9160588,69.51003638995262,0.047651781097140966,0.04463901365057764,0.048021480021298475,19.68,1024.422
1791491565.2456405,69.51003638995262,0.04781116030405748,0.044688753427254535,0.04815532645936322,19.65,1024.447
1791491596.5891962,69.51003638995262,0.04751997360045151,0.04473860417435858,0.04820907418108003,19.65,1024.47
1791491627.9256697,69.51003638995262,0.047837827215509235,0.044419020987623105,0.04818218533119263,19.65,1024.497
1791491659.272092,69.51003638995262,0.047837827215509235,0.04473860417435858,0.04815532645936322,19.67,1024.513
1791491690.620646,69.51003638995262,0.04781116030405748,0.04478856626367032,0.04849949261466897,19.64,1024.522
1791491721.9639847,69.51003638995262,0.047573071448465974,0.04481358917828986,0.048262942016009995,19.67,1024.526
1791491753.3065817,69.51003638995262,0.04797160922867982,0.04454331157450513,0.04799845547306854,19.67,1024.519
1791491784.6411507,69.51003638995262,0.04730742669335586,0.044518397843081356,0.04799845547306854,19.72,1024.509
1791491815.9785538,69.51003638995262,0.04759966489518582,0.044863718981641196,0.04797160922867982,19.7,1024.484
1791491847.3229833,69.51003638995262,0.04762628809011997,0.044863718981641196,0.04799845547306854,19.7,1024.471
1791491878.6635785,69.51003638995262,0.04797160922867982,0.044493511965313814,0.04828992110182404,19.67,1024.45
1791491910.0120523,69.51003638995262,0.047918006732237985,0.04444382358411309,0.048235993059242664,19.64,1024.442
1791491941.3515525,69.51003638995262,0.04786452389076577,0.044688753427254535,0.048262942016009995,19.67,1024.431
1791491972.705903,69.51003638995262,0.04775791557369015,0.04490763011826881,0.04812849751548644,19.67,1024.432
1791492004.0504694,69.51003638995262,0.04770478930301369,0.044663869690784286,0.048048189752190724,19.68,1024.428
1791492035.383989,69.51003638995262,0.047837827215509235,0.04476357127793736,0.04818218533119263,19.7,1024.429
1791492066.727388,69.51003638995262,0.04781116030405748,0.044369498751,0.04815532645936322,19.67,1024.428
1791492098.0729508,69.51003638995262,0.047837827215509235,0.04478856626367032,0.04820907418108003,19.72,1024.424
1791492129.4203746,69.51003638995262,0.04794479299850494,0.044863718981641196,0.04828992110182404,19.7,1024.426
1791492160.7478473,69.51003638995262,0.04759966489518582,0.04483864006863292,0.04794479299850494,19.68,1024.429
1791492192.072416,69.51003638995262,0.04728096695156012,0.044863718981641196,0.04797160922867982,19.7,1024.426
1791492223.4199114,69.51003638995262,0.04762628809011997,0.044888825964361466,0.04797160922867982,19.7,1024.418
1791492254.7653437,69.51003638995262,0.04802533178208969,0.044888825964361466,0.04802533178208969,19.67,1024.417
1791492286.1099434,69.51003638995262,0.04797160922867982,0.0449139610639459,0.04834396986292487,19.68,1024.419
1791492317.4483578,69.51003638995262,0.047679623924518154,0.04481358917828986,0.04799845547306854,19.68,1024.417
1791492348.792752,69.51003638995262,0.04788837556608032,0.044832904544525896,0.04825738548928782,19.65,1024.414
1791492380.1324,69.51003638995262,0.04786184317033533,0.04478322550021874,0.04825738548928782,19.65,1024.412
1791492411.4877467,69.51003638995262,0.04796814954735485,0.04490763011826881,0.04828416684812686,19.67,1024.405
1791492442.8193924,69.51003638995262,0.04807492921172716,0.044663869690784286,0.04807492921172716,19.64,1024.398
1791492474.159725,69.51003638995262,0.04751997360045151,0.04476357127793736,0.0485536244713943,19.67,1024.393
1791492505.4892972,69.51003638995262,0.04786452389076577,0.044863718981641196,0.04820907418108003,19.67,1024.385
1791492536.832787,69.51003638995262,0.0476529410832122,0.04461822035913071,0.04837103963966121,19.67,1024.38
1791492568.175236,69.51003638995262,0.047679623924518154,0.04493912432765232,0.04802533178208969,19.7,1024.373
1791492599.5047965,69.51003638995262,0.047679623924518154,0.0449139610639459,0.04799845547306854,19.7,1024.373
1791492630.834242,69.51003638995262,0.04799845547306854,0.044888825964361466,0.048316930367239656,19.65,1024.374
1791492662.1817186,69.51003638995262,0.047679623924518154,0.044863718981641196,0.04834396986292487,19.67,1024.375
1791492693.506183,69.51003638995262,0.04725453679186671,0.044888825964361466,0.04797160922867982,19.67,1024.368
1791492724.8507543,69.51003638995262,0.04789125037968544,0.044863718981641196,0.048235993059242664,19.67,1024.361
1791492756.19212,69.51003638995262,0.04759966489518582,0.04473860417435858,0.04794479299850494,19.67,1024.358
1791492787.535764,69.51003638995262,0.047466994148751725,0.04451514727958844,0.04812849751548644,19.65,1024.349
1791492818.8680637,69.51003638995262,0.04762532114558344,0.04488269393141211,0.04831097794912626,19.64,1024.342
1791492850.2046819,69.51003638995262,0.04773133765561221,0.044688753427254535,0.04807492921172716,19.63,1024.339
1791492881.5602477,69.51003638995262,0.04781116030405748,0.04446865389451785,0.04818218533119263,19.64,1024.335
1791492912.8485315,69.51003638995262,0.047573071448465974,0.044863718981641196,0.04794479299850494,19.67,1024.339
1791492944.197031,69.51003638995262,0.04799845547306854,0.04483864006863292,0.04797160922867982,19.65,1024.341
1791492975.5416262,69.51003638995262,0.047918006732237985,0.04483864006863292,0.04828992110182404,19.67,1024.348
1791493006.8911722,69.51003638995262,0.04762628809011997,0.04459322278558316,0.04837103963966121,19.67,1024.367
1791493038.2197084,69.51003638995262,0.047679623924518154,0.044863718981641196,0.04837103963966121,19.67,1024.376
1791493069.5503004,69.51003638995262,0.047918006732237985,0.04481358917828986,0.048262942016009995,19.65,1024.384
1791493100.8975413,69.51003638995262,0.047918006732237985,0.044518397843081356,0.048316930367239656,19.65,1024.402
1791493132.236081,69.51003638995262,0.04728096695156012,0.04483864006863292,0.048316930367239656,19.65,1024.411
1791493163.5826795,69.51003638995262,0.04759966489518582,0.04481358917828986,0.04797160922867982,19.64,1024.419
1791493194.9139514,69.51003638995262,0.04759966489518582,0.04459322278558316,0.04797160922867982,19.67,1024.422
1791493226.2645495,69.51003638995262,0.04770478930301369,0.04488269393141211,0.04836468957600826,19.64,1024.425
1791493257.6230958,69.51003638995262,0.04773133765561221,0.044982605206692595,0.04807492921172716,19.64,1024.426
1791493288.9635892,69.51003638995262,0.047361388853836645,0.044663869690784286,0.048021480021298475,19.67,1024.417
1791493320.2939665,69.51003638995262,0.04773133765561221,0.04471366490630574,0.04807492921172716,19.64,1024.415
1791493351.6347418,69.51003638995262,0.047837827215509235,0.04478856626367032,0.04820907418108003,19.67,1024.405
1791493382.9800656,69.51003638995262,0.04797160922867982,0.044493511965313814,0.04799845547306854,19.68,1024.399
1791493414.3085926,69.51003638995262,0.0476529410832122,0.04456825320637438,0.04802533178208969,19.68,1024.395
1791493445.6431365,69.51003638995262,0.04799845547306854,0.0449139610639459,0.04834396986292487,19.67,1024.39
1791493476.973392,69.51003638995262,0.047733079352555,0.044643245974121705,0.0480791747962688,19.65,1024.384
1791493508.3130395,69.51003638995262,0.04770633666420565,0.04459322278558316,0.04802533178208969,19.65,1024.377
1791493539.6414533,69.51003638995262,0.047733079352555,0.044989535536992545,0.0480791747962688,19.65,1024.37
1791493570.9709628,69.51003638995262,0.047759852039959305,0.045040059972569414,0.048133138676831284,19.65,1024.373
1791493602.316489,69.51003638995262,0.04781348761407119,0.04471849154038993,0.048160166069258915,19.65,1024.368
1791493633.6560366,69.51003638995262,0.04784035060213188,0.04476879632681026,0.04821431201391369,19.68,1024.364
1791493665.0084193,69.51003638995262,0.04746680915888347,0.04461822035913071,0.04781348761407119,19.67,1024.365
1791493696.3488915,69.51003638995262,0.04759966489518582,0.04476357127793736,0.04794479299850494,19.71,1024.35
1791493727.6994445,69.51003638995262,0.047837827215509235,0.04444382358411309,0.04820907418108003,19.68,1024.346
1791493759.048925,69.51003638995262,0.047918006732237985,0.04483864006863292,0.04828992110182404,19.67,1024.341
1791493790.3693082,69.51003638995262,0.0476529410832122,0.04459322278558316,0.04839813974834398,19.65,1024.34
1791493821.7130089,69.51003638995262,0.0480791747962688,0.04493912432765232,0.0480791747962688,19.64,1024.338
1791493853.0604687,69.51003638995262,0.048133138676831284,0.0449139610639459,0.048133138676831284,19.67,1024.335
1791493884.4079244,69.51003638995262,0.047333916066946626,0.04466829967776655,0.04805223820627482,19.64,1024.334
1791493915.7404583,69.51003638995262,0.047786654776924814,0.04471849154038993,0.048506844524446625,19.65,1024.331
1791493947.0819297,69.51003638995262,0.04746680915888347,0.04496431580284451,0.048160166069258915,19.65,1024.333
1791493978.4252663,69.51003638995262,0.047759852039959305,0.044371618311307495,0.048133138676831284,19.67,1024.336
1791494009.7637684,69.51003638995262,0.04746680915888347,0.0446933815173817,0.04784035060213188,19.65,1024.335
1791494041.1074858,69.51003638995262,0.047733079352555,0.04461822035913071,0.04810614160283015,19.67,1024.341
1791494072.4598882,69.51003638995262,0.047786654776924814,0.04476357127793736,0.04810614160283015,19.67,1024.333
1791494103.7992892,69.51003638995262,0.04778452310666326,0.04471366490630574,0.04812849751548644,19.67,1024.34
1791494135.1519227,69.51003638995262,0.04818218533119263,0.04503272783607773,0.04849949261466897,19.67,1024.339
1791494166.4883363,69.51003638995262,0.04786452389076577,0.044518397843081356,0.048235993059242664,19.67,1024.332
1791494197.8428617,69.51003638995262,0.04762628809011997,0.044888825964361466,0.04828992110182404,19.68,1024.335
1791494229.1962051,69.51003638995262,0.047679623924518154,0.04493912432765232,0.04805223820627482,19.67,1024.325
1791494260.539802,69.51003638995262,0.047759852039959305,0.04459322278558316,0.048133138676831284,19.67,1024.322
1791494291.882203,69.51003638995262,0.047786654776924814,0.0446933815173817,0.048133138676831284,19.68,1024.323
1791494323.2316964,69.51003638995262,0.047520175569995084,0.045040059972569414,0.04821431201391369,19.65,1024.323
1791494354.5734138,69.51003638995262,0.0480791747962688,0.04422254534880284,0.04810614160283015,19.65,1024.321
1791494385.9216514,69.51003638995262,0.04805223820627482,0.044888825964361466,0.04805223820627482,19.64,1024.326
1791494417.2522776,69.51003638995262,0.04802533178208969,0.045014783577673016,0.0480791747962688,19.67,1024.326
1791494448.6047926,69.51003638995262,0.04781348761407119,0.0446933815173817,0.04818722383121432,19.64,1024.327
1791494479.9501867,69.51003638995262,0.047786654776924814,0.04461822035913071,0.048133138676831284,19.64,1024.327
1791494511.2916555,69.51003638995262,0.04810614160283015,0.04434670306219397,0.048133138676831284,19.65,1024.334
1791494542.641216,69.51003638995262,0.04797160922867982,0.04473860417435858,0.04828992110182404,19.64,1024.336
1791494573.978743,69.51003638995262,0.04812849751548644,0.04476357127793736,0.04815532645936322,19.64,1024.336
1791494605.3291547,69.51003638995262,0.04794479299850494,0.044863718981641196,0.04828992110182404,19.65,1024.344
1791494636.6716762,69.51003638995262,0.0476529410832122,0.04456825320637438,0.04837103963966121,19.65,1024.351
1791494668.0101721,69.51003638995262,0.04770633666420565,0.04456825320637438,0.04802533178208969,19.65,1024.346
1791494699.3526123,69.51003638995262,0.047786654776924814,0.04466829967776655,0.048133138676831284,19.64,1024.352
1791494730.6363008,69.51003638995262,0.047786654776924814,0.04493912432765232,0.048133138676831284,19.68,1024.35
1791494761.9828098,69.51003638995262,0.04805223820627482,0.044989535536992545,0.04837103963966121,19.67,1024.345
1791494793.3121812,69.51003638995262,0.047786654776924814,0.044989535536992545,0.048133138676831284,19.64,1024.353
1791494824.6575148,69.51003638995262,0.047786654776924814,0.04471849154038993,0.048160166069258915,19.67,1024.363
1791494856.0032585,69.51003638995262,0.04789416723450062,0.0446933815173817,0.04824143066868844,19.68,1024.373
1791494887.338556,69.51003638995262,0.047786654776924814,0.04466829967776655,0.048133138676831284,19.65,1024.387
1791494918.691026,69.51003638995262,0.04784035060213188,0.04511605976099807,0.04821431201391369,19.68,1024.402
1791494950.027527,69.51003638995262,0.048133138676831284,0.04459322278558316,0.048452431165700985,19.68,1024.414
1791494981.3839996,69.51003638995262,0.04802533178208969,0.04493912432765232,0.04805223820627482,19.64,1024.419
1791495012.7374113,69.51003638995262,0.04799845547306854,0.044518397843081356,0.04802533178208969,19.61,1024.422
1791495044.0840573,69.51003638995262,0.04762628809011997,0.04454331157450513,0.04794479299850494,19.61,1024.428
1791495075.414478,69.51003638995262,0.04762628809011997,0.044643245974121705,0.04802533178208969,19.6,1024.423
1791495106.7488966,69.51003638995262,0.04805223820627482,0.04466829967776655,0.0480791747962688,19.64,1024.42
1791495138.1043105,69.51003638995262,0.04789416723450062,0.04474362979432067,0.04824143066868844,19.64,1024.412
1791495169.4408934,69.51003638995262,0.047786654776924814,0.04434670306219397,0.0480791747962688,19.64,1024.405
1791495200.785272,69.51003638995262,0.047520175569995084,0.04476879632681026,0.04821431201391369,19.65,1024.403
1791495232.1239288,69.51003638995262,0.04784035060213188,0.04471849154038993,0.04818722383121432,19.64,1024.395
1791495263.48125,69.51003638995262,0.047546903800312804,0.04476879632681026,0.04824143066868844,19.64,1024.399
1791495294.8267913,69.51003638995262,0.047546903800312804,0.04471849154038993,0.04824143066868844,19.63,1024.397
1791495326.1632664,69.51003638995262,0.04786724379195439,0.04474362979432067,0.04821431201391369,19.61,1024.403
1791495357.5007234,69.51003638995262,0.047520175569995084,0.04471849154038993,0.04784035060213188,19.64,1024.413
1791495388.836321,69.51003638995262,0.04781348761407119,0.044643245974121705,0.048452431165700985,19.65,1024.404
1791495420.1917715,69.51003638995262,0.04794479299850494,0.04481358917828986,0.04828992110182404,19.67,1024.405
1791495451.5372305,69.51003638995262,0.04722813616469396,0.04407447069730883,0.04794479299850494,19.63,1024.4
1791495482.8787773,69.51003638995262,0.047573071448465974,0.0449139610639459,0.04828992110182404,19.61,1024.397
1791495514.210235,69.51003638995262,0.047759852039959305,0.04456825320637438,0.04810614160283015,19.61,1024.383
1791495545.5487046,69.51003638995262,0.047733079352555,0.04466829967776655,0.0480791747962688,19.64,1024.367
1791495576.8939564,69.51003638995262,0.047759852039959305,0.04471849154038993,0.048160166069258915,19.65,1024.364
1791495608.2385955,69.51003638995262,0.04749347737304944,0.044793991185602296,0.04786724379195439,19.63,1024.361
1791495639.590203,69.51003638995262,0.04786724379195439,0.04471849154038993,0.04821431201391369,19.65,1024.354
1791495670.9294415,69.51003638995262,0.04784035060213188,0.04476879632681026,0.04821431201391369,19.67,1024.349
1791495702.2620962,69.51003638995262,0.04792112098084722,0.0448192144185479,0.04829575960036786,19.65,1024.338
1791495733.6005359,69.51003638995262,0.04786724379195439,0.044793991185602296,0.04821431201391369,19.67,1024.343
1791495764.9490278,69.51003638995262,0.04789416723450062,0.04476879632681026,0.04789416723450062,19.65,1024.332
1791495796.2765532,69.51003638995262,0.04794810508218586,0.044844466073606024,0.04829575960036786,19.67,1024.327
1791495827.6200404,69.51003638995262,0.0476541180711454,0.04457195271792809,0.048350211039220804,19.65,1024.32
1791495858.9513745,69.51003638995262,0.04768099723120693,0.04457195271792809,0.04805634606533898,19.67,1024.315
1791495890.2939699,69.51003638995262,0.0480021645551831,0.04471849154038993,0.0480021645551831,19.7,1024.309
1791495921.6266024,69.51003638995262,0.04738698390884118,0.04471849154038993,0.047786654776924814,19.71,1024.309
1791495952.9728203,69.51003638995262,0.04749347737304944,0.04474362979432067,0.04821431201391369,19.67,1024.306
1791495984.3114414,69.51003638995262,0.04760045056400387,0.0448192144185479,0.04794810508218586,19.68,1024.312
1791496015.6513908,69.51003638995262,0.04829575960036786,0.0448192144185479,0.048322969980514406,19.65,1024.308
1791496047.0024564,69.51003638995262,0.0476541180711454,0.044844466073606024,0.0480021645551831,19.63,1024.308
1791496078.348883,69.51003638995262,0.04760045056400387,0.04452169971480609,0.0480021645551831,19.61,1024.306
1791496109.691174,69.51003638995262,0.04768099723120693,0.04486974619884379,0.0480292400298032,19.67,1024.306
1791496141.030877,69.51003638995262,0.0476541180711454,0.044895054842436735,0.04805634606533898,19.7,1024.293
1791496172.3871841,69.51003638995262,0.04773484662071468,0.044895054842436735,0.04837748282839948,19.64,1024.285
1791496203.741662,69.51003638995262,0.0476541180711454,0.044173653230768384,0.0480292400298032,19.65,1024.274
1791496235.0903096,69.51003638995262,0.04768099723120693,0.04452169971480609,0.0480292400298032,19.63,1024.26
1791496266.428761,69.51003638995262,0.04770790673059788,0.04486974619884379,0.04805634606533898,19.64,1024.253
1791496297.7781982,69.51003638995262,0.04797511958982357,0.04476879632681026,0.04797511958982357,19.63,1024.251
1791496329.1216962,69.51003638995262,0.0475736621147089,0.04471849154038993,0.04824143066868844,19.61,1024.253
1791496360.4472263,69.51003638995262,0.04784035060213188,0.0446933815173817,0.04821431201391369,19.64,1024.254
1791496391.7936006,69.51003638995262,0.0476541180711454,0.044546812043840464,0.0480021645551831,19.63,1024.26
1791496423.110225,69.51003638995262,0.04770790673059788,0.044546812043840464,0.04805634606533898,19.63,1024.266
1791496454.4616616,69.51003638995262,0.0476541180711454,0.044844466073606024,0.0480292400298032,19.6,1024.262
1791496485.805119,69.51003638995262,0.04762726919913273,0.044546812043840464,0.04829575960036786,19.61,1024.263
1791496517.1017058,69.51003638995262,0.04773484662071468,0.044597121785086964,0.04843211880640973,19.6,1024.272
1791496548.4471812,69.51003638995262,0.04770790673059788,0.044945757877934485,0.04811065002636166,19.61,1024.272
1791496579.7945626,69.51003638995262,0.04778881777929245,0.044945757877934485,0.04813784805574346,19.61,1024.284
1791496611.1440215,69.51003638995262,0.04770790673059788,0.04429851501478231,0.0480834827135622,19.61,1024.288
1791496642.478631,69.51003638995262,0.04776181695306985,0.044647545291233326,0.04813784805574346,19.61,1024.293
1791496673.8220887,69.51003638995262,0.04773484662071468,0.04457195271792809,0.0480834827135622,19.61,1024.293
1791496705.1705432,69.51003638995262,0.04794810508218586,0.0448192144185479,0.04797511958982357,19.61,1024.292
1791496736.5501223,69.51003638995262,0.04784035060213188,0.044888825964361466,0.048160166069258915,19.64,1024.278
1791496767.9025464,69.51003638995262,0.047759852039959305,0.04474362979432067,0.047786654776924814,19.64,1024.266
1791496799.2370086,69.51003638995262,0.0475736621147089,0.04486974619884379,0.04794810508218586,19.65,1024.245
1791496830.5264914,69.51003638995262,0.04768099723120693,0.044597121785086964,0.04805634606533898,19.63,1024.232
1791496861.869982,69.51003638995262,0.04776181695306985,0.044945757877934485,0.04811065002636166,19.64,1024.218
1791496893.2133985,69.51003638995262,0.04770790673059788,0.044895054842436735,0.04773484662071468,19.64,1024.215
1791496924.5429633,69.51003638995262,0.04762726919913273,0.04486974619884379,0.0480021645551831,19.63,1024.218
1791496955.8874772,69.51003638995262,0.04770790673059788,0.044647545291233326,0.0480834827135622,19.63,1024.221
1791496987.2278545,69.51003638995262,0.04778881777929245,0.044971152366735406,0.04813784805574346,19.63,1024.235
1791497018.561536,69.51003638995262,0.04743978750284143,0.044622319293443596,0.04813784805574346,19.64,1024.252
1791497049.901769,69.51003638995262,0.04776181695306985,0.044398913821447734,0.04813784805574346,19.64,1024.267
1791497081.2422926,69.51003638995262,0.04778881777929245,0.044622319293443596,0.04811065002636166,19.67,1024.28
1791497112.5840015,69.51003638995262,0.04794810508218586,0.04447155990036591,0.04829575960036786,19.64,1024.294
1791497143.9163415,69.51003638995262,0.04786724379195439,0.045040059972569414,0.04858869410287625,19.64,1024.304
1791497175.2618854,69.51003638995262,0.04786724379195439,0.0448192144185479,0.04821431201391369,19.61,1024.31
1791497206.6084585,69.51003638995262,0.04776181695306985,0.044971152366735406,0.04778881777929245,19.63,1024.308
1791497237.948731,69.51003638995262,0.04773484662071468,0.04432357212409755,0.04811065002636166,19.63,1024.317
1791497269.282238,69.51003638995262,0.047466621448425256,0.044945757877934485,0.04784291112044049,19.63,1024.307
1791497300.6298115,69.51003638995262,0.04776181695306985,0.04492039205266918,0.0480834827135622,19.61,1024.297
1791497331.9841464,69.51003638995262,0.04781584915112833,0.044672799826800634,0.04816507685383141,19.6,1024.292
1791497363.3226917,69.51003638995262,0.04784291112044049,0.044698082948599435,0.04819233647286728,19.61,1024.303
1791497394.6711419,69.51003638995262,0.04709075722639042,0.044698082948599435,0.04778881777929245,19.63,1024.295
1791497426.0166397,69.51003638995262,0.04781584915112833,0.04472339470519341,0.04819233647286728,19.61,1024.271
1791497457.3751633,69.51003638995262,0.0475473057357248,0.044698082948599435,0.0478700037392094,19.6,1024.257
1791497488.7155526,69.51003638995262,0.0478700037392094,0.044698082948599435,0.04819233647286728,19.6,1024.253
1791497520.0620952,69.51003638995262,0.04749348576801371,0.044647545291233326,0.04821962696521118,19.6,1024.246
1791497551.4016047,69.51003638995262,0.04768099723120693,0.044793991185602296,0.0480834827135622,19.64,1024.234
1791497582.74496,69.51003638995262,0.04789416723450062,0.044844466073606024,0.04824143066868844,19.6,1024.225
1791497614.0916264,69.51003638995262,0.0480292400298032,0.044622319293443596,0.04805634606533898,19.63,1024.217
1791497645.4420073,69.51003638995262,0.04778881777929245,0.044647545291233326,0.04813784805574346,19.6,1024.209
1791497676.8014,69.51003638995262,0.0478700037392094,0.0447487351452563,0.04821962696521118,19.6,1024.212
1791497708.1600397,69.51003638995262,0.0475473057357248,0.04477410431757222,0.048246948383341925,19.63,1024.207
1791497739.496405,69.51003638995262,0.04795146601383058,0.0447487351452563,0.04795146601383058,19.61,1024.216
1791497770.8488977,69.51003638995262,0.0478700037392094,0.045047508301026225,0.048246948383341925,19.63,1024.216
1791497802.2063804,69.51003638995262,0.04781584915112833,0.04499657556768434,0.04813784805574346,19.6,1024.221
1791497833.5430589,69.51003638995262,0.04717075728720585,0.04477410431757222,0.04821962696521118,19.63,1024.224
1791497864.8745224,69.51003638995262,0.04760124782018674,0.04482492905465339,0.04830168420747443,19.63,1024.222
1791497896.2158926,69.51003638995262,0.047978681752592484,0.04477410431757222,0.04830168420747443,19.61,1024.216
1791497927.565539,69.51003638995262,0.04792428113362879,0.04472339470519341,0.048246948383341925,19.64,1024.21
1791497958.904798,69.51003638995262,0.04778881777929245,0.0448192144185479,0.0480834827135622,19.63,1024.198
1791497990.2542982,69.51003638995262,0.04792112098084722,0.04444653231946397,0.04824143066868844,19.6,1024.187
1791498021.5910127,69.51003638995262,0.04784035060213188,0.04476879632681026,0.04856138023587299,19.61,1024.173
1791498052.9433906,69.51003638995262,0.0480834827135622,0.044698082948599435,0.04805634606533898,19.63,1024.15
1791498084.2798686,69.51003638995262,0.04778881777929245,0.044971152366735406,0.04845948309965347,19.61,1024.146
1791498115.624439,69.51003638995262,0.04789712705953336,0.045047508301026225,0.04859676970715049,19.6,1024.137
1791498146.956855,69.51003638995262,0.04792428113362879,0.04477410431757222,0.048274300779857296,19.58,1024.119
1791498178.2972574,69.51003638995262,0.04784291112044049,0.044672799826800634,0.04784291112044049,19.61,1024.109
1791498209.6348796,69.51003638995262,0.04781584915112833,0.04507301793119518,0.04819233647286728,19.61,1024.102
1791498240.9831738,69.51003638995262,0.04795146601383058,0.0447487351452563,0.048274300779857296,19.61,1024.091
1791498272.3335848,69.51003638995262,0.0475473057357248,0.044398913821447734,0.048246948383341925,19.61,1024.084
1791498303.6464703,69.51003638995262,0.04760124782018674,0.04409906588374828,0.04795146601383058,19.63,1024.064
1791498334.934787,69.51003638995262,0.04757426148740028,0.04477410431757222,0.04795146601383058,19.6,1024.052
1791498366.2861993,69.51003638995262,0.04757426148740028,0.044672799826800634,0.048274300779857296,19.63,1024.048
1791498397.6356733,69.51003638995262,0.04778881777929245,0.044971152366735406,0.04813784805574346,19.58,1024.041
1791498428.9761572,69.51003638995262,0.04743978750284143,0.044597121785086964,0.04813784805574346,19.64,1024.041
1791498460.3246768,69.51003638995262,0.04768099723120693,0.044698082948599435,0.0480834827135622,19.64,1024.028
1791498491.6710675,69.51003638995262,0.0478700037392094,0.0447487351452563,0.04792428113362879,19.64,1024.039
1791498522.9955175,69.51003638995262,0.0478700037392094,0.04477410431757222,0.04821962696521118,19.61,1024.037
1791498554.3440976,69.51003638995262,0.04757426148740028,0.0447487351452563,0.04792428113362879,19.61,1024.033
1791498585.6847117,69.51003638995262,0.048005928402487345,0.0447487351452563,0.047978681752592484,19.61,1024.028
1791498617.0211248,69.51003638995262,0.04789712705953336,0.04512412396380073,0.04792428113362879,19.64,1024.017
1791498648.366514,69.51003638995262,0.04760124782018674,0.04482492905465339,0.048356544367481324,19.63,1024.009
1791498679.714094,69.51003638995262,0.04795146601383058,0.044850384717541596,0.04830168420747443,19.6,1023.998
1791498711.0555727,69.51003638995262,0.047628264786154804,0.044799502271035976,0.048329098719030156,19.63,1023.996
1791498742.3839276,69.51003638995262,0.04765531243749337,0.044875869308929346,0.048356544367481324,19.6,1023.99
1791498773.7253673,69.51003638995262,0.04749348576801371,0.04472339470519341,0.04819233647286728,19.58,1023.99
1791498805.076093,69.51003638995262,0.0476541180711454,0.04492039205266918,0.048350211039220804,19.57,1023.985
1791498836.4254227,69.51003638995262,0.04768099723120693,0.044672799826800634,0.04805634606533898,19.57,1023.982
1791498867.7708812,69.51003638995262,0.047466621448425256,0.044672799826800634,0.04819233647286728,19.57,1023.97
1791498899.115532,69.51003638995262,0.04749348576801371,0.044799502271035976,0.04784291112044049,19.58,1023.963
1791498930.460048,69.51003638995262,0.04795146601383058,0.045175346021091065,0.048274300779857296,19.57,1023.958
1791498961.802381,69.51003638995262,0.04760124782018674,0.0447487351452563,0.047978681752592484,19.58,1023.949
1791498993.1498992,69.51003638995262,0.047628264786154804,0.044799502271035976,0.047978681752592484,19.6,1023.944
1791499024.4863188,69.51003638995262,0.047628264786154804,0.044398913821447734,0.04792428113362879,19.6,1023.937
1791499055.829851,69.51003638995262,0.04792428113362879,0.044799502271035976,0.048274300779857296,19.61,1023.934
1791499087.1734385,69.51003638995262,0.04768239082650996,0.0449269254746787,0.04808785434649288,19.6,1023.942
1791499118.5237894,69.51003638995262,0.04773664002740242,0.044601082923505043,0.04811522516904326,19.58,1023.948
1791499149.8652554,69.51003638995262,0.04738542570831195,0.044901382878157384,0.048060514646565265,19.61,1023.957
1791499181.1977055,69.51003638995262,0.04792428113362879,0.044398913821447734,0.048274300779857296,19.61,1023.961
1791499212.5503657,69.51003638995262,0.04784291112044049,0.04472339470519341,0.04819233647286728,19.64,1023.969
1791499243.8827136,69.51003638995262,0.04776181695306985,0.044895054842436735,0.0480834827135622,19.64,1023.978
1791499275.2321599,69.51003638995262,0.0480834827135622,0.044971152366735406,0.04811065002636166,19.64,1023.992
1791499306.5579553,69.51003638995262,0.04781584915112833,0.04502202752950371,0.04819233647286728,19.6,1023.995
1791499337.8941472,69.51003638995262,0.04752038051320763,0.04477410431757222,0.048246948383341925,19.6,1023.993
1791499369.2427714,69.51003638995262,0.04760124782018674,0.04514972046467982,0.04795146601383058,19.63,1023.99
1791499400.5903125,69.51003638995262,0.047978681752592484,0.044850384717541596,0.04830168420747443,19.6,1023.984
1791499431.9296832,69.51003638995262,0.04776381094448944,0.0449269254746787,0.04814262716739016,19.6,1023.977
1791499463.275247,69.51003638995262,0.04803320601620754,0.04482492905465339,0.048356544367481324,19.61,1023.96
1791499494.620736,69.51003638995262,0.04803320601620754,0.044850384717541596,0.048356544367481324,19.61,1023.953
1791499525.9470942,69.51003638995262,0.048005928402487345,0.044875869308929346,0.04838402120590512,19.6,1023.94
1791499557.293675,69.51003638995262,0.04779101280967751,0.0449269254746787,0.048494241525102795,19.6,1023.918
1791499588.6381845,69.51003638995262,0.047439398451964876,0.04505507560543856,0.04817006039482848,19.58,1023.895
1791499619.9835556,69.51003638995262,0.04781824567587232,0.0449269254746787,0.04817006039482848,19.57,1023.882
1791499651.3289642,69.51003638995262,0.04741298387977805,0.044672799826800634,0.04813784805574346,19.58,1023.868
1791499682.67352,69.51003638995262,0.0480021645551831,0.044844466073606024,0.048322969980514406,19.61,1023.863
1791499714.0171607,69.51003638995262,0.04797511958982357,0.04486974619884379,0.048350211039220804,19.57,1023.842
1791499745.3556194,69.51003638995262,0.04768099723120693,0.044945757877934485,0.048404785400080065,19.58,1023.837
1791499776.6880577,69.51003638995262,0.04773484662071468,0.044945757877934485,0.04811065002636166,19.6,1023.836
1791499808.0345366,69.51003638995262,0.04781584915112833,0.04509855646906486,0.04819233647286728,19.61,1023.832
1791499839.3639603,69.51003638995262,0.048005928402487345,0.044875869308929346,0.048356544367481324,19.61,1023.827
1791499870.7093492,69.51003638995262,0.04768239082650996,0.0449269254746787,0.048060514646565265,19.64,1023.825
1791499902.0520604,69.51003638995262,0.04808785434649288,0.0449269254746787,0.04811522516904326,19.63,1023.833
1791499933.394372,69.51003638995262,0.04811522516904326,0.0449780979479764,0.04811522516904326,19.64,1023.842
1791499964.7429059,69.51003638995262,0.047439398451964876,0.044875869308929346,0.04811522516904326,19.63,1023.853
1791499996.0733857,69.51003638995262,0.048005928402487345,0.044850384717541596,0.048356544367481324,19.58,1023.855
1791500027.4258306,69.51003638995262,0.04808785434649288,0.044952497148058865,0.048439068665583354,19.61,1023.851
1791500058.7664866,69.51003638995262,0.04803320601620754,0.0449269254746787,0.048060514646565265,19.61,1023.851
1791500090.1140273,69.51003638995262,0.04773664002740242,0.044875869308929346,0.04808785434649288,19.61,1023.851
1791500121.3353143,69.51003638995262,0.04773664002740242,0.044799502271035976,0.04838402120590512,19.58,1023.842
1791500152.6868212,69.51003638995262,0.04795146601383058,0.04507301793119518,0.04792428113362879,19.58,1023.841
1791500184.034386,69.51003638995262,0.04778881777929245,0.04499657556768434,0.04843211880640973,19.58,1023.839
1791500215.3657618,69.51003638995262,0.0478700037392094,0.04514972046467982,0.048246948383341925,19.57,1023.835
1791500246.6933491,69.51003638995262,0.04738542570831195,0.044901382878157384,0.048060514646565265,19.61,1023.834
1791500278.032764,69.51003638995262,0.04776381094448944,0.044952497148058865,0.04814262716739016,19.6,1023.829
1791500309.3833132,69.51003638995262,0.04776381094448944,0.0449780979479764,0.04811522516904326,19.61,1023.823
1791500340.7157533,69.51003638995262,0.04773664002740242,0.044901382878157384,0.04808785434649288,19.64,1023.816
1791500372.0673203,69.51003638995262,0.04770950000563106,0.044901382878157384,0.048060514646565265,19.6,1023.821
1791500403.4086692,69.51003638995262,0.04776381094448944,0.044626483590263756,0.04819752490477472,19.61,1023.815
1791500434.7622123,69.51003638995262,0.04808785434649288,0.044875869308929346,0.048439068665583354,19.61,1023.798
1791500466.092751,69.51003638995262,0.04765531243749337,0.044952497148058865,0.048060514646565265,19.64,1023.789
1791500497.4342341,69.51003638995262,0.04776381094448944,0.044901382878157384,0.04811522516904326,19.63,1023.793
1791500528.7766602,69.51003638995262,0.04770950000563106,0.0449780979479764,0.04811522516904326,19.65,1023.792
1791500560.1250691,69.51003638995262,0.04819752490477472,0.04470285947817981,0.048225020750767254,19.63,1023.788
1791500591.4766302,69.51003638995262,0.04811522516904326,0.044875869308929346,0.04841152928749948,19.64,1023.781
1791500622.8161497,69.51003638995262,0.047978681752592484,0.04502202752950371,0.04830168420747443,19.61,1023.768
1791500654.1635637,69.51003638995262,0.04784291112044049,0.04477410431757222,0.04819233647286728,19.58,1023.752
1791500685.4951296,69.51003638995262,0.04792428113362879,0.044875869308929346,0.04859676970715049,19.6,1023.738
1791500716.8324647,69.51003638995262,0.04770950000563106,0.04500372792422302,0.048439068665583354,19.57,1023.722
1791500748.1761055,69.51003638995262,0.047547713636265206,0.044952497148058865,0.048225020750767254,19.58,1023.707
1791500779.5254679,69.51003638995262,0.04776381094448944,0.04470285947817981,0.04817006039482848,19.6,1023.695
1791500810.863095,69.51003638995262,0.04716837236899102,0.04467737181802949,0.048225020750767254,19.6,1023.683
1791500842.207596,69.51003638995262,0.04784550959610019,0.044601082923505043,0.04784550959610019,19.6,1023.683
1791500873.5459352,69.51003638995262,0.04773664002740242,0.04422449683649777,0.04811522516904326,19.58,1023.682
1791500904.9005566,69.51003638995262,0.04811522516904326,0.04500372792422302,0.04814262716739016,19.58,1023.683
1791500936.2240756,69.51003638995262,0.04779101280967751,0.044728376235459284,0.04781824567587232,19.58,1023.69
1791500967.556517,69.51003638995262,0.04779101280967751,0.045080793410560024,0.04814262716739016,19.6,1023.695
1791500998.9129686,69.51003638995262,0.04773664002740242,0.044901382878157384,0.04808785434649288,19.56,1023.7
1791501030.2565,69.51003638995262,0.04765531243749337,0.04452505411923177,0.04803320601620754,19.58,1023.71
1791501061.5911498,69.51003638995262,0.04795146601383058,0.04482492905465339,0.04795146601383058,19.58,1023.715
1791501092.9213042,69.51003638995262,0.04773664002740242,0.0449780979479764,0.04811522516904326,19.58,1023.721
1791501124.2687855,69.51003638995262,0.04779101280967751,0.04502938712670401,0.048439068665583354,19.61,1023.727
1791501155.6085625,69.51003638995262,0.04781824567587232,0.04500372792422302,0.04819752490477472,19.61,1023.724
1791501186.9518046,69.51003638995262,0.047927488213062905,0.044753922139722985,0.04828010666565623,19.61,1023.715
1791501218.2803361,69.51003638995262,0.04762927517404152,0.044779497240939985,0.0483353185702535,19.6,1023.703
1791501249.6228838,69.51003638995262,0.04760205692198161,0.04483073523468185,0.048009748236927545,19.6,1023.69
1791501280.9633887,69.51003638995262,0.04798229687214751,0.044805101589193624,0.048362971903843734,19.61,1023.679
1791501312.3128133,69.51003638995262,0.047900130811365946,0.044728376235459284,0.04830769684224202,19.58,1023.663
1791501343.656249,69.51003638995262,0.047954876882111815,0.044753922139722985,0.04830769684224202,19.58,1023.648
1791501374.9836907,69.51003638995262,0.047900130811365946,0.044728376235459284,0.04828010666565623,19.57,1023.637
1791501406.3372366,69.51003638995262,0.047954876882111815,0.044779497240939985,0.0483353185702535,19.6,1023.628
1791501437.6808245,69.51003638995262,0.04776381094448944,0.0449269254746787,0.04808785434649288,19.58,1023.625
1791501469.0192618,69.51003638995262,0.04768239082650996,0.044799502271035976,0.04803320601620754,19.61,1023.617
1791501500.3607285,69.51003638995262,0.04803320601620754,0.044901382878157384,0.04841152928749948,19.61,1023.611
1791501531.7072296,69.51003638995262,0.04779101280967751,0.04467737181802949,0.04814262716739016,19.6,1023.604
1791501563.0549307,69.51003638995262,0.04749349428742567,0.044805101589193624,0.048225020750767254,19.56,1023.608
1791501594.3881533,69.51003638995262,0.04762927517404152,0.04485639822771757,0.0483353185702535,19.57,1023.611
1791501625.74055,69.51003638995262,0.04730330090309517,0.044779497240939985,0.047954876882111815,19.58,1023.611
1791501657.0852911,69.51003638995262,0.04771111700774031,0.04450297236076035,0.04803723103033258,19.6,1023.605
1791501688.425629,69.51003638995262,0.04768380516337536,0.04445207989108764,0.04806474530636674,19.6,1023.612
1791501719.7690594,69.51003638995262,0.04771111700774031,0.04483073523468185,0.04806474530636674,19.6,1023.609
1791501751.1176398,69.51003638995262,0.04762927517404152,0.044779497240939985,0.048009748236927545,19.6,1023.62
1791501782.4512153,69.51003638995262,0.047927488213062905,0.04485639822771757,0.04830769684224202,19.58,1023.621
1791501813.7896538,69.51003638995262,0.04762927517404152,0.044779497240939985,0.0483353185702535,19.58,1023.613
1791501845.1140225,69.51003638995262,0.04762927517404152,0.044753922139722985,0.048009748236927545,19.6,1023.618
1791501876.4625869,69.51003638995262,0.047900130811365946,0.044753922139722985,0.04825254798646669,19.6,1023.614
1791501907.7494473,69.51003638995262,0.047520588496249766,0.044601082923505043,0.048225020750767254,19.57,1023.622
1791501939.0976644,69.51003638995262,0.047466430956916154,0.0449780979479764,0.04784550959610019,19.58,1023.617
1791501970.4381309,69.51003638995262,0.04779101280967751,0.044805101589193624,0.04819752490477472,19.61,1023.613
1791502001.7814817,69.51003638995262,0.04771111700774031,0.04513231720107019,0.04806474530636674,19.58,1023.605
1791502033.1311622,69.51003638995262,0.047954876882111815,0.04526164342058176,0.04830769684224202,19.54,1023.597
1791502064.4706576,69.51003638995262,0.04803723103033258,0.04490781245825975,0.04839065689728981,19.54,1023.592
1791502095.8170671,69.51003638995262,0.04771111700774031,0.04488209061872895,0.04809229111915789,19.54,1023.586
1791502127.1525707,69.51003638995262,0.04776583466451496,0.04493356379696968,0.04811986852295812,19.56,1023.575
1791502158.4960463,69.51003638995262,0.04798229687214751,0.044779497240939985,0.048362971903843734,19.57,1023.569
1791502189.84446,69.51003638995262,0.048009748236927545,0.04488209061872895,0.048362971903843734,19.58,1023.565
1791502221.1919985,69.51003638995262,0.04730330090309517,0.04488209061872895,0.048009748236927545,19.58,1023.561
1791502252.5213356,69.51003638995262,0.048009748236927545,0.04490781245825975,0.04841837360499316,19.6,1023.562
1791502283.8478727,69.51003638995262,0.04776583466451496,0.0452098240946748,0.04814747757214397,19.61,1023.562
1791502315.1783428,69.51003638995262,0.04768380516337536,0.0449269254746787,0.048009748236927545,19.58,1023.564
1791502346.5158975,69.51003638995262,0.04770950000563106,0.044901382878157384,0.04817006039482848,19.58,1023.567
1791502377.862433,69.51003638995262,0.047978681752592484,0.044875869308929346,0.04830168420747443,19.61,1023.568
1791502409.1927567,69.51003638995262,0.04770950000563106,0.044901382878157384,0.048060514646565265,19.58,1023.565
1791502440.538497,69.51003638995262,0.047900130811365946,0.045080793410560024,0.04825254798646669,19.61,1023.568
1791502471.916173,69.51003638995262,0.047927488213062905,0.044753922139722985,0.04828010666565623,19.6,1023.565
1791502503.2443852,69.51003638995262,0.047954876882111815,0.044728376235459284,0.04830769684224202,19.61,1023.56
1791502534.582961,69.51003638995262,0.047954876882111815,0.04483073523468185,0.0483353185702535,19.61,1023.558
1791502565.926352,69.51003638995262,0.04771111700774031,0.04488209061872895,0.04806474530636674,19.63,1023.559
1791502597.2688355,69.51003638995262,0.04771111700774031,0.04450297236076035,0.04803723103033258,19.61,1023.559
1791502628.612284,69.51003638995262,0.047738460156835874,0.04493356379696968,0.04811986852295812,19.6,1023.561
1791502659.9537082,69.51003638995262,0.04779324058475405,0.044959344685634714,0.04811986852295812,19.61,1023.566
1791502691.3012383,69.51003638995262,0.047738460156835874,0.04457952993852652,0.04811986852295812,19.63,1023.585
1791502722.631841,69.51003638995262,0.04784814687943838,0.044753922139722985,0.04820279082480352,19.63,1023.612
1791502753.967256,69.51003638995262,0.047900130811365946,0.0452098240946748,0.048577236878025995,19.58,1023.634
1791502785.3135972,69.51003638995262,0.04724923696185141,0.045158123287299616,0.04798229687214751,19.6,1023.651
1791502816.6543074,69.51003638995262,0.04803723103033258,0.04485639822771757,0.04806474530636674,19.58,1023.667
1791502848.0017037,69.51003638995262,0.047656524570011356,0.04483073523468185,0.04803723103033258,19.6,1023.677
1791502879.335133,69.51003638995262,0.04762927517404152,0.044805101589193624,0.0483353185702535,19.64,1023.678
1791502910.687723,69.51003638995262,0.04803723103033258,0.04490781245825975,0.04806474530636674,19.63,1023.685
1791502942.0330117,69.51003638995262,0.04806474530636674,0.04460510769824479,0.04841837360499316,19.61,1023.684
1791502973.3725522,69.51003638995262,0.04811986852295812,0.04485639822771757,0.04844612208147991,19.61,1023.672
1791503004.7091377,69.51003638995262,0.047656524570011356,0.04488209061872895,0.048362971903843734,19.58,1023.67
1791503036.061703,69.51003638995262,0.04779324058475405,0.044959344685634714,0.04847390238140127,19.61,1023.672
1791503067.3951852,69.51003638995262,0.04784814687943838,0.04465635137115211,0.04784814687943838,19.65,1023.68
1791503098.7486382,69.51003638995262,0.04784814687943838,0.04430170742578697,0.04820279082480352,19.64,1023.676
1791503130.0930543,69.51003638995262,0.047738460156835874,0.04483073523468185,0.04839065689728981,19.58,1023.672
1791503161.4396203,69.51003638995262,0.04768380516337536,0.04493356379696968,0.04809229111915789,19.61,1023.665
1791503192.7929945,69.51003638995262,0.04787280462350851,0.04505507560543856,0.04825254798646669,19.61,1023.663
1791503224.1315203,69.51003638995262,0.04787280462350851,0.04447751156776566,0.048225020750767254,19.58,1023.651
1791503255.4769936,69.51003638995262,0.04768380516337536,0.044779497240939985,0.04803723103033258,19.64,1023.638
1791503286.824416,69.51003638995262,0.04798229687214751,0.04483073523468185,0.04830769684224202,19.63,1023.625
1791503318.1688995,69.51003638995262,0.048009748236927545,0.04493356379696968,0.04803723103033258,19.61,1023.616
1791503349.500387,69.51003638995262,0.04803723103033258,0.04485639822771757,0.04841837360499316,19.6,1023.605
1791503380.843952,69.51003638995262,0.047738460156835874,0.04485639822771757,0.04809229111915789,19.61,1023.603
1791503412.2004023,69.51003638995262,0.047738460156835874,0.04490781245825975,0.04811986852295812,19.61,1023.604
1791503443.5370104,69.51003638995262,0.04771111700774031,0.04493356379696968,0.04806474530636674,19.58,1023.606
1791503474.887412,69.51003638995262,0.04771111700774031,0.04490781245825975,0.04839065689728981,19.6,1023.612
1791503506.2358809,69.51003638995262,0.047738460156835874,0.044959344685634714,0.04811986852295812,19.6,1023.619
1791503537.5804384,69.51003638995262,0.04779324058475405,0.04488209061872895,0.04814747757214397,19.58,1023.629
1791503568.9209363,69.51003638995262,0.047738460156835874,0.04490781245825975,0.04809229111915789,19.61,1023.639
1791503600.265384,69.51003638995262,0.04803723103033258,0.04470285947817981,0.04806474530636674,19.61,1023.648
1791503631.604967,69.51003638995262,0.04773664002740242,0.04502938712670401,0.04811522516904326,19.61,1023.652
1791503662.952311,69.51003638995262,0.047927488213062905,0.044805101589193624,0.04825254798646669,19.63,1023.657
1791503694.2929122,69.51003638995262,0.04798229687214751,0.04483073523468185,0.0483353185702535,19.61,1023.669
1791503725.5734105,69.51003638995262,0.047738460156835874,0.044959344685634714,0.04844612208147991,19.61,1023.664
1791503756.9198098,69.51003638995262,0.04776583466451496,0.04493356379696968,0.048501714559533886,19.6,1023.68
1791503788.2813494,69.51003638995262,0.04779324058475405,0.044959344685634714,0.04814747757214397,19.58,1023.688
1791503819.6398587,69.51003638995262,0.04811986852295812,0.045010995316517255,0.048501714559533886,19.61,1023.668
1791503850.9771926,69.51003638995262,0.04776583466451496,0.04490781245825975,0.04814747757214397,19.6,1023.668
1791503882.3176951,69.51003638995262,0.04776583466451496,0.045010995316517255,0.04814747757214397,19.57,1023.673
1791503913.6682982,69.51003638995262,0.04787564736245777,0.044707712919986486,0.048258231314652865,19.57,1023.679
1791503945.0028265,69.51003638995262,0.04787564736245777,0.044707712919986486,0.048258231314652865,19.58,1023.682
1791503976.3623223,69.51003638995262,0.04793074327222356,0.044959344685634714,0.048258231314652865,19.58,1023.691
1791504007.7048647,69.51003638995262,0.04730330090309517,0.044805101589193624,0.048009748236927545,19.58,1023.688
1791504039.0652435,69.51003638995262,0.047656524570011356,0.04483073523468185,0.04839065689728981,19.61,1023.69
1791504070.415659,69.51003638995262,0.047954876882111815,0.044805101589193624,0.04798229687214751,19.63,1023.685
1791504101.757166,69.51003638995262,0.04798229687214751,0.044805101589193624,0.0483353185702535,19.64,1023.678
1791504133.099794,69.51003638995262,0.04776583466451496,0.044959344685634714,0.04847390238140127,19.61,1023.679
1791504164.4561918,69.51003638995262,0.04787564736245777,0.04465635137115211,0.04787564736245777,19.6,1023.685
1791504195.809649,69.51003638995262,0.04787564736245777,0.045088694163625855,0.04823049513765612,19.63,1023.69
1791504227.1522627,69.51003638995262,0.04795833880829532,0.044707712919986486,0.04831379948122351,19.61,1023.698
1791504258.4966376,69.51003638995262,0.04793074327222356,0.04468201738567269,0.04831379948122351,19.61,1023.7
1791504289.8411534,69.51003638995262,0.04787564736245777,0.04503686516087104,0.048258231314652865,19.6,1023.707
1791504321.1636763,69.51003638995262,0.04784814687943838,0.04468201738567269,0.04823049513765612,19.64,1023.7
1791504352.5091617,69.51003638995262,0.04754812763571959,0.044707712919986486,0.04828599941079828,19.64,1023.717
1791504383.8516984,69.51003638995262,0.04790317947518623,0.04468201738567269,0.04828599941079828,19.63,1023.717
1791504415.197045,69.51003638995262,0.04790317947518623,0.044707712919986486,0.04831379948122351,19.64,1023.721
1791504446.5265355,69.51003638995262,0.04811986852295812,0.04493356379696968,0.04814747757214397,19.58,1023.728
1791504477.868088,69.51003638995262,0.04798229687214751,0.04510654059231631,0.0483353185702535,19.6,1023.743
1791504509.2125092,69.51003638995262,0.04762927517404152,0.04488209061872895,0.048009748236927545,19.57,1023.736
1791504540.5532374,69.51003638995262,0.047738460156835874,0.044959344685634714,0.04809229111915789,19.58,1023.734
1791504571.8915803,69.51003638995262,0.04814747757214397,0.04457952993852652,0.04814747757214397,19.61,1023.737
1791504603.2448857,69.51003638995262,0.04787564736245777,0.044733438025051135,0.04858534291285446,19.6,1023.742
1791504634.5876765,69.51003638995262,0.04793074327222356,0.04475919275194162,0.04795833880829532,19.61,1023.74
1791504665.935055,69.51003638995262,0.04793074327222356,0.04475919275194162,0.048341631581186775,19.61,1023.732
1791504697.2885377,69.51003638995262,0.047657754868076725,0.04511465342486981,0.04801362531707521,19.61,1023.73
1791504728.6260831,69.51003638995262,0.047985966138253164,0.04448055948455417,0.048041316399866425,19.63,1023.726
1791504759.9765086,69.51003638995262,0.047630300695319545,0.04437818188647642,0.04801362531707521,19.63,1023.722
1791504791.3158908,69.51003638995262,0.04757548713364885,0.04468201738567269,0.04793074327222356,19.61,1023.722
1791504822.6633792,69.51003638995262,0.04757548713364885,0.04448055948455417,0.04828599941079828,19.61,1023.722
1791504854.0069938,69.51003638995262,0.04784814687943838,0.04488209061872895,0.04817511832121688,19.6,1023.714
1791504885.3524592,69.51003638995262,0.047927488213062905,0.04445207989108764,0.04830769684224202,19.61,1023.719
1791504916.6958215,69.51003638995262,0.04798229687214751,0.04483073523468185,0.04839065689728981,19.6,1023.721
1791504948.0333328,69.51003638995262,0.047738460156835874,0.04460510769824479,0.04811986852295812,19.61,1023.734
1791504979.373759,69.51003638995262,0.047738460156835874,0.04490781245825975,0.04809229111915789,19.64,1023.741
1791505010.7203538,69.51003638995262,0.04779324058475405,0.04493356379696968,0.04811986852295812,19.64,1023.749
1791505042.0638528,69.51003638995262,0.04779324058475405,0.044630714825584124,0.04817511832121688,19.64,1023.746
1791505073.40817,69.51003638995262,0.047820677971653604,0.045010995316517255,0.04817511832121688,19.64,1023.743
1791505104.7597861,69.51003638995262,0.04795833880829532,0.045010995316517255,0.04831379948122351,19.64,1023.741
1791505136.1152854,69.51003638995262,0.04793074327222356,0.044707712919986486,0.04828599941079828,19.6,1023.73
1791505167.456814,69.51003638995262,0.04790317947518623,0.04503686516087104,0.04823049513765612,19.61,1023.731
1791505198.789209,69.51003638995262,0.04790317947518623,0.044733438025051135,0.04828599941079828,19.6,1023.723
1791505230.151657,69.51003638995262,0.047657754868076725,0.04475919275194162,0.048041316399866425,19.58,1023.706
1791505261.5071824,69.51003638995262,0.047602878135367135,0.04475919275194162,0.048341631581186775,19.57,1023.699
1791505292.845743,69.51003638995262,0.04790317947518623,0.04503686516087104,0.04828599941079828,19.56,1023.692
1791505324.1931927,69.51003638995262,0.04771111700774031,0.04483073523468185,0.04806474530636674,19.56,1023.691
1791505355.5207565,69.51003638995262,0.04768380516337536,0.04490781245825975,0.04847390238140127,19.58,1023.693
1791505386.8581228,69.51003638995262,0.04779324058475405,0.04457952993852652,0.048529558670780154,19.57,1023.694
1791505418.2007565,69.51003638995262,0.04790317947518623,0.044784977151850626,0.04795833880829532,19.57,1023.702
1791505449.547171,69.51003638995262,0.047602878135367135,0.044810791276088856,0.04795833880829532,19.6,1023.71
1791505480.8896153,69.51003638995262,0.047657754868076725,0.044784977151850626,0.048341631581186775,19.57,1023.713
1791505512.1702564,69.51003638995262,0.047985966138253164,0.044836635176085396,0.048369495766073696,19.57,1023.729
1791505543.51165,69.51003638995262,0.04771275827091773,0.0449143460466984,0.04809679449841249,19.56,1023.745
1791505574.844086,69.51003638995262,0.047740307610773726,0.04486250890338803,0.04806903944185894,19.57,1023.759
1791505606.1866243,69.51003638995262,0.047985966138253164,0.044810791276088856,0.048341631581186775,19.6,1023.769
1791505637.534145,69.51003638995262,0.048041316399866425,0.044810791276088856,0.04806903944185894,19.56,1023.783
1791505668.8724825,69.51003638995262,0.048041316399866425,0.04486250890338803,0.04839739209139765,19.57,1023.776
1791505700.2190442,69.51003638995262,0.04801362531707521,0.044836635176085396,0.048369495766073696,19.56,1023.774
1791505731.562705,69.51003638995262,0.047767888782979565,0.044660861497484994,0.04815240087728155,19.58,1023.766
1791505762.892929,69.51003638995262,0.04790317947518623,0.04455398149593773,0.04790317947518623,19.57,1023.748
1791505794.2334316,69.51003638995262,0.04776583466451496,0.04485639822771757,0.04776583466451496,19.57,1023.753
1791505825.5741687,69.51003638995262,0.04771111700774031,0.04455398149593773,0.04806474530636674,19.61,1023.746
1791505856.91859,69.51003638995262,0.04787564736245777,0.044707712919986486,0.04823049513765612,19.58,1023.72
1791505888.258024,69.51003638995262,0.047630300695319545,0.04450622773244682,0.048041316399866425,19.6,1023.708
1791505919.5985692,69.51003638995262,0.047411195940944416,0.044531925622024855,0.04812458162501471,19.57,1023.69
1791505950.9389477,69.51003638995262,0.04771275827091773,0.04488841250966362,0.04806903944185894,19.58,1023.679
1791505982.2925434,69.51003638995262,0.04779550184273897,0.04501838054235266,0.04818025231095765,19.58,1023.68
1791506013.6239696,69.51003638995262,0.04721818022945137,0.04468673832021968,0.0479340473959314,19.57,1023.665
1791506044.958598,69.51003638995262,0.047850823846372424,0.04468673832021968,0.048236051946161665,19.6,1023.661
1791506076.3031328,69.51003638995262,0.0479340473959314,0.04473858202935367,0.04864991456241142,19.58,1023.662
1791506107.647607,69.51003638995262,0.04760371173434496,0.04473858202935367,0.04831999416059279,19.57,1023.652
1791506138.994955,69.51003638995262,0.04768669794201862,0.044764549020301775,0.048045463492615514,19.57,1023.651
1791506170.338458,69.51003638995262,0.04763134169255175,0.04473858202935367,0.04801756093950967,19.58,1023.644
1791506201.667874,69.51003638995262,0.047411195940944416,0.044836635176085396,0.048041316399866425,19.58,1023.638
1791506233.0084717,69.51003638995262,0.04795833880829532,0.04475919275194162,0.048341631581186775,19.56,1023.625
1791506264.3457758,69.51003638995262,0.04771275827091773,0.044733438025051135,0.048369495766073696,19.56,1023.626
1791506295.6954281,69.51003638995262,0.047630300695319545,0.044940309566398357,0.04809679449841249,19.58,1023.628
1791506327.0378902,69.51003638995262,0.04782314684538341,0.044940309566398357,0.04818025231095765,19.57,1023.621
1791506358.3873298,69.51003638995262,0.04779550184273897,0.04496630312078958,0.04818025231095765,19.54,1023.615
1791506389.7317555,69.51003638995262,0.04787853290129399,0.04501838054235266,0.04820813598191666,19.56,1023.612
1791506421.0703812,69.51003638995262,0.047466041379809185,0.04463501462647435,0.04820813598191666,19.56,1023.605
1791506452.4189134,69.51003638995262,0.047521013856426327,0.04473858202935367,0.047850823846372424,19.58,1023.594
1791506483.7612429,69.51003638995262,0.047521013856426327,0.04471264514677131,0.04790627406586497,19.58,1023.595
1791506515.104537,69.51003638995262,0.04763134169255175,0.04468673832021968,0.047989690776583,19.57,1023.59
1791506546.4482944,69.51003638995262,0.047548547871904386,0.044992326762018586,0.048236051946161665,19.58,1023.583
1791506577.7926693,69.51003638995262,0.04782314684538341,0.04534963889756281,0.04818025231095765,19.58,1023.587
1791506609.132176,69.51003638995262,0.048264000259825565,0.04496630312078958,0.048264000259825565,19.58,1023.578
1791506640.4856875,69.51003638995262,0.04752079958725943,0.04503686516087104,0.048258231314652865,19.61,1023.578
1791506671.830258,69.51003638995262,0.047657754868076725,0.044836635176085396,0.048369495766073696,19.6,1023.589
1791506703.1628222,69.51003638995262,0.048041316399866425,0.04488841250966362,0.04842532061280015,19.56,1023.589
1791506734.5062656,69.51003638995262,0.04812458162501471,0.044992326762018586,0.04848127446704986,19.6,1023.592
1791506765.853697,69.51003638995262,0.047850823846372424,0.04471264514677131,0.048236051946161665,19.58,1023.603
1791506797.1982067,69.51003638995262,0.04765900374312773,0.04471264514677131,0.048045463492615514,19.57,1023.61
1791506828.5356426,69.51003638995262,0.04749351171082819,0.04460919765521535,0.04820813598191666,19.57,1023.608
1791506859.89116,69.51003638995262,0.04779550184273897,0.044940309566398357,0.04782314684538341,19.57,1023.59
1791506891.219593,69.51003638995262,0.047850823846372424,0.044992326762018586,0.04820813598191666,19.6,1023.587
1791506922.5742004,69.51003638995262,0.0479340473959314,0.04504446451418027,0.048264000259825565,19.6,1023.58
1791506953.9216225,69.51003638995262,0.047548547871904386,0.04501838054235266,0.048264000259825565,19.6,1023.556
1791506985.2421494,69.51003638995262,0.04790627406586497,0.04468673832021968,0.0479340473959314,19.57,1023.547
1791507016.5958052,69.51003638995262,0.04787853290129399,0.04512289810433302,0.048236051946161665,19.57,1023.539
1791507047.919028,69.51003638995262,0.04760371173434496,0.04501838054235266,0.04829198097917141,19.57,1023.535
1791507079.2666492,69.51003638995262,0.047850823846372424,0.04488841250966362,0.04820813598191666,19.57,1023.533
1791507110.6071608,69.51003638995262,0.0476852407083352,0.044784977151850626,0.048369495766073696,19.58,1023.531
1791507141.9505835,69.51003638995262,0.04815240087728155,0.04460919765521535,0.04818025231095765,19.58,1023.533
1791507173.291035,69.51003638995262,0.04809679449841249,0.044992326762018586,0.04848127446704986,19.57,1023.55
1791507204.6437557,69.51003638995262,0.0479340473959314,0.04471264514677131,0.047989690776583,19.57,1023.568
1791507235.9881618,69.51003638995262,0.0479340473959314,0.04507057873001132,0.04829198097917141,19.54,1023.562
1791507267.3214025,69.51003638995262,0.0479340473959314,0.04509672324247758,0.04829198097917141,19.57,1023.571
1791507298.6640377,69.51003638995262,0.04790627406586497,0.04501838054235266,0.048236051946161665,19.57,1023.559
1791507329.9434836,69.51003638995262,0.047850823846372424,0.04501838054235266,0.048236051946161665,19.54,1023.552
1791507361.2830544,69.51003638995262,0.04796185294746887,0.04509672324247758,0.04829198097917141,19.56,1023.549
1791507392.6284587,69.51003638995262,0.0479340473959314,0.04507057873001132,0.04829198097917141,19.56,1023.535
1791507423.9719832,69.51003638995262,0.04790627406586497,0.044764549020301775,0.04829198097917141,19.58,1023.536
1791507455.3173747,69.51003638995262,0.04801756093950967,0.04501838054235266,0.04834803986061425,19.58,1023.526
1791507486.6699436,69.51003638995262,0.047740307610773726,0.045088694163625855,0.04842532061280015,19.6,1023.525
1791507518.0165498,69.51003638995262,0.04790317947518623,0.045010995316517255,0.04831379948122351,19.56,1023.527
1791507549.3658965,69.51003638995262,0.04793074327222356,0.044403732079013436,0.04793074327222356,19.57,1023.515
1791507580.7094812,69.51003638995262,0.04795833880829532,0.044836635176085396,0.048341631581186775,19.56,1023.516
1791507612.0568347,69.51003638995262,0.047740307610773726,0.04501838054235266,0.04818025231095765,19.56,1023.503
1791507643.4044247,69.51003638995262,0.04787853290129399,0.044764549020301775,0.048264000259825565,19.58,1023.492
1791507674.7487905,69.51003638995262,0.047272992608520505,0.044992326762018586,0.047989690776583,19.57,1023.483
1791507706.080435,69.51003638995262,0.047521013856426327,0.04471264514677131,0.048264000259825565,19.57,1023.483
1791507737.4098542,69.51003638995262,0.047850823846372424,0.044660861497484994,0.04820813598191666,19.56,1023.474
1791507768.753303,69.51003638995262,0.04790627406586497,0.044764549020301775,0.04829198097917141,19.58,1023.478
1791507800.0919604,69.51003638995262,0.04763134169255175,0.044992326762018586,0.04831999416059279,19.61,1023.478
1791507831.4322722,69.51003638995262,0.047850823846372424,0.044992326762018586,0.04818025231095765,19.57,1023.467
1791507862.787767,69.51003638995262,0.04787853290129399,0.04496630312078958,0.048236051946161665,19.58,1023.463
1791507894.1292682,69.51003638995262,0.047850823846372424,0.04504446451418027,0.048264000259825565,19.56,1023.458
1791507925.473773,69.51003638995262,0.04787853290129399,0.04463501462647435,0.048236051946161665,19.56,1023.45
1791507956.8003256,69.51003638995262,0.04782314684538341,0.044784977151850626,0.04812458162501471,19.58,1023.449
1791507988.1317787,69.51003638995262,0.047602878135367135,0.04486250890338803,0.04831379948122351,19.58,1023.418
1791508019.4672468,69.51003638995262,0.047411195940944416,0.044940309566398357,0.04812458162501471,19.61,1023.419
1791508050.8177907,69.51003638995262,0.047740307610773726,0.044940309566398357,0.04812458162501471,19.58,1023.42
1791508082.1603947,69.51003638995262,0.047850823846372424,0.04504446451418027,0.048236051946161665,19.6,1023.414
1791508113.5107818,69.51003638995262,0.04790627406586497,0.04473858202935367,0.04829198097917141,19.61,1023.425
1791508144.8513286,69.51003638995262,0.04765900374312773,0.04471264514677131,0.04801756093950967,19.61,1023.41
1791508176.1949005,69.51003638995262,0.04790627406586497,0.044660861497484994,0.048236051946161665,19.6,1023.398
1791508207.5412793,69.51003638995262,0.04801756093950967,0.044842631168516355,0.04837611813589161,19.61,1023.389
1791508238.9297843,69.51003638995262,0.04801756093950967,0.045149103368454145,0.04837611813589161,19.64,1023.382
1791508270.2791615,69.51003638995262,0.04771442434530025,0.045149103368454145,0.048073398492398244,19.61,1023.361
1791508301.6147456,69.51003638995262,0.04801756093950967,0.044842631168516355,0.04801756093950967,19.63,1023.35
1791508332.9622,69.51003638995262,0.048073398492398244,0.044940309566398357,0.04837611813589161,19.61,1023.33
1791508364.3107839,69.51003638995262,0.04812458162501471,0.044940309566398357,0.04815240087728155,19.63,1023.313
1791508395.6382868,69.51003638995262,0.04779550184273897,0.04496630312078958,0.04820813598191666,19.6,1023.299
1791508426.979656,69.51003638995262,0.04790627406586497,0.04501838054235266,0.048264000259825565,19.58,1023.293
1791508458.3271368,69.51003638995262,0.047548547871904386,0.04473858202935367,0.048264000259825565,19.6,1023.272
1791508489.6717107,69.51003638995262,0.047989690776583,0.04509672324247758,0.04834803986061425,19.6,1023.264
1791508521.0121443,69.51003638995262,0.048101365995487054,0.045149103368454145,0.04848875812729402,19.6,1023.25
1791508552.3567164,69.51003638995262,0.04763134169255175,0.04481657353724347,0.04801756093950967,19.6,1023.233
1791508583.706254,69.51003638995262,0.04771442434530025,0.04443198897569026,0.048045463492615514,19.6,1023.222
1791508615.04465,69.51003638995262,0.04801756093950967,0.044764549020301775,0.048045463492615514,19.61,1023.223
1791508646.388145,69.51003638995262,0.04768669794201862,0.044868719118714304,0.048045463492615514,19.6,1023.223
1791508677.7315361,69.51003638995262,0.047410581921340934,0.044790546172072204,0.048101365995487054,19.6,1023.211
1791508709.0713277,69.51003638995262,0.04771442434530025,0.04481657353724347,0.048101365995487054,19.61,1023.206
1791508740.4215035,69.51003638995262,0.048045463492615514,0.044842631168516355,0.048045463492615514,19.58,1023.207
1791508771.7621174,69.51003638995262,0.04779779734420767,0.044992326762018586,0.04815739873875933,19.57,1023.216
1791508803.0906107,69.51003638995262,0.047767888782979565,0.04514064259478424,0.04809679449841249,19.58,1023.193
1791508834.4360209,69.51003638995262,0.048369495766073696,0.04475919275194162,0.048369495766073696,19.58,1023.196
1791508865.7774525,69.51003638995262,0.047740307610773726,0.044992326762018586,0.04815240087728155,19.6,1023.203
1791508897.1201136,69.51003638995262,0.04796185294746887,0.044764549020301775,0.04831999416059279,19.57,1023.206
1791508928.4586217,69.51003638995262,0.048045463492615514,0.044790546172072204,0.04843237263949623,19.57,1023.212
1791508959.8139968,69.51003638995262,0.048045463492615514,0.04481657353724347,0.04840422904321241,19.57,1023.212
1791508991.1654522,69.51003638995262,0.048101365995487054,0.044842631168516355,0.04812936605864299,19.56,1023.219
1791509022.5099242,69.51003638995262,0.04801756093950967,0.04448365702141836,0.04843237263949623,19.6,1023.23
1791509053.85651,69.51003638995262,0.04768669794201862,0.04489483744078374,0.048073398492398244,19.58,1023.226
1791509085.1960394,69.51003638995262,0.048101365995487054,0.044920986187794436,0.048101365995487054,19.61,1023.226
1791509116.4874191,69.51003638995262,0.04779779734420767,0.04489483744078374,0.04848875812729402,19.61,1023.219
1791509147.825963,69.51003638995262,0.04746584216399043,0.04456138479324278,0.04818546409286201,19.6,1023.2
1791509179.1774945,69.51003638995262,0.04782314684538341,0.044940309566398357,0.04818025231095765,19.63,1023.194
1791509210.5218582,69.51003638995262,0.04782314684538341,0.0449143460466984,0.04818025231095765,19.6,1023.188
1791509241.868482,69.51003638995262,0.047740307610773726,0.044940309566398357,0.04812458162501471,19.56,1023.194
1791509273.2039273,69.51003638995262,0.04757611381269139,0.04507057873001132,0.04829198097917141,19.58,1023.194
1791509304.5524628,69.51003638995262,0.047989690776583,0.04453544537213271,0.04834803986061425,19.57,1023.186
1791509335.8888304,69.51003638995262,0.04774218300917897,0.04489483744078374,0.04815739873875933,19.56,1023.21
1791509367.2344239,69.51003638995262,0.04812936605864299,0.044920986187794436,0.04846054898179514,19.58,1023.205
1791509398.5770597,69.51003638995262,0.04815739873875933,0.044973375169537685,0.04818546409286201,19.57,1023.214
1791509429.9274063,69.51003638995262,0.04782565312842622,0.044920986187794436,0.04821356217810993,19.57,1023.207
1791509461.26777,69.51003638995262,0.04818546409286201,0.044920986187794436,0.04818546409286201,19.56,1023.212
1791509492.615464,69.51003638995262,0.047769973989991964,0.04502588649098303,0.04818546409286201,19.56,1023.216
1791509523.967832,69.51003638995262,0.04782565312842622,0.044920986187794436,0.04815739873875933,19.54,1023.218
1791509555.3122764,69.51003638995262,0.04782565312842622,0.04505218816308937,0.04818546409286201,19.54,1023.212
1791509586.6503222,69.51003638995262,0.048073398492398244,0.045149103368454145,0.04846054898179514,19.53,1023.218
1791509617.9882562,69.51003638995262,0.04757611381269139,0.044790546172072204,0.048264000259825565,19.56,1023.22
1791509649.3317711,69.51003638995262,0.04801756093950967,0.04438044081622976,0.04801756093950967,19.56,1023.215
1791509680.679253,69.51003638995262,0.04779779734420767,0.044587354448504105,0.04815739873875933,19.53,1023.207
1791509712.0088177,69.51003638995262,0.047853541399379675,0.044920986187794436,0.04818546409286201,19.57,1023.212
1791509743.3331726,69.51003638995262,0.04782565312842622,0.044999615511029795,0.04821356217810993,19.57,1023.215
1791509774.678889,69.51003638995262,0.047909415629082214,0.044947165412939895,0.04826985677134461,19.57,1023.216
1791509806.0242465,69.51003638995262,0.047853541399379675,0.04502588649098303,0.04824169305179542,19.54,1023.221
1791509837.363771,69.51003638995262,0.04788146221393257,0.044973375169537685,0.04824169305179542,19.57,1023.2
1791509868.717247,69.51003638995262,0.047853541399379675,0.04471765809258366,0.04821356217810993,19.54,1023.213
1791509900.055741,69.51003638995262,0.047965420489827215,0.04463938467316694,0.048354545581450574,19.56,1023.21
1791509931.3991861,69.51003638995262,0.047548974486819814,0.044999615511029795,0.04826985677134461,19.57,1023.202
1791509962.7407296,69.51003638995262,0.047853541399379675,0.04469153647073065,0.04821356217810993,19.57,1023.192
1791509994.0833158,69.51003638995262,0.047853541399379675,0.04489483744078374,0.04848875812729402,19.56,1023.198
1791510025.4226382,69.51003638995262,0.0479340473959314,0.04468673832021968,0.0479340473959314,19.58,1023.208
1791510056.7611804,69.51003638995262,0.047850823846372424,0.04488841250966362,0.04820813598191666,19.56,1023.188
1791510088.1137369,69.51003638995262,0.04782314684538341,0.04468673832021968,0.04820813598191666,19.56,1023.181
1791510119.4411922,69.51003638995262,0.04760371173434496,0.045149103368454145,0.047989690776583,19.57,1023.169
1791510150.7717993,69.51003638995262,0.04738300002287089,0.044868719118714304,0.048101365995487054,19.58,1023.155
1791510182.0952232,69.51003638995262,0.04779779734420767,0.044999615511029795,0.04818546409286201,19.57,1023.128
1791510213.430704,69.51003638995262,0.047853541399379675,0.04471765809258366,0.04857358295684018,19.56,1023.089
1791510244.761049,69.51003638995262,0.04799347205008464,0.04507852058116628,0.04799347205008464,19.57,1023.075
1791510276.1069345,69.51003638995262,0.04724369551266198,0.04482245065053794,0.048354545581450574,19.57,1023.055
1791510307.4521503,69.51003638995262,0.04799347205008464,0.04479620649294295,0.048411170076374695,19.58,1023.039
1791510338.795826,69.51003638995262,0.0477161157977845,0.0443827367364253,0.048077823941190326,19.56,1023.022
1791510370.1430771,69.51003638995262,0.04793740170195908,0.04505218816308937,0.048298053394317794,19.61,1023.006
1791510401.4995387,69.51003638995262,0.04757675000960036,0.04507852058116628,0.048298053394317794,19.65,1023.002
1791510432.838145,69.51003638995262,0.047769973989991964,0.044790546172072204,0.04815739873875933,19.64,1023.0
1791510464.1735568,69.51003638995262,0.04796185294746887,0.04507057873001132,0.04829198097917141,19.63,1022.995
1791510495.5271816,69.51003638995262,0.0479340473959314,0.04512289810433302,0.04831999416059279,19.6,1022.986
1791510526.8815806,69.51003638995262,0.04818546409286201,0.04463938467316694,0.04824169305179542,19.63,1022.965
1791510558.2310748,69.51003638995262,0.04821356217810993,0.044613354390807436,0.048517000133310985,19.63,1022.953
1791510589.5598009,69.51003638995262,0.047909415629082214,0.04502588649098303,0.048298053394317794,19.58,1022.954
1791510620.8910046,69.51003638995262,0.04821356217810993,0.044665445348720634,0.04857358295684018,19.6,1022.935
1791510652.2304556,69.51003638995262,0.048354545581450574,0.04513127787113169,0.04871561911281651,19.56,1022.915
1791510683.5680673,69.51003638995262,0.04804967371803152,0.04521064575355529,0.04843953208459614,19.6,1022.906
1791510714.916533,69.51003638995262,0.048077823941190326,0.04484872557678996,0.048467927344443225,19.58,1022.909
1791510746.2670307,69.51003638995262,0.04810600716767789,0.04518415879394377,0.048467927344443225,19.57,1022.912
1791510777.6055884,69.51003638995262,0.047409958537850724,0.04479620649294295,0.048467927344443225,19.56,1022.905
1791510808.9358532,69.51003638995262,0.04810600716767789,0.04510488379915717,0.04849635591442654,19.56,1022.891
1791510840.262583,69.51003638995262,0.04782565312842622,0.04522790210502239,0.04824169305179542,19.56,1022.888
1791510871.602077,69.51003638995262,0.04763134169255175,0.04509672324247758,0.04801756093950967,19.57,1022.877
1791510902.9395957,69.51003638995262,0.0479340473959314,0.04520160531561434,0.04834803986061425,19.56,1022.884
1791510934.2430205,69.51003638995262,0.04779779734420767,0.04505218816308937,0.04818546409286201,19.57,1022.877
1791510965.588436,69.51003638995262,0.047548974486819814,0.04469153647073065,0.04826985677134461,19.56,1022.874
1791510996.9229274,69.51003638995262,0.047632398518718706,0.04502588649098303,0.047965420489827215,19.57,1022.862
1791511028.2724137,69.51003638995262,0.047909415629082214,0.04515770285128612,0.04865870508667651,19.54,1022.864
1791511059.622099,69.51003638995262,0.04802155644026371,0.04510488379915717,0.04804967371803152,19.57,1022.871
1791511090.9713132,69.51003638995262,0.04799347205008464,0.044743810267791236,0.04838284126140521,19.56,1022.85
1791511122.3189585,69.51003638995262,0.04766027161912221,0.04433088477837194,0.04802155644026371,19.57,1022.827
1791511153.662429,69.51003638995262,0.04802155644026371,0.04518415879394377,0.04838284126140521,19.61,1022.839
1791511185.0088027,69.51003638995262,0.04799347205008464,0.04502588649098303,0.04868714546699245,19.57,1022.836
1791511216.3563619,69.51003638995262,0.04802155644026371,0.04507852058116628,0.048354545581450574,19.57,1022.827
1791511247.700864,69.51003638995262,0.047965420489827215,0.04484872557678996,0.04802155644026371,19.58,1022.809
1791511279.0533385,69.51003638995262,0.04793740170195908,0.044665445348720634,0.047965420489827215,19.58,1022.808
1791511310.396718,69.51003638995262,0.04774218300917897,0.04473858202935367,0.04812936605864299,19.57,1022.815
1791511341.7392147,69.51003638995262,0.048045463492615514,0.044868719118714304,0.04840422904321241,19.54,1022.813
1791511373.0697458,69.51003638995262,0.048073398492398244,0.044868719118714304,0.048101365995487054,19.56,1022.801
1791511404.4103413,69.51003638995262,0.047853541399379675,0.04463938467316694,0.04821356217810993,19.57,1022.807
1791511435.7606902,69.51003638995262,0.04788146221393257,0.04502588649098303,0.04824169305179542,19.57,1022.814
1791511467.1091487,69.51003638995262,0.04802155644026371,0.04507852058116628,0.04838284126140521,19.56,1022.802
1791511498.4537728,69.51003638995262,0.04810600716767789,0.04482245065053794,0.04843953208459614,19.56,1022.788
1791511529.8012283,69.51003638995262,0.048077823941190326,0.04482245065053794,0.048467927344443225,19.57,1022.784
1791511561.143695,69.51003638995262,0.04799347205008464,0.044743810267791236,0.048354545581450574,19.57,1022.768
1791511592.4954026,69.51003638995262,0.04804967371803152,0.04482245065053794,0.04843953208459614,19.58,1022.761
1791511623.84971,69.51003638995262,0.04768817735968834,0.04521064575355529,0.048077823941190326,19.61,1022.757
1791511655.1941938,69.51003638995262,0.048134223455567934,0.04518415879394377,0.04849635591442654,19.58,1022.736
1791511686.5246346,69.51003638995262,0.048134223455567934,0.04492773550953907,0.04849635591442654,19.6,1022.729
1791511717.8841813,69.51003638995262,0.04804967371803152,0.044999615511029795,0.04838284126140521,19.6,1022.73
1791511749.2386267,69.51003638995262,0.04788146221393257,0.044920986187794436,0.04826985677134461,19.57,1022.723
1791511780.5831273,69.51003638995262,0.047493520620649425,0.044665445348720634,0.04821356217810993,19.58,1022.721
1791511811.9266446,69.51003638995262,0.04799347205008464,0.04513127787113169,0.048354545581450574,19.61,1022.732
1791511843.2691758,69.51003638995262,0.0481624728630705,0.04484872557678996,0.0481624728630705,19.58,1022.725
1791511874.5975513,69.51003638995262,0.04804967371803152,0.04521064575355529,0.04843953208459614,19.57,1022.733
1791511905.942165,69.51003638995262,0.047744086990912565,0.04490136795195817,0.048467927344443225,19.56,1022.725
1791511937.2735226,69.51003638995262,0.04766027161912221,0.04518415879394377,0.04804967371803152,19.57,1022.707
1791511968.6271613,69.51003638995262,0.047632398518718706,0.04510488379915717,0.04804967371803152,19.56,1022.697
1791511999.969483,69.51003638995262,0.047354407654378684,0.04521064575355529,0.04843953208459614,19.56,1022.691
1791512031.312932,69.51003638995262,0.04804967371803152,0.04482245065053794,0.048411170076374695,19.56,1022.692
1791512062.6615052,69.51003638995262,0.04804967371803152,0.04518415879394377,0.04843953208459614,19.6,1022.69
1791512094.0209649,69.51003638995262,0.04810600716767789,0.0452371637846991,0.04849635591442654,19.58,1022.687
1791512125.3484912,69.51003638995262,0.04780012787294691,0.04518415879394377,0.048134223455567934,19.6,1022.696
1791512156.6878982,69.51003638995262,0.04802155644026371,0.044920986187794436,0.04868714546699245,19.6,1022.679
1791512188.0305107,69.51003638995262,0.04812936605864299,0.04528058758234609,0.048517000133310985,19.58,1022.682
1791512219.371851,69.51003638995262,0.047853541399379675,0.04463938467316694,0.0485452750572978,19.58,1022.677
1791512250.720373,69.51003638995262,0.04793740170195908,0.04507852058116628,0.048354545581450574,19.58,1022.673
1791512282.0679002,69.51003638995262,0.04802155644026371,0.04490136795195817,0.04843953208459614,19.56,1022.671
1791512313.4094021,69.51003638995262,0.04777209099670933,0.04515770285128612,0.0481624728630705,19.56,1022.661
1791512344.7558558,69.51003638995262,0.047744086990912565,0.04521064575355529,0.048134223455567934,19.6,1022.665
1791512376.1029167,69.51003638995262,0.0481624728630705,0.045263712942081764,0.04849635591442654,19.6,1022.67
1791512407.4528048,69.51003638995262,0.04777209099670933,0.04484872557678996,0.04849635591442654,19.61,1022.673
1791512438.786299,69.51003638995262,0.04777209099670933,0.04521064575355529,0.0485248178531941,19.6,1022.669
1791512470.1299255,69.51003638995262,0.048134223455567934,0.04492773550953907,0.04849635591442654,19.57,1022.658
1791512501.4783013,69.51003638995262,0.048134223455567934,0.04495413405310711,0.0485248178531941,19.56,1022.647
1791512532.8217826,69.51003638995262,0.04788443630406345,0.04492773550953907,0.04827580285820077,19.57,1022.655
1791512564.1603267,69.51003638995262,0.047828197677533095,0.04507852058116628,0.0481624728630705,19.57,1022.652
1791512595.5078697,69.51003638995262,0.04771442434530025,0.04517533908784036,0.04843237263949623,19.57,1022.631
1791512626.8473327,69.51003638995262,0.04774218300917897,0.045333395948267935,0.04812936605864299,19.56,1022.622
1791512658.1976745,69.51003638995262,0.047909415629082214,0.04518415879394377,0.04860192388965827,19.56,1022.623
1791512689.5373235,69.51003638995262,0.048077823941190326,0.04513127787113169,0.04877266643471787,19.56,1022.605
1791512720.8307292,69.51003638995262,0.048077823941190326,0.04482245065053794,0.048467927344443225,19.57,1022.607
1791512752.1765437,69.51003638995262,0.04810600716767789,0.045290293280538324,0.04849635591442654,19.6,1022.613
1791512783.5277433,69.51003638995262,0.04819075544853235,0.04518415879394377,0.04855331321953161,19.58,1022.633
1791512814.8851528,69.51003638995262,0.04843953208459614,0.04518415879394377,0.048467927344443225,19.6,1022.617
1791512846.2236824,69.51003638995262,0.048077823941190326,0.044875031325840496,0.048467927344443225,19.58,1022.605
1791512877.5643654,69.51003638995262,0.047744086990912565,0.04518415879394377,0.048467927344443225,19.61,1022.605
1791512908.9187639,69.51003638995262,0.04810600716767789,0.04521064575355529,0.0485248178531941,19.6,1022.619
1791512940.2671273,69.51003638995262,0.04732668100134517,0.04484872557678996,0.048411170076374695,19.6,1022.614
1791512971.6087012,69.51003638995262,0.04780012787294691,0.04464382670124643,0.04819075544853235,19.63,1022.608
1791513002.9511647,69.51003638995262,0.04777209099670933,0.04510488379915717,0.04810600716767789,19.64,1022.628
1791513034.3006995,69.51003638995262,0.047965420489827215,0.04502588649098303,0.04832628297840984,19.61,1022.619
1791513065.6361682,69.51003638995262,0.04782565312842622,0.044999615511029795,0.04824169305179542,19.61,1022.592
1791513096.981493,69.51003638995262,0.047965420489827215,0.044743810267791236,0.04832628297840984,19.6,1022.61
1791513128.3272169,69.51003638995262,0.048077823941190326,0.04521064575355529,0.048411170076374695,19.6,1022.601
1791513159.6796196,69.51003638995262,0.04780012787294691,0.04518415879394377,0.04819075544853235,19.58,1022.575
1791513191.0191076,69.51003638995262,0.047828197677533095,0.04508659347808896,0.04819075544853235,19.58,1022.555
1791513222.3505676,69.51003638995262,0.0475494076268099,0.04500702431694186,0.0486104044707507,19.57,1022.554
1791513253.6960278,69.51003638995262,0.04821907127043739,0.04498056363731446,0.04821907127043739,19.6,1022.528
1791513285.0356324,69.51003638995262,0.04788443630406345,0.04500702431694186,0.04824742038740707,19.58,1022.523
1791513316.373025,69.51003638995262,0.04824742038740707,0.04508659347808896,0.04824742038740707,19.6,1022.527
1791513347.7195325,69.51003638995262,0.04791260524250533,0.04503351614689906,0.04827580285820077,19.61,1022.518
1791513379.065029,69.51003638995262,0.047577395942867945,0.04500702431694186,0.048304218741716205,19.57,1022.521
1791513410.3924985,69.51003638995262,0.04802155644026371,0.04515770285128612,0.04838284126140521,19.56,1022.513
1791513441.7250288,69.51003638995262,0.04826985677134461,0.044920986187794436,0.04857358295684018,19.54,1022.507
1791513473.0564604,69.51003638995262,0.04779779734420767,0.044973375169537685,0.04818546409286201,19.57,1022.489
1791513504.3990343,69.51003638995262,0.04788146221393257,0.044743810267791236,0.04824169305179542,19.58,1022.471
1791513535.7325258,69.51003638995262,0.04802155644026371,0.04456517773853981,0.04843953208459614,19.57,1022.464
1791513567.0879526,69.51003638995262,0.048077823941190326,0.04484872557678996,0.048134223455567934,19.56,1022.455
1791513598.436553,69.51003638995262,0.04804967371803152,0.04495413405310711,0.048411170076374695,19.6,1022.458
1791513629.779885,69.51003638995262,0.04791260524250533,0.04498056363731446,0.04833266809698987,19.57,1022.454
1791513661.1243896,69.51003638995262,0.04788443630406345,0.04503351614689906,0.04827580285820077,19.51,1022.47
1791513692.4688723,69.51003638995262,0.04788443630406345,0.04498056363731446,0.04827580285820077,19.51,1022.49
1791513723.814497,69.51003638995262,0.0478563004685118,0.04490136795195817,0.04824742038740707,19.51,1022.506
1791513755.153888,69.51003638995262,0.04780012787294691,0.04492773550953907,0.04780012787294691,19.51,1022.51
1791513786.4983828,69.51003638995262,0.04788443630406345,0.04500702431694186,0.04827580285820077,19.51,1022.526
1791513817.8470104,69.51003638995262,0.04718621001111446,0.04456517773853981,0.047969042662016015,19.56,1022.522
1791513849.1954005,69.51003638995262,0.04766027161912221,0.044665445348720634,0.04838284126140521,19.54,1022.515
1791513880.5379186,69.51003638995262,0.047909415629082214,0.044973375169537685,0.04860192388965827,19.54,1022.51
1791513911.8843346,69.51003638995262,0.04793740170195908,0.044973375169537685,0.048298053394317794,19.56,1022.505
1791513943.223952,69.51003638995262,0.04793740170195908,0.04513127787113169,0.04832628297840984,19.56,1022.498
1791513974.5734222,69.51003638995262,0.047632398518718706,0.04510488379915717,0.04832628297840984,19.54,1022.487
1791514005.9581616,69.51003638995262,0.04768817735968834,0.04492773550953907,0.0481624728630705,19.54,1022.473
1791514037.3083065,69.51003638995262,0.0478563004685118,0.045290293280538324,0.04821907127043739,19.56,1022.496
1791514068.650344,69.51003638995262,0.04788443630406345,0.04492773550953907,0.04827580285820077,19.57,1022.5
1791514099.9793072,69.51003638995262,0.04788443630406345,0.04498056363731446,0.04827580285820077,19.58,1022.498
1791514131.3208199,69.51003638995262,0.04788443630406345,0.04498056363731446,0.04824742038740707,19.56,1022.487
1791514162.6673992,69.51003638995262,0.04791260524250533,0.04495413405310711,0.048304218741716205,19.56,1022.478
1791514194.011801,69.51003638995262,0.0475494076268099,0.04500702431694186,0.04794080734229208,19.56,1022.494
1791514225.359309,69.51003638995262,0.04791260524250533,0.04506003918222515,0.048304218741716205,19.57,1022.506
1791514256.6878924,69.51003638995262,0.047969042662016015,0.04508659347808896,0.04836115098319741,19.54,1022.493
1791514288.0154514,69.51003638995262,0.04819075544853235,0.04498056363731446,0.04821907127043739,19.57,1022.495
1791514319.3588037,69.51003638995262,0.047744086990912565,0.04476999304999019,0.048134223455567934,19.57,1022.49
1791514350.7053359,69.51003638995262,0.04766027161912221,0.04513127787113169,0.048354545581450574,19.57,1022.493
1791514382.0477588,69.51003638995262,0.04810600716767789,0.04490136795195817,0.04810600716767789,19.57,1022.486
1791514413.3922117,69.51003638995262,0.04780012787294691,0.045290293280538324,0.0481624728630705,19.58,1022.481
1791514444.7409334,69.51003638995262,0.0478563004685118,0.04498056363731446,0.04824742038740707,19.56,1022.472
1791514476.0863547,69.51003638995262,0.04788443630406345,0.04498056363731446,0.04824742038740707,19.56,1022.467
1791514507.362955,69.51003638995262,0.04791260524250533,0.04500702431694186,0.04824742038740707,19.57,1022.454
1791514538.6961968,69.51003638995262,0.04788443630406345,0.044591363251181515,0.04827580285820077,19.56,1022.441
1791514570.0337498,69.51003638995262,0.047828197677533095,0.04490136795195817,0.048581842072362984,19.57,1022.437
1791514601.3772433,69.51003638995262,0.04788443630406345,0.04506003918222515,0.04836115098319741,19.57,1022.435
1791514632.7236745,69.51003638995262,0.047997311260407585,0.045139796072756054,0.04838966745965404,19.57,1022.439
1791514664.0683005,69.51003638995262,0.04805394852880843,0.04477552701574951,0.048446801421275804,19.56,1022.428
1791514695.4147651,69.51003638995262,0.04805394852880843,0.04474912482647114,0.04838966745965404,19.57,1022.438
1791514726.7601209,69.51003638995262,0.04805394852880843,0.04495413405310711,0.04838966745965404,19.61,1022.415
1791514758.1032333,69.51003638995262,0.04810600716767789,0.04521064575355529,0.048467927344443225,19.6,1022.404
1791514789.4442284,69.51003638995262,0.0477161157977845,0.04490136795195817,0.048077823941190326,19.57,1022.389
1791514820.792623,69.51003638995262,0.04821907127043739,0.04484872557678996,0.04821907127043739,19.56,1022.388
1791514852.1312296,69.51003638995262,0.047465639906533845,0.04490136795195817,0.04819075544853235,19.53,1022.371
1791514883.4787526,69.51003638995262,0.047493529666586216,0.04464382670124643,0.04821907127043739,19.57,1022.36
1791514914.8182058,69.51003638995262,0.04788443630406345,0.04503351614689906,0.04788443630406345,19.58,1022.347
1791514946.152622,69.51003638995262,0.047969042662016015,0.044696413747251286,0.048304218741716205,19.57,1022.352
1791514977.491289,69.51003638995262,0.0475494076268099,0.04467010474747493,0.048304218741716205,19.56,1022.346
1791515008.8335555,69.51003638995262,0.047969042662016015,0.044801960378246214,0.04836115098319741,19.58,1022.34
1791515040.173082,69.51003638995262,0.04771783321266988,0.04482842496920346,0.04811071962011599,19.58,1022.323
1791515071.52062,69.51003638995262,0.04805394852880843,0.045139796072756054,0.04847541902577294,19.58,1022.311
1791515102.8720915,69.51003638995262,0.04771783321266988,0.04477552701574951,0.048446801421275804,19.57,1022.289
1791515134.2294881,69.51003638995262,0.04740932557462704,0.04521983580551307,0.04811071962011599,19.58,1022.286
1791515165.5591824,69.51003638995262,0.04774602021445904,0.04495413405310711,0.04813915549766504,19.58,1022.284
1791515196.8785372,69.51003638995262,0.0478563004685118,0.04490136795195817,0.04821907127043739,19.57,1022.269
1791515228.2259436,69.51003638995262,0.04804967371803152,0.04510488379915717,0.04838284126140521,19.54,1022.256
1791515259.5726979,69.51003638995262,0.04802155644026371,0.04515770285128612,0.04838284126140521,19.57,1022.25
1791515290.9200509,69.51003638995262,0.048077823941190326,0.04490136795195817,0.04843953208459614,19.57,1022.25
1791515322.2605753,69.51003638995262,0.04791260524250533,0.04500702431694186,0.04827580285820077,19.58,1022.232
1791515353.5941293,69.51003638995262,0.04791260524250533,0.04500702431694186,0.04866763014114033,19.54,1022.235
1791515384.9325128,69.51003638995262,0.04760541722704215,0.04508659347808896,0.04838966745965404,19.54,1022.216
1791515416.2770555,69.51003638995262,0.04763347153761775,0.04508659347808896,0.04802561319633575,19.54,1022.222
1791515447.621454,69.51003638995262,0.04768967947180188,0.04503351614689906,0.04805394852880843,19.56,1022.205
1791515478.9669552,69.51003638995262,0.0475494076268099,0.04508659347808896,0.04827580285820077,19.57,1022.218
1791515510.3125768,69.51003638995262,0.04811071962011599,0.044881448058121866,0.04813915549766504,19.57,1022.21
1791515541.6578918,69.51003638995262,0.04808231731697284,0.044854920843994076,0.04808231731697284,19.56,1022.207
1791515572.9933393,69.51003638995262,0.04780249423684708,0.044881448058121866,0.04816762500918773,19.56,1022.192
1791515604.2989657,69.51003638995262,0.04808231731697284,0.04482842496920346,0.048446801421275804,19.57,1022.16
1791515635.6364195,69.51003638995262,0.04740932557462704,0.044722753755299126,0.048504070459184034,19.58,1022.166
1791515666.9818683,69.51003638995262,0.04821907127043739,0.04500702431694186,0.048581842072362984,19.61,1022.144
1791515698.326333,69.51003638995262,0.0481624728630705,0.04521064575355529,0.0485248178531941,19.57,1022.144
1791515729.6707861,69.51003638995262,0.0481624728630705,0.04495413405310711,0.04821907127043739,19.58,1022.109
1791515761.0214646,69.51003638995262,0.04791260524250533,0.04500702431694186,0.048304218741716205,19.58,1022.099
1791515792.380819,69.51003638995262,0.047997311260407585,0.045113179089789436,0.04836115098319741,19.58,1022.101
1791515823.7082725,69.51003638995262,0.04813915549766504,0.044908006667222,0.04816762500918773,19.6,1022.09
1791515855.064903,69.51003638995262,0.04808231731697284,0.045139796072756054,0.048446801421275804,19.58,1022.087
1791515886.4062319,69.51003638995262,0.04805394852880843,0.04477552701574951,0.04841821758581497,19.61,1022.074
1791515917.7528574,69.51003638995262,0.04805394852880843,0.04519312437486041,0.04847541902577294,19.6,1022.064
1791515949.0944128,69.51003638995262,0.04819612821439279,0.04530015988773578,0.048561475052967325,19.58,1022.068
1791515980.4357512,69.51003638995262,0.04777424053614604,0.045166444482549174,0.048504070459184034,19.61,1022.065
1791516011.7713068,69.51003638995262,0.04766155893301746,0.044801960378246214,0.04838966745965404,19.6,1022.045
1791516043.1147468,69.51003638995262,0.04783078137581826,0.045139796072756054,0.047915844017021605,19.58,1022.033
1791516074.4593172,69.51003638995262,0.047969042662016015,0.04503351614689906,0.04833266809698987,19.58,1022.038
1791516105.7987525,69.51003638995262,0.047969042662016015,0.04474912482647114,0.04833266809698987,19.6,1022.012
1791516137.140194,69.51003638995262,0.04774602021445904,0.045166444482549174,0.048504070459184034,19.58,1022.005
1791516168.490599,69.51003638995262,0.04777424053614604,0.04519312437486041,0.04813915549766504,19.6,1021.998
1791516199.8391216,69.51003638995262,0.04785910201245607,0.044908006667222,0.048561475052967325,19.61,1022.01
1791516231.1846862,69.51003638995262,0.04783078137581826,0.044908006667222,0.048561475052967325,19.6,1021.992
1791516262.5240946,69.51003638995262,0.04788745620629772,0.04521983580551307,0.04825323594539252,19.6,1021.996
1791516293.8666148,69.51003638995262,0.04777424053614604,0.04527335350579654,0.04853275578152838,19.57,1021.983
1791516325.1530716,69.51003638995262,0.04777424053614604,0.045014556170669844,0.0482246651731304,19.57,1021.98
1791516356.5065856,69.51003638995262,0.047915844017021605,0.04462187484839545,0.0482818405913134,19.58,1021.968
1791516387.8461156,69.51003638995262,0.04825323594539252,0.04519312437486041,0.04825323594539252,19.58,1021.957
1791516419.1915655,69.51003638995262,0.04811071962011599,0.04535386799697904,0.04847541902577294,19.56,1021.947
1791516450.522128,69.51003638995262,0.04825323594539252,0.044987871422687245,0.04861901568448732,19.58,1021.909
1791516481.8676057,69.51003638995262,0.04785910201245607,0.04493459672706145,0.04825323594539252,19.57,1021.901
1791516513.2130134,69.51003638995262,0.04794080734229208,0.04498056363731446,0.048304218741716205,19.58,1021.888
1791516544.551795,69.51003638995262,0.04780012787294691,0.04498056363731446,0.04821907127043739,19.57,1021.881
1791516575.8949635,69.51003638995262,0.04788443630406345,0.045316904855032696,0.04827580285820077,19.56,1021.828
1791516607.2405581,69.51003638995262,0.0475494076268099,0.04506003918222515,0.048304218741716205,19.6,1021.815
1791516638.5880482,69.51003638995262,0.04805394852880843,0.045166444482549174,0.04841821758581497,19.57,1021.791
1791516669.9283962,69.51003638995262,0.04805394852880843,0.04446372556354651,0.04841821758581497,19.6,1021.791
1791516701.2749765,69.51003638995262,0.04819612821439279,0.044908006667222,0.04819612821439279,19.57,1021.777
1791516732.6216311,69.51003638995262,0.04785910201245607,0.04493459672706145,0.0482246651731304,19.58,1021.772
1791516763.973954,69.51003638995262,0.04788745620629772,0.045014556170669844,0.04825323594539252,19.6,1021.751
1791516795.3184984,69.51003638995262,0.047944265504447726,0.044961218293539315,0.04831047917116996,19.58,1021.749
1791516826.6505384,69.51003638995262,0.04825323594539252,0.044908006667222,0.04861901568448732,19.61,1021.744
1791516857.999473,69.51003638995262,0.047493538851781744,0.044987871422687245,0.04825323594539252,19.6,1021.745
1791516889.351799,69.51003638995262,0.04788745620629772,0.04532699803263412,0.0482246651731304,19.57,1021.736
1791516920.6923647,69.51003638995262,0.047915844017021605,0.04521983580551307,0.048367858374513684,19.56,1021.721
1791516952.0368402,69.51003638995262,0.04791260524250533,0.04500702431694186,0.04824742038740707,19.58,1021.728
1791516983.383324,69.51003638995262,0.0481624728630705,0.045263712942081764,0.0481624728630705,19.57,1021.743
1791517014.7257829,69.51003638995262,0.0481624728630705,0.04498056363731446,0.04855331321953161,19.56,1021.748
1791517046.067397,69.51003638995262,0.047969042662016015,0.044696413747251286,0.04833266809698987,19.56,1021.734
1791517077.414784,69.51003638995262,0.0475494076268099,0.044306693348050805,0.04827580285820077,19.53,1021.745
1791517108.7523959,69.51003638995262,0.04802561319633575,0.045113179089789436,0.04838966745965404,19.53,1021.76
1791517140.1046085,69.51003638995262,0.04780249423684708,0.045246578830462514,0.048504070459184034,19.51,1021.726
1791517171.4443128,69.51003638995262,0.04819612821439279,0.044881448058121866,0.04819612821439279,19.53,1021.732
1791517202.7828963,69.51003638995262,0.04785910201245607,0.044961218293539315,0.04861901568448732,19.53,1021.72
1791517234.1284153,69.51003638995262,0.04797272072853808,0.045068020748464506,0.048367858374513684,19.54,1021.711
1791517265.4748478,69.51003638995262,0.0482818405913134,0.044908006667222,0.04861901568448732,19.56,1021.698
1791517296.8222992,69.51003638995262,0.04785910201245607,0.044987871422687245,0.04825323594539252,19.57,1021.708
1791517328.1497471,69.51003638995262,0.04800120974939711,0.045094800691274035,0.048367858374513684,19.57,1021.7
1791517359.4953337,69.51003638995262,0.04766286613527236,0.045166444482549174,0.04833915174538221,19.56,1021.679
1791517390.8377774,69.51003638995262,0.04760541722704215,0.04495413405310711,0.04833266809698987,19.53,1021.682
1791517422.1864128,69.51003638995262,0.048134223455567934,0.04492773550953907,0.0485248178531941,19.53,1021.67
1791517453.5287032,69.51003638995262,0.04788443630406345,0.04500702431694186,0.04821907127043739,19.51,1021.673
1791517484.872119,69.51003638995262,0.047997311260407585,0.04508659347808896,0.04836115098319741,19.54,1021.654
1791517516.2026014,69.51003638995262,0.04811071962011599,0.04527335350579654,0.048504070459184034,19.53,1021.667
1791517547.5452602,69.51003638995262,0.0482246651731304,0.044987871422687245,0.048590228333804726,19.54,1021.703
1791517578.8767776,69.51003638995262,0.04785910201245607,0.044987871422687245,0.04825323594539252,19.56,1021.69
1791517610.2222617,69.51003638995262,0.04788745620629772,0.04532699803263412,0.0482818405913134,19.58,1021.685
1791517641.5668476,69.51003638995262,0.047915844017021605,0.04504127259378505,0.048647837165605196,19.56,1021.701
1791517672.9100275,69.51003638995262,0.04766286613527236,0.044361067707274514,0.0480582894225537,19.58,1021.693
1791517704.2475555,69.51003638995262,0.047944265504447726,0.04467484157694092,0.04831047917116996,19.61,1021.676
1791517735.6042724,69.51003638995262,0.04825323594539252,0.044987871422687245,0.04861901568448732,19.6,1021.671
1791517766.9436047,69.51003638995262,0.04811071962011599,0.045139796072756054,0.04847541902577294,19.6,1021.696
1791517798.2911108,69.51003638995262,0.04802561319633575,0.045139796072756054,0.04838966745965404,19.58,1021.664
1791517829.6237068,69.51003638995262,0.04811071962011599,0.044908006667222,0.04847541902577294,19.54,1021.642
1791517860.975929,69.51003638995262,0.04819612821439279,0.04530015988773578,0.048561475052967325,19.56,1021.635
1791517892.325556,69.51003638995262,0.04785910201245607,0.045068020748464506,0.04831047917116996,19.56,1021.624
1791517923.6651092,69.51003638995262,0.04754984744272981,0.045014556170669844,0.0482818405913134,19.57,1021.62
1791517955.0095444,69.51003638995262,0.04825323594539252,0.04530015988773578,0.04861901568448732,19.54,1021.603
1791517986.3409803,69.51003638995262,0.0482818405913134,0.04532699803263412,0.0482818405913134,19.56,1021.582
1791518017.680621,69.51003638995262,0.04797272072853808,0.045014556170669844,0.048676692837892194,19.57,1021.555
1791518049.0289223,69.51003638995262,0.04831047917116996,0.045094800691274035,0.04873450699963026,19.56,1021.537
1791518080.3674808,69.51003638995262,0.04800120974939711,0.04504127259378505,0.04839659911927188,19.54,1021.503
1791518111.6638422,69.51003638995262,0.04788745620629772,0.045014556170669844,0.0482818405913134,19.54,1021.447
1791518143.0135531,69.51003638995262,0.04800120974939711,0.045014556170669844,0.04833915174538221,19.54,1021.442
1791518174.3628771,69.51003638995262,0.04808688019577612,0.045094800691274035,0.048425374040508666,19.53,1021.444
1791518205.7043629,69.51003638995262,0.047944265504447726,0.044908006667222,0.04831047917116996,19.54,1021.418
1791518237.0418084,69.51003638995262,0.047969042662016015,0.04498056363731446,0.04833266809698987,19.54,1021.436
1791518268.3802907,69.51003638995262,0.04827580285820077,0.04503351614689906,0.04866763014114033,19.54,1021.437
1791518299.710893,69.51003638995262,0.047997311260407585,0.04519312437486041,0.04838966745965404,19.53,1021.438
1791518331.0604494,69.51003638995262,0.04819612821439279,0.044987871422687245,0.0482246651731304,19.53,1021.436
1791518362.4038196,69.51003638995262,0.047944265504447726,0.044987871422687245,0.04831047917116996,19.54,1021.49
1791518393.749226,69.51003638995262,0.04833915174538221,0.04540770361062918,0.048367858374513684,19.53,1021.516
1791518425.0878754,69.51003638995262,0.047944265504447726,0.045014556170669844,0.048676692837892194,19.54,1021.54
1791518456.437236,69.51003638995262,0.04797272072853808,0.04535386799697904,0.04833915174538221,19.54,1021.555
1791518487.7768118,69.51003638995262,0.047915844017021605,0.045014556170669844,0.0482818405913134,19.53,1021.558
1791518519.1213696,69.51003638995262,0.04797272072853808,0.045068020748464506,0.04800120974939711,19.58,1021.578
1791518550.468672,69.51003638995262,0.047944265504447726,0.04493459672706145,0.04831047917116996,19.58,1021.592
1791518581.796212,69.51003638995262,0.0482246651731304,0.04530015988773578,0.048561475052967325,19.58,1021.594
1791518613.135678,69.51003638995262,0.0482246651731304,0.04530015988773578,0.048590228333804726,19.58,1021.599
1791518644.4672859,69.51003638995262,0.04819612821439279,0.045014556170669844,0.048561475052967325,19.57,1021.606
1791518675.7967415,69.51003638995262,0.04785910201245607,0.04482842496920346,0.048590228333804726,19.58,1021.61
1791518707.1402233,69.51003638995262,0.04763347153761775,0.045113179089789436,0.04838966745965404,19.57,1021.597
1791518738.481638,69.51003638995262,0.04763347153761775,0.045113179089789436,0.04836115098319741,19.6,1021.6
1791518769.8291633,69.51003638995262,0.047997311260407585,0.045139796072756054,0.04836115098319741,19.6,1021.61
1791518801.1726017,69.51003638995262,0.04777424053614604,0.044881448058121866,0.04853275578152838,19.58,1021.628
1791518832.5180988,69.51003638995262,0.04816762500918773,0.04532699803263412,0.04853275578152838,19.6,1021.592
1791518863.845699,69.51003638995262,0.04800120974939711,0.045175331816161256,0.04839659911927188,19.58,1021.605
1791518895.1760674,69.51003638995262,0.04808688019577612,0.04522917921651483,0.048483026656549924,19.58,1021.588
1791518926.5176265,69.51003638995262,0.04777642336401982,0.045175331816161256,0.048511904473783896,19.57,1021.556
1791518957.8061473,69.51003638995262,0.04800120974939711,0.04470137212334793,0.04870558276222634,19.58,1021.539
1791518989.1547418,69.51003638995262,0.04763456112428053,0.04504127259378505,0.048367858374513684,19.6,1021.533
1791519020.5010881,69.51003638995262,0.047915844017021605,0.04514845616821949,0.048676692837892194,19.58,1021.5
1791519051.8505292,69.51003638995262,0.04811550500761785,0.045094800691274035,0.048483026656549924,19.57,1021.499
1791519083.1791227,69.51003638995262,0.04845418319922071,0.04512161247891395,0.04845418319922071,19.57,1021.474
1791519114.5325403,69.51003638995262,0.04811550500761785,0.045094800691274035,0.048483026656549924,19.58,1021.45
1791519145.8690033,69.51003638995262,0.04825323594539252,0.04527335350579654,0.048590228333804726,19.58,1021.443
1791519177.2265708,69.51003638995262,0.04805394852880843,0.045139796072756054,0.048446801421275804,19.58,1021.419
1791519208.561975,69.51003638995262,0.04805394852880843,0.044854920843994076,0.048446801421275804,19.54,1021.384
1791519239.9094114,69.51003638995262,0.04785910201245607,0.044987871422687245,0.048590228333804726,19.56,1021.372
1791519271.2581089,69.51003638995262,0.04763456112428053,0.045094800691274035,0.04839659911927188,19.56,1021.353
1791519302.5837312,69.51003638995262,0.048367858374513684,0.04543466937358109,0.048367858374513684,19.57,1021.351
1791519333.928051,69.51003638995262,0.04811550500761785,0.04520223947984556,0.048511904473783896,19.54,1021.318
1791519365.2724998,69.51003638995262,0.04808688019577612,0.04520223947984556,0.048483026656549924,19.58,1021.317
1791519396.6120305,69.51003638995262,0.04811550500761785,0.044914756298292044,0.048511904473783896,19.57,1021.292
1791519427.9573174,69.51003638995262,0.04823034585981517,0.04486121949475467,0.04823034585981517,19.58,1021.272
1791519459.2929614,69.51003638995262,0.04786194701964593,0.044968421034771305,0.04859874469998441,19.58,1021.263
1791519490.633469,69.51003638995262,0.04834573622196471,0.044968421034771305,0.0483746701359059,19.57,1021.26
1791519521.957906,69.51003638995262,0.04791913309802818,0.044968421034771305,0.0486568111138424,19.56,1021.243
1791519553.3092558,69.51003638995262,0.048287972105935294,0.044987871422687245,0.048287972105935294,19.56,1021.258
1791519584.6597366,69.51003638995262,0.0482246651731304,0.045246578830462514,0.0482246651731304,19.57,1021.276
1791519616.0043418,69.51003638995262,0.04774602021445904,0.045166444482549174,0.048446801421275804,19.57,1021.293
1791519647.3508518,69.51003638995262,0.04777424053614604,0.045246578830462514,0.04816762500918773,19.57,1021.27
1791519678.6932619,69.51003638995262,0.04783078137581826,0.045068020748464506,0.04825323594539252,19.58,1021.262
1791519710.0427756,69.51003638995262,0.04797272072853808,0.04478115316477491,0.048367858374513684,19.6,1021.271
1791519741.4153414,69.51003638995262,0.04808688019577612,0.045175331816161256,0.048483026656549924,19.58,1021.258
1791519772.7627342,69.51003638995262,0.04817285699059615,0.04486121949475467,0.04856976343384742,19.58,1021.243
1791519804.0844228,69.51003638995262,0.04820158428381416,0.044914756298292044,0.04854081671235631,19.6,1021.248
1791519835.4287221,69.51003638995262,0.04820158428381416,0.045310191438907695,0.04823034585981517,19.6,1021.217
1791519866.7772527,69.51003638995262,0.04780489726883598,0.04528315513846128,0.04854081671235631,19.6,1021.21
1791519898.1206508,69.51003638995262,0.04834573622196471,0.04499530152125226,0.04871501645070425,19.61,1021.222
1791519929.4222126,69.51003638995262,0.04823034585981517,0.04522917921651483,0.04856976343384742,19.63,1021.219
1791519960.7696478,69.51003638995262,0.04817285699059615,0.04512161247891395,0.04854081671235631,19.58,1021.222
1791519992.1250274,69.51003638995262,0.04808688019577612,0.04514845616821949,0.04845418319922071,19.6,1021.22
1791520023.4695432,69.51003638995262,0.0478334051337809,0.04512161247891395,0.04854081671235631,19.6,1021.221
1791520054.8102357,69.51003638995262,0.04831047917116996,0.044908006667222,0.04833915174538221,19.56,1021.218
1791520086.1595426,69.51003638995262,0.04813915549766504,0.04530015988773578,0.04853275578152838,19.57,1021.212
1791520117.5061774,69.51003638995262,0.047944265504447726,0.045068020748464506,0.04833915174538221,19.57,1021.226
1791520148.8525941,69.51003638995262,0.0480582894225537,0.04522917921651483,0.04845418319922071,19.56,1021.249
1791520180.1799972,69.51003638995262,0.04808688019577612,0.045175331816161256,0.048792458658463635,19.57,1021.248
1791520211.5245702,69.51003638995262,0.04800120974939711,0.045068020748464506,0.04839659911927188,19.57,1021.215
1791520242.8710701,69.51003638995262,0.0480582894225537,0.045175331816161256,0.048425374040508666,19.56,1021.199
1791520274.2194793,69.51003638995262,0.04740868280913779,0.04475452786095898,0.04814416391890186,19.58,1021.21
1791520305.568042,69.51003638995262,0.04802973262727212,0.04514845616821949,0.048425374040508666,19.54,1021.207
1791520336.9134839,69.51003638995262,0.04814416391890186,0.045094800691274035,0.048511904473783896,19.56,1021.193
1791520368.2558975,69.51003638995262,0.04808688019577612,0.045175331816161256,0.048483026656549924,19.54,1021.185
1791520399.603566,69.51003638995262,0.04814416391890186,0.04514845616821949,0.04817285699059615,19.54,1021.165
1791520430.944944,69.51003638995262,0.04814416391890186,0.04522917921651483,0.048511904473783896,19.54,1021.162
1791520462.2825255,69.51003638995262,0.04811550500761785,0.045014556170669844,0.048483026656549924,19.57,1021.16
1791520493.6350608,69.51003638995262,0.047915844017021605,0.044881448058121866,0.04861901568448732,19.56,1021.193
1791520524.9644465,69.51003638995262,0.04816762500918773,0.04521983580551307,0.04853275578152838,19.56,1021.164
1791520556.3049672,69.51003638995262,0.04816762500918773,0.04530015988773578,0.04819612821439279,19.56,1021.169
1791520587.6519244,69.51003638995262,0.04797272072853808,0.044727934199274275,0.04839659911927188,19.58,1021.152
1791520618.9967506,69.51003638995262,0.04802973262727212,0.045175331816161256,0.04839659911927188,19.58,1021.141
1791520650.338283,69.51003638995262,0.04780489726883598,0.0444932597729945,0.04817285699059615,19.58,1021.096
1791520681.6818776,69.51003638995262,0.04820158428381416,0.04525615108354809,0.048627760572641905,19.6,1021.072
1791520713.020304,69.51003638995262,0.04791913309802818,0.0444932597729945,0.0486568111138424,19.58,1021.054
1791520744.367717,69.51003638995262,0.04820158428381416,0.044834498924963516,0.04825914178000477,19.56,1021.034
1791520775.711518,69.51003638995262,0.04825914178000477,0.045310191438907695,0.0486568111138424,19.53,1021.024
1791520807.0577486,69.51003638995262,0.04825914178000477,0.044914756298292044,0.04825914178000477,19.56,1020.991
1791520838.4052563,69.51003638995262,0.048316836899306236,0.04499530152125226,0.048685896385756676,19.54,1020.98
1791520869.7357183,69.51003638995262,0.04811550500761785,0.04514845616821949,0.048850548305481994,19.53,1020.974
1791520901.070184,69.51003638995262,0.04802973262727212,0.045068020748464506,0.04839659911927188,19.51,1020.927
1791520932.397635,69.51003638995262,0.04831047917116996,0.045461667183273796,0.048676692837892194,19.54,1020.913
1791520963.740185,69.51003638995262,0.04811550500761785,0.04522917921651483,0.04887964502866594,19.53,1020.898
1791520995.0858684,69.51003638995262,0.0474935481794767,0.04525615108354809,0.04823034585981517,19.57,1020.887
1791521026.434288,69.51003638995262,0.04823034585981517,0.04520223947984556,0.048627760572641905,19.54,1020.922
1791521057.7817025,69.51003638995262,0.04823034585981517,0.04528315513846128,0.048627760572641905,19.54,1020.941
1791521089.1403131,69.51003638995262,0.04814416391890186,0.045175331816161256,0.048511904473783896,19.57,1020.931
1791521120.4876614,69.51003638995262,0.04820158428381416,0.04522917921651483,0.04856976343384742,19.56,1020.95
1791521151.848203,69.51003638995262,0.0478334051337809,0.045337260042678414,0.04856976343384742,19.57,1020.964
1791521183.1975605,69.51003638995262,0.04825914178000477,0.04528315513846128,0.04825914178000477,19.53,1020.97
1791521214.5492337,69.51003638995262,0.04786194701964593,0.04499530152125226,0.0486568111138424,19.56,1020.951
1791521245.8936453,69.51003638995262,0.04786194701964593,0.045310191438907695,0.04825914178000477,19.53,1020.95
1791521277.2411118,69.51003638995262,0.04834573622196471,0.04522917921651483,0.0487733612097238,19.56,1021.021
1791521308.5837383,69.51003638995262,0.04802973262727212,0.04554285346509333,0.04876346561127164,19.54,1020.984
1791521339.928132,69.51003638995262,0.048367858374513684,0.045068020748464506,0.04870558276222634,19.56,1020.934
1791521371.2676206,69.51003638995262,0.0482818405913134,0.044987871422687245,0.048647837165605196,19.54,1020.928
1791521402.6040936,69.51003638995262,0.04831047917116996,0.045094800691274035,0.04870558276222634,19.57,1020.95
1791521433.9445074,69.51003638995262,0.04833915174538221,0.04470137212334793,0.04870558276222634,19.57,1020.953
1791521465.2860262,69.51003638995262,0.0480582894225537,0.04514845616821949,0.04845418319922071,19.53,1020.957
1791521496.6147294,69.51003638995262,0.04811550500761785,0.045175331816161256,0.04845418319922071,19.54,1020.986
1791521527.9619858,69.51003638995262,0.047465225983747646,0.045310191438907695,0.04854081671235631,19.53,1020.953
1791521559.3044353,69.51003638995262,0.0483746701359059,0.04499530152125226,0.04840363870327348,19.56,1020.945
1791521590.6541457,69.51003638995262,0.04825914178000477,0.0453643610077027,0.0486568111138424,19.56,1020.929
1791521621.9924855,69.51003638995262,0.04803391619682316,0.04544585865167092,0.04840363870327348,19.57,1020.969
1791521653.3369312,69.51003638995262,0.04803391619682316,0.04547308964378014,0.04880258602918254,19.54,1020.975
1791521684.6835935,69.51003638995262,0.04806269794353756,0.04515726173274181,0.04880258602918254,19.53,1020.948
1791521715.9679894,69.51003638995262,0.04814925050737058,0.04515726173274181,0.048519860755103554,19.56,1020.926
1791521747.3234806,69.51003638995262,0.04809151420276625,0.04515726173274181,0.048490752949608106,19.57,1020.955
1791521778.6669796,69.51003638995262,0.047607175764485636,0.04551575917166407,0.04825914178000477,19.58,1020.986
1791521809.992411,69.51003638995262,0.04833915174538221,0.044987871422687245,0.048676692837892194,19.56,1020.996
1791521841.3408625,69.51003638995262,0.047915844017021605,0.04535386799697904,0.04831047917116996,19.58,1020.981
1791521872.692301,69.51003638995262,0.04800120974939711,0.04514845616821949,0.048425374040508666,19.6,1020.993
1791521904.0377903,69.51003638995262,0.04845418319922071,0.04520223947984556,0.04845418319922071,19.58,1021.016
1791521935.3863559,69.51003638995262,0.04777642336401982,0.04525615108354809,0.04854081671235631,19.58,1020.987
1791521966.7167168,69.51003638995262,0.04817285699059615,0.04525615108354809,0.04893794258388068,19.57,1021.029
1791521998.0722787,69.51003638995262,0.04820158428381416,0.045651553978630514,0.04859874469998441,19.54,1020.994
1791522029.4126177,69.51003638995262,0.04859874469998441,0.0453643610077027,0.048685896385756676,19.54,1021.003
1791522060.7602112,69.51003638995262,0.04846168004760765,0.045076136145220595,0.048831845892449044,19.56,1020.984
1791522092.103819,69.51003638995262,0.04803391619682316,0.04481375827777384,0.04874417137115385,19.56,1021.018
1791522123.457216,69.51003638995262,0.04800516890065796,0.0453643610077027,0.04834573622196471,19.57,1021.015
1791522154.8107626,69.51003638995262,0.047947777412855795,0.045076136145220595,0.0483746701359059,19.54,1020.981
1791522186.1391928,69.51003638995262,0.04812036503662296,0.04515726173274181,0.048490752949608106,19.58,1020.97
1791522217.470694,69.51003638995262,0.048432641986360055,0.0453914943920484,0.048432641986360055,19.56,1020.959
1791522248.8260894,69.51003638995262,0.04808688019577612,0.04520223947984556,0.04854081671235631,19.57,1020.953
1791522280.164533,69.51003638995262,0.04808688019577612,0.04512161247891395,0.04845418319922071,19.56,1020.963
1791522311.5143733,69.51003638995262,0.04820158428381416,0.044887971933514834,0.04825914178000477,19.57,1020.962
1791522342.858572,69.51003638995262,0.04814416391890186,0.044914756298292044,0.04854081671235631,19.58,1020.976
1791522374.211004,69.51003638995262,0.04789052298736763,0.044968421034771305,0.048627760572641905,19.58,1020.976
1791522405.5667028,69.51003638995262,0.04800516890065796,0.04544585865167092,0.048432641986360055,19.58,1020.977
1791522436.9079318,69.51003638995262,0.04800516890065796,0.045103145600957656,0.04840363870327348,19.58,1020.994
1791522468.2465158,69.51003638995262,0.04812036503662296,0.04515726173274181,0.048490752949608106,19.6,1020.988
1791522499.5992162,69.51003638995262,0.04812036503662296,0.04515726173274181,0.048490752949608106,19.58,1020.992
1791522530.9403894,69.51003638995262,0.04800516890065796,0.04513018744403507,0.048432641986360055,19.57,1021.0
1791522562.293948,69.51003638995262,0.04806269794353756,0.0452115078808994,0.048432641986360055,19.57,1020.994
1791522593.6335416,69.51003638995262,0.04826514000977328,0.045184368525506814,0.04860739422224516,19.58,1020.968
1791522624.9799676,69.51003638995262,0.04829419960417032,0.045184368525506814,0.04866592554155801,19.57,1020.971
1791522656.319366,69.51003638995262,0.04814925050737058,0.04513018744403507,0.048519860755103554,19.56,1020.955
1791522687.6649268,69.51003638995262,0.04812036503662296,0.0452115078808994,0.048519860755103554,19.56,1020.944
1791522719.0103526,69.51003638995262,0.048316836899306236,0.045337260042678414,0.04871501645070425,19.57,1020.912
1791522750.3528538,69.51003638995262,0.04825914178000477,0.04522917921651483,0.048627760572641905,19.57,1020.877
1791522781.7053258,69.51003638995262,0.04820158428381416,0.045337260042678414,0.048627760572641905,19.56,1020.877
1791522813.0428798,69.51003638995262,0.04823034585981517,0.044887971933514834,0.04859874469998441,19.54,1020.908
1791522844.3842964,69.51003638995262,0.04791913309802818,0.045418660253922376,0.048316836899306236,19.57,1020.918
1791522875.7208061,69.51003638995262,0.04797645599322517,0.045103145600957656,0.04871501645070425,19.54,1020.888
1791522907.0572054,69.51003638995262,0.04840363870327348,0.045184368525506814,0.04880258602918254,19.57,1020.896
1791522938.4078405,69.51003638995262,0.04817817067742162,0.04446984218176885,0.048519860755103554,19.58,1020.919
1791522969.7552962,69.51003638995262,0.048432641986360055,0.04547308964378014,0.04846168004760765,19.61,1020.906
1791523001.1127117,69.51003638995262,0.04812036503662296,0.04515726173274181,0.04889047100283653,19.57,1020.899
1791523032.452283,69.51003638995262,0.04812036503662296,0.045184368525506814,0.048519860755103554,19.57,1020.89
1791523063.800631,69.51003638995262,0.04809151420276625,0.04513018744403507,0.04846168004760765,19.56,1020.894
1791523095.1452756,69.51003638995262,0.04812036503662296,0.045184368525506814,0.048519860755103554,19.56,1020.895
1791523126.4956348,69.51003638995262,0.04812036503662296,0.04484067503133412,0.048519860755103554,19.58,1020.873
1791523157.8442035,69.51003638995262,0.04820158428381416,0.045175331816161256,0.04887964502866594,19.56,1020.845
1791523189.1855717,69.51003638995262,0.04808688019577612,0.04514845616821949,0.04845418319922071,19.58,1020.849
1791523220.5321922,69.51003638995262,0.0480582894225537,0.044834498924963516,0.04845418319922071,19.58,1020.849
1791523251.8567216,69.51003638995262,0.04808688019577612,0.04520223947984556,0.048483026656549924,19.58,1020.854
1791523283.1880817,69.51003638995262,0.04820158428381416,0.04525615108354809,0.04856976343384742,19.6,1020.844
1791523314.5216513,69.51003638995262,0.04823034585981517,0.0453643610077027,0.048627760572641905,19.6,1020.864
1791523345.871084,69.51003638995262,0.04789052298736763,0.045418660253922376,0.048316836899306236,19.58,1020.85
1791523377.2125008,69.51003638995262,0.04806269794353756,0.04515726173274181,0.048432641986360055,19.58,1020.862
1791523408.555287,69.51003638995262,0.048432641986360055,0.0452115078808994,0.048519860755103554,19.58,1020.854
1791523439.8934972,69.51003638995262,0.04820712560933858,0.04532039210506879,0.048578181328302196,19.54,1020.883
1791523471.2379613,69.51003638995262,0.04774997712363782,0.045500353288876465,0.04846168004760765,19.57,1020.906
1791523502.585848,69.51003638995262,0.04803391619682316,0.04513018744403507,0.04846168004760765,19.56,1020.893
1791523533.867136,69.51003638995262,0.04812036503662296,0.045103145600957656,0.048490752949608106,19.58,1020.895
1791523565.2184982,69.51003638995262,0.04814925050737058,0.04513018744403507,0.048490752949608106,19.57,1020.885
1791523596.5671775,69.51003638995262,0.04820712560933858,0.045265884514549,0.04860739422224516,19.57,1020.833
1791523627.9075773,69.51003638995262,0.04817817067742162,0.045103145600957656,0.048490752949608106,19.56,1020.851
1791523659.2488675,69.51003638995262,0.04809151420276625,0.04499530152125226,0.04846168004760765,19.51,1020.827
1791523690.598528,69.51003638995262,0.047947777412855795,0.04528315513846128,0.048316836899306236,19.54,1020.819
1791523721.938899,69.51003638995262,0.04791913309802818,0.0453914943920484,0.0486568111138424,19.54,1020.792
1791523753.2713995,69.51003638995262,0.04809151420276625,0.045184368525506814,0.048432641986360055,19.56,1020.776
1791523784.6120827,69.51003638995262,0.04814925050737058,0.04529312191065035,0.04891983637655217,19.53,1020.767
1791523815.9562733,69.51003638995262,0.04829419960417032,0.04529312191065035,0.048323294212192815,19.51,1020.723
1791523847.3039262,69.51003638995262,0.048323294212192815,0.0453750311261101,0.04872459799354156,19.5,1020.705
1791523878.6423473,69.51003638995262,0.048323294212192815,0.04534769515708186,0.049067193975970556,19.5,1020.692
1791523909.9877844,69.51003638995262,0.048323294212192815,0.04534769515708186,0.04872459799354156,19.54,1020.713
1791523941.334352,69.51003638995262,0.04820712560933858,0.0452115078808994,0.04860739422224516,19.53,1020.706
1791523972.6769092,69.51003638995262,0.04823611536583448,0.045265884514549,0.04860739422224516,19.53,1020.722
1791524004.0154536,69.51003638995262,0.047922473666782636,0.04529312191065035,0.04863664227216364,19.53,1020.728
1791524035.35771,69.51003638995262,0.04817817067742162,0.045103145600957656,0.04889047100283653,19.56,1020.753
1791524066.7082033,69.51003638995262,0.048287972105935294,0.04528315513846128,0.0486568111138424,19.53,1020.775
1791524098.0377436,69.51003638995262,0.04825914178000477,0.04499530152125226,0.04859874469998441,19.53,1020.787
1791524129.3952446,69.51003638995262,0.04834573622196471,0.04502221416330886,0.04834573622196471,19.56,1020.76
1791524160.742688,69.51003638995262,0.04803391619682316,0.045103145600957656,0.048432641986360055,19.53,1020.764
1791524192.1049664,69.51003638995262,0.04812036503662296,0.04481375827777384,0.048490752949608106,19.54,1020.761
1791524223.4587517,69.51003638995262,0.04823611536583448,0.04489460565813832,0.04823611536583448,19.54,1020.721
1791524254.7871351,69.51003638995262,0.0478648365094238,0.0452115078808994,0.04860739422224516,19.56,1020.745
1791524286.125611,69.51003638995262,0.04820712560933858,0.045238679857629686,0.048578181328302196,19.56,1020.728
1791524317.4752164,69.51003638995262,0.04823611536583448,0.04455011738586963,0.04863664227216364,19.58,1020.701
1791524348.8187237,69.51003638995262,0.047922473666782636,0.04481375827777384,0.04829419960417032,19.58,1020.667
1791524380.1591535,69.51003638995262,0.04772134835792486,0.045076136145220595,0.04880258602918254,19.58,1020.674
1791524411.5076587,69.51003638995262,0.04817817067742162,0.045238679857629686,0.048578181328302196,19.58,1020.662
1791524442.848002,69.51003638995262,0.04820712560933858,0.045265884514549,0.04860739422224516,19.57,1020.69
1791524474.1887956,69.51003638995262,0.04812036503662296,0.0452115078808994,0.048490752949608106,19.6,1020.708
1791524505.5401564,69.51003638995262,0.04814925050737058,0.0452115078808994,0.04860739422224516,19.57,1020.679
1791524536.8795824,69.51003638995262,0.04806269794353756,0.045049159018674435,0.04840363870327348,19.57,1020.692
1791524568.2089438,69.51003638995262,0.04806269794353756,0.04515726173274181,0.048490752949608106,19.61,1020.673
1791524599.5526743,69.51003638995262,0.04823611536583448,0.045238679857629686,0.04860739422224516,19.6,1020.657
1791524630.8749564,69.51003638995262,0.04817817067742162,0.04481375827777384,0.0485490035269869,19.57,1020.628
1791524662.2205076,69.51003638995262,0.04783606989037498,0.045238679857629686,0.0485490035269869,19.56,1020.657
1791524693.5670762,69.51003638995262,0.04826514000977328,0.045238679857629686,0.04860739422224516,19.56,1020.646
1791524724.9145741,69.51003638995262,0.04820712560933858,0.04529312191065035,0.048578181328302196,19.56,1020.631
1791524756.2630355,69.51003638995262,0.04820712560933858,0.045265884514549,0.04860739422224516,19.56,1020.644
1791524787.600503,69.51003638995262,0.04817817067742162,0.045184368525506814,0.04860739422224516,19.53,1020.634
1791524818.9449131,69.51003638995262,0.0478648365094238,0.04540240007171734,0.04826514000977328,19.56,1020.595
1791524850.277456,69.51003638995262,0.04798024980077902,0.0453750311261101,0.04838158872254501,19.56,1020.556
1791524881.621936,69.51003638995262,0.04812036503662296,0.04515726173274181,0.048490752949608106,19.56,1020.541
1791524912.962459,69.51003638995262,0.04823611536583448,0.04529312191065035,0.04863664227216364,19.54,1020.529
1791524944.3127859,69.51003638995262,0.04812036503662296,0.04515726173274181,0.04846168004760765,19.51,1020.509
1791524975.6574397,69.51003638995262,0.04823611536583448,0.0453750311261101,0.048578181328302196,19.51,1020.52
1791525006.9948158,69.51003638995262,0.04835242389716029,0.045002857029728824,0.04835242389716029,19.53,1020.536
1791525038.333308,69.51003638995262,0.04820712560933858,0.04486762413866607,0.048578181328302196,19.54,1020.554
1791525069.6628377,69.51003638995262,0.047922473666782636,0.04494866616768109,0.048323294212192815,19.54,1020.576
1791525100.995399,69.51003638995262,0.04835242389716029,0.04529312191065035,0.04838158872254501,19.56,1020.587
1791525132.3477404,69.51003638995262,0.047636791559838104,0.0453750311261101,0.048410788751972515,19.51,1020.578
1791525163.6893346,69.51003638995262,0.048067175684524725,0.04519355840849916,0.04846929467822686,19.53,1020.575
1791525195.040825,69.51003638995262,0.048154417107416476,0.0452209334779716,0.04855731919742944,19.51,1020.561
1791525226.375201,69.51003638995262,0.048183567998659416,0.045138907580403106,0.04858673179588894,19.56,1020.574
1791525257.7276719,69.51003638995262,0.048154417107416476,0.04511163170175929,0.04855731919742944,19.57,1020.582
1791525289.0772383,69.51003638995262,0.04803816541467736,0.04481980720972913,0.04844002404922201,19.6,1020.544
1791525320.3717008,69.51003638995262,0.047984103538385316,0.04511163170175929,0.04835921721628207,19.6,1020.532
1791525351.7090745,69.51003638995262,0.04826514000977328,0.045103145600957656,0.048578181328302196,19.61,1020.55
1791525383.060812,69.51003638995262,0.0483746701359059,0.045418660253922376,0.04874417137115385,19.61,1020.535
1791525414.3831472,69.51003638995262,0.04803391619682316,0.04513018744403507,0.04846168004760765,19.57,1020.533
1791525445.7166007,69.51003638995262,0.04806269794353756,0.04478687381975666,0.048831845892449044,19.58,1020.525
1791525477.0512238,69.51003638995262,0.04817817067742162,0.04489460565813832,0.0485490035269869,19.58,1020.543
1791525508.4175928,69.51003638995262,0.04820712560933858,0.044975745275193,0.04863664227216364,19.56,1020.527
1791525539.74614,69.51003638995262,0.048410788751972515,0.045166216462670564,0.04844002404922201,19.56,1020.564
1791525571.090622,69.51003638995262,0.048067175684524725,0.045457237131643694,0.04844002404922201,19.57,1020.555
1791525602.4371216,69.51003638995262,0.04846929467822686,0.04548470536581124,0.04846929467822686,19.57,1020.535
1791525633.7814717,69.51003638995262,0.048154417107416476,0.04519355840849916,0.0485279421880097,19.57,1020.548
1791525665.1091008,69.51003638995262,0.04809622101417492,0.04511163170175929,0.04846929467822686,19.56,1020.559
1791525696.4546034,69.51003638995262,0.04821275420500924,0.04527578322890768,0.04855731919742944,19.57,1020.581
1791525727.797147,69.51003638995262,0.04835921721628207,0.04530325803126683,0.04873433089417883,19.53,1020.596
1791525759.137551,69.51003638995262,0.04780981679988938,0.0448469558870919,0.04855731919742944,19.54,1020.594
1791525790.4839728,69.51003638995262,0.04827123282003773,0.045138907580403106,0.04858673179588894,19.54,1020.586
1791525821.821423,69.51003638995262,0.04829419960417032,0.045238679857629686,0.04866592554155801,19.56,1020.599
1791525853.175949,69.51003638995262,0.048432641986360055,0.045418660253922376,0.0487733612097238,19.57,1020.584
1791525884.515457,69.51003638995262,0.04840363870327348,0.045049159018674435,0.04874417137115385,19.56,1020.594
1791525915.8609483,69.51003638995262,0.04769275390071508,0.04481375827777384,0.04846168004760765,19.56,1020.588
1791525947.2054188,69.51003638995262,0.04820712560933858,0.044576940230293405,0.04860739422224516,19.54,1020.584
1791525978.547003,69.51003638995262,0.04835242389716029,0.045138907580403106,0.048695244094081686,19.57,1020.573
1791526009.873298,69.51003638995262,0.048067175684524725,0.045166216462670564,0.048842368342278814,19.53,1020.586
1791526041.2238002,69.51003638995262,0.048154417107416476,0.04511163170175929,0.04855731919742944,19.53,1020.567
1791526072.5675173,69.51003638995262,0.04812530146722263,0.045166216462670564,0.04855731919742944,19.54,1020.582
1791526103.9087389,69.51003638995262,0.04821275420500924,0.04527578322890768,0.04858673179588894,19.56,1020.586
1791526135.2502894,69.51003638995262,0.04780981679988938,0.04473855803770735,0.0485279421880097,19.51,1020.574
1791526166.5899694,69.51003638995262,0.04812530146722263,0.045248341731316276,0.04855731919742944,19.53,1020.561
1791526197.938355,69.51003638995262,0.04827123282003773,0.04535830779310798,0.048645664018928975,19.51,1020.558
1791526229.283817,69.51003638995262,0.048329853468078804,0.0450843887669464,0.04873433089417883,19.51,1020.564
1791526260.6203494,69.51003638995262,0.04838158872254501,0.04532039210506879,0.04838158872254501,19.51,1020.585
1791526291.9507825,69.51003638995262,0.04826514000977328,0.045265884514549,0.04829419960417032,19.51,1020.572
1791526323.2962592,69.51003638995262,0.04795134433030395,0.0453750311261101,0.04835242389716029,19.49,1020.559
1791526354.6378393,69.51003638995262,0.04838158872254501,0.045166216462670564,0.0488128724139193,19.53,1020.529
1791526385.964129,69.51003638995262,0.048183567998659416,0.045138907580403106,0.04855731919742944,19.51,1020.51
1791526417.3136797,69.51003638995262,0.04827123282003773,0.045166216462670564,0.048645664018928975,19.51,1020.505
1791526448.6522987,69.51003638995262,0.04812530146722263,0.045138907580403106,0.0488718999389275,19.5,1020.522
1791526479.9985812,69.51003638995262,0.047723147350122966,0.045166216462670564,0.04849860070307506,19.5,1020.494
1791526511.3432353,69.51003638995262,0.04812530146722263,0.04479269138207734,0.04849860070307506,19.51,1020.471
1791526542.6696472,69.51003638995262,0.048241975790679056,0.0452209334779716,0.048645664018928975,19.51,1020.444
1791526574.0060766,69.51003638995262,0.04821275420500924,0.045248341731316276,0.048616180048099394,19.54,1020.432
1791526605.3605666,69.51003638995262,0.04821275420500924,0.04487413747389594,0.04858673179588894,19.51,1020.399
1791526636.7020004,69.51003638995262,0.048241975790679056,0.045166216462670564,0.048241975790679056,19.54,1020.393
1791526668.0316684,69.51003638995262,0.04812530146722263,0.04519355840849916,0.04846929467822686,19.54,1020.402
1791526699.380028,69.51003638995262,0.04821275420500924,0.045138907580403106,0.04858673179588894,19.53,1020.36
1791526730.7167306,69.51003638995262,0.04792586694181742,0.04534769515708186,0.04827123282003773,19.54,1020.376
1791526762.0442626,69.51003638995262,0.04777864025963762,0.04515726173274181,0.048519860755103554,19.54,1020.392
1791526793.3916318,69.51003638995262,0.04812036503662296,0.045184368525506814,0.048490752949608106,19.54,1020.382
1791526824.7439225,69.51003638995262,0.04812036503662296,0.045184368525506814,0.048519860755103554,19.57,1020.392
1791526856.0865395,69.51003638995262,0.04817817067742162,0.045265884514549,0.0485490035269869,19.54,1020.383
1791526887.428069,69.51003638995262,0.047922473666782636,0.045002857029728824,0.04866592554155801,19.56,1020.39
1791526918.7693925,69.51003638995262,0.04835242389716029,0.04511163170175929,0.048753987303898474,19.51,1020.412
1791526950.1189156,69.51003638995262,0.047723147350122966,0.045138907580403106,0.04846929467822686,19.53,1020.397
1791526981.4605486,69.51003638995262,0.04789680162114647,0.045330766199061776,0.04873433089417883,19.51,1020.378
1791527012.7869356,69.51003638995262,0.04827123282003773,0.04452692083112517,0.048645664018928975,19.53,1020.419
1791527044.1225312,69.51003638995262,0.048329853468078804,0.044901352030016425,0.04870473937670593,19.54,1020.432
1791527075.4718165,69.51003638995262,0.04835921721628207,0.04530325803126683,0.04870473937670593,19.56,1020.423
1791527106.7635975,69.51003638995262,0.048329853468078804,0.0450105411502628,0.04870473937670593,19.53,1020.433
1791527138.0929906,69.51003638995262,0.048329853468078804,0.04541349150395594,0.04870473937670593,19.53,1020.428
1791527169.4384634,69.51003638995262,0.04804248183827778,0.045065335093763745,0.048447522938059075,19.53,1020.412
1791527200.786836,69.51003638995262,0.04766691179051751,0.04535830779310798,0.04876395839132286,19.5,1020.415
1791527232.1274471,69.51003638995262,0.04838861666721686,0.045248341731316276,0.048447522938059075,19.5,1020.419
1791527263.4698088,69.51003638995262,0.04789680162114647,0.045002857029728824,0.04827123282003773,19.5,1020.445
1791527294.8082314,69.51003638995262,0.04844002404922201,0.04505717871631608,0.04844002404922201,19.51,1020.426
1791527326.1518245,69.51003638995262,0.04835242389716029,0.0450843887669464,0.04872459799354156,19.51,1020.375
1791527357.499275,69.51003638995262,0.04775200223137019,0.04495588029043466,0.048183567998659416,19.49,1020.387
1791527388.8417685,69.51003638995262,0.047954967559451674,0.045248341731316276,0.048329853468078804,19.5,1020.399
1791527420.1871796,69.51003638995262,0.048183567998659416,0.04530325803126683,0.04858673179588894,19.53,1020.381
1791527451.5238109,69.51003638995262,0.048183567998659416,0.0452209334779716,0.04858673179588894,19.54,1020.369
1791527482.8661785,69.51003638995262,0.04786777153325871,0.04495588029043466,0.048645664018928975,19.56,1020.375
1791527514.2126436,69.51003638995262,0.048013274943110855,0.044983194115211234,0.04876395839132286,19.53,1020.404
1791527545.5603774,69.51003638995262,0.048013274943110855,0.045330766199061776,0.04838861666721686,19.54,1020.39
1791527576.8987792,69.51003638995262,0.04792586694181742,0.04530325803126683,0.0486751837734033,19.51,1020.405
1791527608.2451932,69.51003638995262,0.047954967559451674,0.04535830779310798,0.048329853468078804,19.54,1020.406
1791527639.5778103,69.51003638995262,0.04838861666721686,0.04535830779310798,0.04838861666721686,19.54,1020.373
1791527670.9201186,69.51003638995262,0.048447522938059075,0.04509278212386883,0.048477029888752576,19.54,1020.358
1791527702.2465749,69.51003638995262,0.04827123282003773,0.0450843887669464,0.048645664018928975,19.5,1020.373
1791527733.5872948,69.51003638995262,0.04798024980077902,0.04505717871631608,0.04872459799354156,19.51,1020.372
1791527764.9387114,69.51003638995262,0.048154417107416476,0.04503000149036388,0.048183567998659416,19.53,1020.404
1791527796.2990289,69.51003638995262,0.04846929467822686,0.04473855803770735,0.04846929467822686,19.53,1020.417
1791527827.6436648,69.51003638995262,0.048154417107416476,0.045166216462670564,0.04855731919742944,19.54,1020.438
1791527858.9670007,69.51003638995262,0.048183567998659416,0.045166216462670564,0.04858673179588894,19.53,1020.458
1791527890.2945738,69.51003638995262,0.048241975790679056,0.044983194115211234,0.048645664018928975,19.54,1020.454
1791527921.634177,69.51003638995262,0.047984103538385316,0.044983194115211234,0.04835921721628207,19.53,1020.491
1791527952.9795165,69.51003638995262,0.047984103538385316,0.0450105411502628,0.04835921721628207,19.56,1020.512
1791527984.3240392,69.51003638995262,0.04804248183827778,0.045065335093763745,0.048477029888752576,19.56,1020.516
1791528015.6714375,69.51003638995262,0.04804248183827778,0.045330766199061776,0.04879362193379829,19.56,1020.533
1791528046.9958978,69.51003638995262,0.04838861666721686,0.044928599615473894,0.04873433089417883,19.53,1020.538
1791528078.33733,69.51003638995262,0.04830052535761036,0.04535830779310798,0.04870473937670593,19.53,1020.541
1791528109.6819513,69.51003638995262,0.048447522938059075,0.04495588029043466,0.04853615174884589,19.54,1020.526
1791528141.0234041,69.51003638995262,0.048183567998659416,0.04505717871631608,0.048616180048099394,19.51,1020.561
1791528172.3688755,69.51003638995262,0.048009190141191566,0.044576940230293405,0.04872459799354156,19.53,1020.533
1791528203.7074504,69.51003638995262,0.048323294212192815,0.04542980205361124,0.048695244094081686,19.51,1020.554
1791528235.0590518,69.51003638995262,0.048009190141191566,0.04511163170175929,0.048783412089267675,19.53,1020.573
1791528266.401361,69.51003638995262,0.048183567998659416,0.04530325803126683,0.048616180048099394,19.53,1020.566
1791528297.7427497,69.51003638995262,0.04830052535761036,0.0453858828743688,0.048329853468078804,19.54,1020.563
1791528329.0894184,69.51003638995262,0.048645664018928975,0.045065335093763745,0.0486751837734033,19.56,1020.55
1791528360.4438684,69.51003638995262,0.048447522938059075,0.04555204002613642,0.048823321587425215,19.56,1020.561
1791528391.7842913,69.51003638995262,0.04821847214881101,0.0446895364443976,0.04859541799329957,19.54,1020.555
1791528423.128756,69.51003638995262,0.048447522938059075,0.04509278212386883,0.0488530574181841,19.53,1020.554
1791528454.460286,69.51003638995262,0.04853615174884589,0.04525816897704494,0.04856576678999084,19.53,1020.532
1791528485.8016312,69.51003638995262,0.04830695171009796,0.045175324180654626,0.04865482915167234,19.5,1020.512
1791528517.1451092,69.51003638995262,0.047812335099027235,0.04512026260756129,0.04853615174884589,19.54,1020.523
1791528548.488576,69.51003638995262,0.04813031611528525,0.044771290479061955,0.048882829492216236,19.54,1020.529
1791528579.826218,69.51003638995262,0.04827123282003773,0.04519355840849916,0.0486751837734033,19.54,1020.543
1791528611.1655905,69.51003638995262,0.048241975790679056,0.045166216462670564,0.04858673179588894,19.58,1020.576
1791528642.5170329,69.51003638995262,0.04844002404922201,0.04542980205361124,0.04844002404922201,19.58,1020.558
1791528673.853617,69.51003638995262,0.04846929467822686,0.045248341731316276,0.048842368342278814,19.6,1020.538
1791528705.2051444,69.51003638995262,0.047984103538385316,0.045065335093763745,0.04873433089417883,19.58,1020.551
1791528736.565786,69.51003638995262,0.04813031611528525,0.045441133743129886,0.0488530574181841,19.56,1020.537
1791528767.9021528,69.51003638995262,0.04810100235932105,0.045037921456195694,0.04850657280375075,19.56,1020.533
1791528799.2415643,69.51003638995262,0.04841805188603804,0.04549651929602677,0.0488530574181841,19.54,1020.52
1791528830.589032,69.51003638995262,0.04818905094450904,0.04523052030443285,0.048625105425047555,19.57,1020.517
1791528861.9284325,69.51003638995262,0.04798801863740489,0.04525816897704494,0.04836611870251454,19.56,1020.509
1791528893.2769427,69.51003638995262,0.04792931418042191,0.04523052030443285,0.04868458923977402,19.54,1020.482
1791528924.5596833,69.51003638995262,0.04859541799329957,0.04523052030443285,0.04859541799329957,19.56,1020.48
1791528955.9210382,69.51003638995262,0.04824792930053481,0.0448533441799201,0.04868458923977402,19.56,1020.48
1791528987.26253,69.51003638995262,0.04824792930053481,0.04520290539290256,0.049002281549560295,19.57,1020.507
1791529018.6000867,69.51003638995262,0.04787075317602207,0.04555204002613642,0.048625105425047555,19.57,1020.507
1791529049.945375,69.51003638995262,0.047812335099027235,0.0448533441799201,0.04856576678999084,19.54,1020.487
1791529081.288845,69.51003638995262,0.04815966562186749,0.04530325803126683,0.04891263787582427,19.54,1020.501
1791529112.6344326,69.51003638995262,0.048410788751972515,0.04505717871631608,0.048783412089267675,19.54,1020.481
1791529143.973923,69.51003638995262,0.048183567998659416,0.04556730960726919,0.04893107039619947,19.53,1020.497
1791529175.3224452,69.51003638995262,0.04827123282003773,0.04495588029043466,0.0486751837734033,19.51,1020.514
1791529206.667861,69.51003638995262,0.048241975790679056,0.045037921456195694,0.048645664018928975,19.53,1020.513
1791529238.0063365,69.51003638995262,0.048447522938059075,0.04512026260756129,0.048823321587425215,19.51,1020.488
1791529269.3507612,69.51003638995262,0.04824792930053481,0.04520290539290256,0.048625105425047555,19.49,1020.5
1791529300.68842,69.51003638995262,0.04795864844441643,0.04488076229097523,0.048714385756115745,19.5,1020.513
1791529332.0368035,69.51003638995262,0.04824792930053481,0.04523052030443285,0.04897236383778812,19.5,1020.544
1791529363.382241,69.51003638995262,0.04815966562186749,0.04520290539290256,0.04815966562186749,19.5,1020.541
1791529394.7277992,69.51003638995262,0.04836611870251454,0.045101319846966914,0.04883393744488038,19.54,1020.545
1791529426.0743644,69.51003638995262,0.04798801863740489,0.04534131818163737,0.048714385756115745,19.54,1020.538
1791529457.4097216,69.51003638995262,0.04833651710026609,0.04523052030443285,0.048744218767624185,19.51,1020.528
1791529488.7561364,69.51003638995262,0.048277422465602626,0.04523052030443285,0.04865482915167234,19.53,1020.536
1791529520.1069603,69.51003638995262,0.04787075317602207,0.045065335093763745,0.04868458923977402,19.54,1020.516
1791529551.446221,69.51003638995262,0.04821275420500924,0.045248341731316276,0.048241975790679056,19.53,1020.543
1791529582.7785733,69.51003638995262,0.048183567998659416,0.04519355840849916,0.0485279421880097,19.53,1020.543
1791529614.103985,69.51003638995262,0.048241975790679056,0.045330766199061776,0.048645664018928975,19.51,1020.569
1791529645.4467669,69.51003638995262,0.04841805188603804,0.04509278212386883,0.04876395839132286,19.54,1020.543
1791529676.785027,69.51003638995262,0.047812335099027235,0.04520290539290256,0.04821847214881101,19.53,1020.548
1791529708.1276836,69.51003638995262,0.04830695171009796,0.045396920929923285,0.048455141448261935,19.53,1020.553
1791529739.4780004,69.51003638995262,0.04810586002272925,0.04542477347531439,0.048863917109611014,19.54,1020.592
1791529770.8236132,69.51003638995262,0.048395756583413635,0.04525816897704494,0.048803994544668695,19.53,1020.582
1791529802.1480918,69.51003638995262,0.04763909306746076,0.04490821394301344,0.048395756583413635,19.57,1020.583
1791529833.4806473,69.51003638995262,0.048277422465602626,0.04493569919761917,0.04865482915167234,19.58,1020.586
1791529864.836064,69.51003638995262,0.04792931418042191,0.04520290539290256,0.04830695171009796,19.57,1020.598
1791529896.1754394,69.51003638995262,0.048277422465602626,0.045175324180654626,0.04830695171009796,19.58,1020.569
1791529927.5149658,69.51003638995262,0.048277422465602626,0.044963218116527724,0.04868458923977402,19.58,1020.55
1791529958.863461,69.51003638995262,0.04810586002272925,0.044667181482077496,0.048514672230648,19.58,1020.523
1791529990.195907,69.51003638995262,0.04813541085468344,0.045101319846966914,0.048893933606612566,19.57,1020.521
1791530021.535555,69.51003638995262,0.04824792930053481,0.045175324180654626,0.04865482915167234,19.57,1020.535
1791530052.8808398,69.51003638995262,0.04807172428869293,0.0450105411502628,0.048477029888752576,19.54,1020.52
1791530084.2083428,69.51003638995262,0.047954967559451674,0.045065335093763745,0.04870473937670593,19.51,1020.518
1791530115.5459158,69.51003638995262,0.04810100235932105,0.045175324180654626,0.04850657280375075,19.54,1020.5
1791530146.8932831,69.51003638995262,0.04821847214881101,0.04531356785346883,0.04859541799329957,19.51,1020.482
1791530178.2329068,69.51003638995262,0.04824792930053481,0.045073631675202196,0.04865482915167234,19.51,1020.469
1791530209.5805047,69.51003638995262,0.0477855035196546,0.04548058122293148,0.048893933606612566,19.5,1020.393
1791530240.9070075,69.51003638995262,0.04825397813095248,0.045212413541929605,0.04866414111610576,19.54,1020.388
1791530272.2274408,69.51003638995262,0.04810586002272925,0.04499077076162571,0.04848488856617013,19.51,1020.368
1791530303.577869,69.51003638995262,0.04804686707472527,0.044963218116527724,0.04842543080969698,19.5,1020.35
1791530334.9203587,69.51003638995262,0.04795864844441643,0.04499077076162571,0.048714385756115745,19.51,1020.336
1791530366.2597265,69.51003638995262,0.04810586002272925,0.045101319846966914,0.048923987003803585,19.5,1020.337
1791530397.6004295,69.51003638995262,0.048395756583413635,0.04501835719495157,0.048774088341390076,19.5,1020.33
1791530428.9478724,69.51003638995262,0.0480174248254372,0.045101319846966914,0.048395756583413635,19.5,1020.292
1791530460.2923377,69.51003638995262,0.04807634545164349,0.045073631675202196,0.04883393744488038,19.47,1020.325
1791530491.6289372,69.51003638995262,0.04853615174884589,0.045175324180654626,0.04853615174884589,19.49,1020.263
1791530522.9651163,69.51003638995262,0.04838861666721686,0.045330766199061776,0.04873433089417883,19.46,1020.288
1791530554.3147585,69.51003638995262,0.04838861666721686,0.04535830779310798,0.04841805188603804,19.49,1020.319
1791530585.6632001,69.51003638995262,0.04810100235932105,0.04493569919761917,0.04853615174884589,19.46,1020.316
1791530617.0078068,69.51003638995262,0.04836611870251454,0.04534131818163737,0.048714385756115745,19.49,1020.345
1791530648.3502858,69.51003638995262,0.04804686707472527,0.04518458884108516,0.04848488856617013,19.49,1020.339
1791530679.6886487,69.51003638995262,0.04787378255732462,0.044859842690243436,0.04866414111610576,19.47,1020.313
1791530710.9821768,69.51003638995262,0.0486042431782462,0.04515679836702674,0.0486042431782462,19.5,1020.343
1791530742.3167129,69.51003638995262,0.04848488856617013,0.045536526267251035,0.048863917109611014,19.53,1020.332
1791530773.6522212,69.51003638995262,0.04837313096003817,0.04548058122293148,0.048724186867802007,19.51,1020.303
1791530805.0004852,69.51003638995262,0.04819462156882109,0.04550853655135664,0.04857434946904538,19.51,1020.3
1791530836.3409932,69.51003638995262,0.04807634545164349,0.045101319846966914,0.04883393744488038,19.54,1020.271
1791530867.6865876,69.51003638995262,0.04807634545164349,0.04534131818163737,0.04883393744488038,19.56,1020.251
1791530899.0280926,69.51003638995262,0.04798801863740489,0.045369102519602154,0.048774088341390076,19.57,1020.251
1791530930.36059,69.51003638995262,0.0480174248254372,0.04523052030443285,0.048803994544668695,19.57,1020.306
1791530961.7022088,69.51003638995262,0.04838861666721686,0.0453858828743688,0.04879362193379829,19.54,1020.29
1791530993.0475745,69.51003638995262,0.04838861666721686,0.044983194115211234,0.04873433089417883,19.53,1020.339
1791531024.3810048,69.51003638995262,0.04804248183827778,0.04546880965330034,0.04879362193379829,19.54,1020.327
1791531055.7284305,69.51003638995262,0.04813031611528525,0.04523052030443285,0.04856576678999084,19.54,1020.376
1791531087.0581863,69.51003638995262,0.04824792930053481,0.04523052030443285,0.048625105425047555,19.57,1020.367
1791531118.3853955,69.51003638995262,0.047900015779532915,0.04525816897704494,0.04865482915167234,19.57,1020.385
1791531149.7298608,69.51003638995262,0.04842543080969698,0.045073631675202196,0.048863917109611014,19.56,1020.407
1791531181.0714378,69.51003638995262,0.04807634545164349,0.04499077076162571,0.04848488856617013,19.57,1020.369
1791531212.4149294,69.51003638995262,0.04804686707472527,0.04525816897704494,0.048774088341390076,19.57,1020.408
1791531243.7864747,69.51003638995262,0.04850657280375075,0.04509278212386883,0.048823321587425215,19.57,1020.418
1791531275.1278498,69.51003638995262,0.04853615174884589,0.045441133743129886,0.048882829492216236,19.58,1020.393
1791531306.4772952,69.51003638995262,0.04804248183827778,0.04541349150395594,0.04879362193379829,19.57,1020.442
1791531337.8218627,69.51003638995262,0.048447522938059075,0.045037921456195694,0.048477029888752576,19.58,1020.45
1791531369.146439,69.51003638995262,0.048447522938059075,0.04541349150395594,0.048447522938059075,19.56,1020.419
1791531400.4977617,69.51003638995262,0.04838861666721686,0.045330766199061776,0.04879362193379829,19.57,1020.397
1791531431.8343375,69.51003638995262,0.04835921721628207,0.045248341731316276,0.048447522938059075,19.57,1020.375
1791531463.179803,69.51003638995262,0.04827123282003773,0.04530325803126683,0.048645664018928975,19.56,1020.387
1791531494.5241573,69.51003638995262,0.04763793321900485,0.04541349150395594,0.04876395839132286,19.57,1020.357
1791531525.8726537,69.51003638995262,0.04813031611528525,0.045065335093763745,0.04891263787582427,19.58,1020.281
1791531557.2091565,69.51003638995262,0.04835921721628207,0.0450105411502628,0.04873433089417883,19.57,1020.309
1791531588.5567596,69.51003638995262,0.04835921721628207,0.044983194115211234,0.04873433089417883,19.61,1020.26
1791531619.8872442,69.51003638995262,0.048329853468078804,0.044983194115211234,0.04873433089417883,19.61,1020.247
1791531651.2296815,69.51003638995262,0.04835921721628207,0.045330766199061776,0.04838861666721686,19.58,1020.2
1791531682.5793571,69.51003638995262,0.04835921721628207,0.0453858828743688,0.04876395839132286,19.61,1020.148
1791531713.917551,69.51003638995262,0.04841805188603804,0.01482101828887289,0.04879362193379829,19.61,1020.123
1791531745.2651405,69.51003638995262,0.14810808292536293,0.018051783305964908,0.5939841058080926,19.6,1020.138
1791531776.594758,69.51003638995262,0.10738243111424596,0.8418275973820358,0.8463603105281093,19.6,1020.178
1791531807.9421325,69.52573394030095,0.848758635764067,0.8409098605898964,0.8502536405591471,19.63,1020.136
1791531839.288621,69.53892376611839,0.8496467314602164,0.8430518185514959,0.8507686642328555,19.6,1020.142
1791531870.6412973,69.54613984052827,0.8493202183229179,0.8457121811179791,0.8505856979301317,19.63,1020.071
1791531901.9517412,69.5498086073176,0.8482418307371168,0.8464074473424544,0.8506356739019556,19.63,1020.106
1791531933.2500086,69.55395629080454,0.8486636125190435,0.8465897707755743,0.8504516022128226,19.65,1020.076
1791531964.597589,69.54931078917686,0.8464806072600939,0.8488033580739311,0.8503662662895085,19.67,1020.089
1791531995.9299808,69.54996020965733,0.8466646827494588,0.8463399725092267,0.8500864429121094,19.68,1020.091
1791532027.2764955,69.5479688231363,0.8467190010526676,0.8477146943131794,0.8501302579436355,19.67,1020.12
1791532058.6341655,69.54597953253715,0.8464377841300675,0.8474324294296464,0.8506019852147564,19.67,1020.111
1791532089.9755104,69.54502911570883,0.8468163478650392,0.8472915562791978,0.8504590834934578,19.65,1020.092
1791532121.3189747,69.5485312693859,0.8485674247035757,0.8468163478650392,0.8506019852147564,19.68,1020.1
1791532152.6603494,69.5472996886549,0.8466757659136934,0.8472915562791978,0.8504590834934578,19.7,1020.135
1791532184.019075,69.54503247671981,0.8463951182547429,0.8475287242222919,0.8499382567349653,19.67,1020.178
1791532215.3665075,69.54446863860824,0.8472915562791978,0.8475734753349826,0.8506019852147564,19.67,1020.134
1791532246.7068336,69.54446863860824,0.847335898316561,0.847335898316561,0.8498448577448129,19.7,1020.147
1791532278.0474932,69.54039254462371,0.8461013458841294,0.8481393928763878,0.8505092864870765,19.7,1020.136
1791532309.3869443,69.54047958616576,0.8468598686360584,0.8468163478650392,0.8500368653499696,19.7,1020.169
1791532340.7432957,69.53792715936942,0.8453020929251523,0.846578306323324,0.8502234214797847,19.71,1020.211
1791532372.0909314,69.53649539853895,0.8458624259080899,0.846578306323324,0.8498939596437751,19.72,1020.198
1791532403.4413002,69.5366900921637,0.8468163478650392,0.8467190010526676,0.8502234214797847,19.7,1020.221
1791532434.7718477,69.53677599251239,0.846578306323324,0.8465353561489785,0.8502234214797847,19.71,1020.228
1791532466.1013267,69.53545758466122,0.8459191023977406,0.846578306323324,0.849702419977505,19.7,1020.268
1791532497.4437861,69.5362156417481,0.8470980295961084,0.8467190010526676,0.8496086742962716,19.7,1020.271
1791532528.7242353,69.5380093249237,0.8470540976716698,0.8461572560838687,0.8495601566698557,19.68,1020.256
1791532560.0657861,69.53960912223356,0.8467190010526676,0.8459191023977406,0.8500807517354815,19.71,1020.238
1791532591.4041278,69.53988923757348,0.8458207143300872,0.8456806566601242,0.8493722008567538,19.74,1020.226
1791532622.7566304,69.53845856207268,0.8454419183334687,0.8461572560838687,0.8496086742962716,19.74,1020.242
1791532654.0841784,69.53487568995034,0.8461151568169709,0.8479065928781415,0.8495118169915984,19.75,1020.236
1791532685.4147432,69.53761804426652,0.8466326894452851,0.8452615122871939,0.8496537896826938,19.75,1020.244
1791532716.7451265,69.53809248704847,0.8467297848940163,0.8464925635030407,0.8500314272123697,19.77,1020.198
1791532748.0966704,69.53753324850723,0.8459754326449909,0.8462550519156092,0.8495118169915984,19.75,1020.252
1791532779.4491193,69.53725438168438,0.8453603434448316,0.845499776856257,0.8496053375314827,19.77,1020.189
1791532810.7836828,69.53714235827758,0.8459337686890819,0.8459897803924807,0.8499822833759713,19.77,1020.202
1791532842.138007,69.53947051053467,0.8471680653831196,0.8460039892545729,0.8496467314602164,19.77,1020.189
1791532873.4756324,69.54182480558258,0.84754226964054,0.8463651221165869,0.8496467314602164,19.75,1020.238
1791532904.822112,69.540238587393,0.8451406595942937,0.8459337686890819,0.8497916951073382,19.75,1020.217
1791532936.168646,69.53731384683496,0.8455572825621034,0.8470196528411245,0.8499333192352578,19.78,1020.237
1791532967.50399,69.53937609994327,0.847535529930749,0.8465044033765927,0.8494156675779068,19.81,1020.239
1791532998.8505056,69.54470500489072,0.8479614965697418,0.8452970440960179,0.8490861542956232,19.82,1020.241
1791533030.1829817,69.5434872285682,0.8457686261739066,0.8463775143351662,0.8497874951850621,19.85,1020.261
1791533061.5345788,69.54069128528862,0.8452569390933863,0.8466549107331787,0.8497392400605053,19.87,1020.262
1791533092.8710766,69.53525356404086,0.8440750005018168,0.8467938611256992,0.8491795672484338,19.82,1020.26
1791533124.201409,69.53178942225169,0.8449228398385976,0.8466549107331787,0.8492727538693366,19.82,1020.218
1791533155.546947,69.53084807033052,0.8460454526108586,0.8465161285714468,0.8492727538693366,19.85,1020.264
1791533186.8873715,69.53533852141956,0.84754226964054,0.8452970440960179,0.8496467314602164,19.85,1020.315
1791533218.2298806,69.53962541838706,0.8474980895769458,0.8453546410931968,0.84959876084241,19.89,1020.28
1791533249.5606263,69.53738562297195,0.8458657684838857,0.846985666191443,0.84959876084241,19.91,1020.305
1791533280.915939,69.53691636942058,0.8467510394157592,0.846985666191443,0.8499720600782625,19.91,1020.272
1791533312.2524333,69.53514582755683,0.8458657684838857,0.8467510394157592,0.849365714979912,19.89,1020.313
1791533343.5879576,69.53486836667275,0.8468469357494045,0.846985666191443,0.8492254616065577,19.89,1020.34
1791533374.9243,69.53486836667275,0.8471245644963525,0.8471245644963525,0.8489921898993187,19.88,1020.343
1791533406.2639441,69.53121639173924,0.8455329779605396,0.8473589654272954,0.8495061381616069,19.88,1020.346
1791533437.6124957,69.52767249327789,0.8452569390933863,0.8470288883240584,0.8495061381616069,19.89,1020.348
1791533468.9547932,69.52645573787585,0.8460039892545729,0.8466123669555906,0.8492254616065577,19.89,1020.336
1791533500.28442,69.52775623986477,0.8467510394157592,0.8461007884213007,0.849132386962837,19.91,1020.307
1791533531.6328273,69.52720188520397,0.8464738620853526,0.8467510394157592,0.8499720600782625,19.91,1020.33
1791533562.9721975,69.52645483504278,0.8463775143351662,0.8467510394157592,0.849365714979912,19.94,1020.314
1791533594.302859,69.52645483504278,0.8462390677197381,0.8462390677197381,0.849365714979912,19.92,1020.318
1791533625.6453888,69.52869463045789,0.846985666191443,0.8458657684838857,0.84959876084241,19.95,1020.28
1791533656.9908006,69.52645347997434,0.8456304641739796,0.8467510394157592,0.8497392400605053,19.95,1020.279
1791533688.334212,69.52570688150263,0.8454924692480332,0.8458657684838857,0.8489921898993187,19.91,1020.246
1791533719.6798127,69.52496028303092,0.8458657684838857,0.8462390677197381,0.8492254616065577,19.94,1020.28
1791533751.0291898,69.52617658674347,0.846985666191443,0.8463775143351662,0.8504862902216916,19.89,1020.312
1791533782.354622,69.5246824864211,0.8460039892545729,0.8467510394157592,0.8497392400605053,19.87,1020.337
1791533813.6882524,69.5266473129048,0.8467510394157592,0.8457686261739066,0.8492254616065577,19.89,1020.287
1791533845.0227451,69.52692454137735,0.8465161285714468,0.8463775143351662,0.8502536405591471,19.87,1020.299
1791533876.375107,69.52841773832077,0.8462390677197381,0.8454924692480332,0.8501127651410983,19.87,1020.311
1791533907.718603,69.53112723897674,0.8477322646631479,0.8463775143351662,0.8497392400605053,19.84,1020.328
1791533939.0652387,69.53159784759654,0.8458657684838857,0.8456304641739796,0.84959876084241,19.88,1020.338
1791533970.3996572,69.53057480758346,0.8454924692480332,0.8460039892545729,0.8492254616065577,19.88,1020.304
1791534001.7520237,69.53206800452688,0.8466123669555906,0.8458657684838857,0.8504862902216916,19.91,1020.29
1791534033.096586,69.53356210484925,0.8474980895769458,0.8467510394157592,0.8502536405591471,19.88,1020.292
1791534064.4441214,69.53580325533281,0.8474980895769458,0.8463775143351662,0.8497392400605053,19.94,1020.305
1791534095.7877188,69.53234432852673,0.8457686261739066,0.8474980895769458,0.849365714979912,19.89,1020.281
1791534127.1321175,69.53104136102068,0.8461423773726767,0.8467938611256992,0.8496467314602164,19.91,1020.269
1791534158.4805431,69.53037471824783,0.8455736341649884,0.8459069555514194,0.8493202183229179,19.91,1020.285
1791534189.8270774,69.53112312676267,0.8460454526108586,0.8456712483534382,0.8501616994424824,19.92,1020.295
1791534221.1687002,69.53289648457815,0.846419656868279,0.8455329779605396,0.8497874951850621,19.96,1020.321
1791534252.5099702,69.53139966754847,0.8456712483534382,0.846419656868279,0.8501616994424824,19.94,1020.294
1791534283.854544,69.531122103225,0.8465161285714468,0.8466549107331787,0.8498798893603771,19.94,1020.254
1791534315.1461084,69.53084499168575,0.8461423773726767,0.8462809331422989,0.8492727538693366,19.92,1020.257
1791534346.497425,69.53131561622476,0.8467938611256992,0.846558548856195,0.8497874951850621,19.92,1020.25
1791534377.841973,69.53506220038268,0.8478215846597461,0.8459482925807814,0.8498359261128774,19.95,1020.201
1791534409.1773734,69.53431197302689,0.8458508964247943,0.8462260101026912,0.8503522605595554,19.94,1020.216
1791534440.5289273,69.53187014074436,0.8462260101026912,0.8474469262439532,0.8498359261128774,19.94,1020.155
1791534471.8654637,69.52962491519983,0.8452970440960179,0.846419656868279,0.8496948767387109,19.91,1020.18
1791534503.2208567,69.52513446411079,0.8456712483534382,0.8479164738979604,0.8490390866702214,19.91,1020.2
1791534534.5664663,69.52429913021085,0.8459897803924807,0.8464074473424544,0.8495089637586749,19.91,1020.219
1791534565.896941,69.52524740471269,0.846031419813023,0.8455572825621034,0.8496986299588657,19.92,1020.206
1791534597.2243438,69.52636227000768,0.8462128249310857,0.8456553922835914,0.8495570625467923,19.91,1020.188
1791534628.56697,69.53218982859636,0.8485691715779304,0.8456553922835914,0.8499333192352578,19.91,1020.204
1791534659.9163375,69.5319940866014,0.8456553922835914,0.8457532632810723,0.8495089637586749,19.89,1020.209
1791534691.2597432,69.53274522669692,0.8461288333288325,0.8457532632810723,0.8496502433866875,19.88,1020.238
1791534722.600545,69.53499864698348,0.8465044033765927,0.8453776932333119,0.8495089637586749,19.89,1020.241
1791534753.9437668,69.53349636679243,0.8453776932333119,0.8461288333288325,0.8495089637586749,19.89,1020.243
1791534785.2923663,69.53302390737201,0.8459897803924807,0.8462260101026912,0.8497431976335409,19.92,1020.267
1791534816.63383,69.53199352647316,0.8458922568930259,0.8464074473424544,0.849884533806435,19.94,1020.231
1791534847.980237,69.52832201646252,0.8456553922835914,0.8474911472889048,0.8497431976335409,19.94,1020.265
1791534879.328845,69.52428958005414,0.8448637552201628,0.8468799734243531,0.8493678559094349,19.92,1020.258
1791534910.6822248,69.52456701066778,0.8458508964247943,0.8457121811179791,0.8502108120215045,19.91,1020.247
1791534942.0247238,69.52551135575328,0.8464619529352333,0.8459897803924807,0.8497431976335409,19.89,1020.267
1791534973.3762815,69.52918804732371,0.8479115574601805,0.846073211674965,0.8494156675779068,19.91,1020.268
1791535004.7128482,69.52994193901269,0.8462128249310857,0.8458358790865973,0.8496053375314827,19.91,1020.266
1791535036.0602424,69.52994193901269,0.8459337686890819,0.8459337686890819,0.8496986299588657,19.89,1020.268
1791535067.41275,69.52843599450478,0.8455572825621034,0.8463102548160601,0.8493221438318873,19.94,1020.256
1791535098.7602117,69.53069491126665,0.8463102548160601,0.845180796435125,0.8494636542843012,19.94,1020.252
1791535130.1107461,69.52720997268183,0.845180796435125,0.8469232657275338,0.8496986299588657,19.92,1020.251
1791535161.4411833,69.52447800635098,0.8455572825621034,0.8469232657275338,0.8493221438318873,19.92,1020.232
1791535192.7888346,69.52475587443084,0.8456553922835914,0.84551645824366,0.8494156675779068,19.95,1020.199
1791535224.1402104,69.52522936530096,0.8456144386683749,0.8453776932333119,0.8495089637586749,19.95,1020.202
1791535255.4895625,69.52795834417616,0.8466438541917584,0.8452793647541599,0.8497916951073382,19.98,1020.202
1791535286.8351412,69.52823633140007,0.8458922568930259,0.8457532632810723,0.8485228474385891,19.92,1020.197
1791535318.1804364,69.52720674687743,0.8457532632810723,0.8462680555423922,0.8495089637586749,19.94,1020.205
1791535349.508008,69.52720674687743,0.84551645824366,0.84551645824366,0.8494156675779068,19.94,1020.163
1791535380.8454835,69.52993618351275,0.8462680555423922,0.8449033372247284,0.8494156675779068,19.94,1020.144
1791535412.1910884,69.5294622161897,0.8459337686890819,0.8461707523506029,0.8493221438318873,19.94,1020.137
1791535443.5365696,69.5294622161897,0.8457944956621373,0.8457944956621373,0.8493221438318873,19.96,1020.08
1791535474.8850245,69.52795810607198,0.8456553922835914,0.8464074473424544,0.8499333192352578,19.95,1020.06
1791535506.2094202,69.52843241269181,0.8456553922835914,0.845418238973672,0.8495570625467923,19.98,1020.051
1791535537.555249,69.52692830257409,0.8452793647541599,0.846031419813023,0.8499333192352578,19.96,1020.046
1791535568.904377,69.53021393312928,0.846783474871886,0.8451406595942937,0.8492744447373213,19.95,1020.032
1791535600.243898,69.53021393312928,0.846031419813023,0.846031419813023,0.8501677226367698,19.95,1020.052
1791535631.5865545,69.53096598818814,0.8464074473424544,0.846031419813023,0.8496502433866875,19.95,1020.02
1791535662.9309683,69.53021393312928,0.846031419813023,0.8464074473424544,0.8494156675779068,19.96,1020.003
1791535694.278442,69.530965530428,0.8458922568930259,0.84551645824366,0.8492744447373213,19.95,1020.018
1791535725.6210983,69.53424978770279,0.8456553922835914,0.8440132636461953,0.8492744447373213,19.96,1019.983
1791535756.9653943,69.53349773264392,0.8452793647541599,0.8456553922835914,0.8490396400484752,19.96,1019.966
1791535788.2549276,69.53397088551553,0.8461288333288325,0.8458922568930259,0.8492744447373213,19.98,1019.94
1791535819.4424095,69.5344446147344,0.8458922568930259,0.8456553922835914,0.8490396400484752,19.96,1019.939
1791535850.7908235,69.53800413618482,0.8472555434721133,0.8454757827468975,0.8496502433866875,19.99,1019.904
1791535882.133377,69.53950459089641,0.8458508964247943,0.8451006690690008,0.8496020332037619,20.02,1019.87
1791535913.4857361,69.53650368147323,0.8443504417132073,0.8458508964247943,0.8492269195258652,20.04,1019.831
1791535944.8373497,69.53444893928972,0.8449624093007247,0.8459897803924807,0.8493678559094349,20.01,1019.824
1791535976.1688874,69.53219688894508,0.8452390969442688,0.8463651221165869,0.8495089637586749,19.99,1019.857
1791536007.5172422,69.52919415515223,0.8441130717719508,0.8456144386683749,0.8487578236631542,20.01,1019.805
1791536038.8557909,69.52694073486566,0.8457532632810723,0.8468799734243531,0.8495089637586749,19.99,1019.817
1791536070.2042992,69.52694073486566,0.8453776932333119,0.8453776932333119,0.8495089637586749,19.99,1019.827
1791536101.5437198,69.52769141831388,0.8459897803924807,0.8456144386683749,0.8493678559094349,20.02,1019.773
1791536132.846241,69.52741331244117,0.8459897803924807,0.8461288333288325,0.848992514185329,20.01,1019.746
1791536164.183878,69.53041604623402,0.8467404638406929,0.8452390969442688,0.8491333937109146,20.01,1019.716
1791536195.5313146,69.52891650259951,0.8449624093007247,0.8457121811179791,0.8492269195258652,20.01,1019.753
1791536226.85977,69.527416958965,0.8453372952093519,0.8460870670266061,0.8490861542956232,19.99,1019.727
1791536258.2041738,69.52488759677742,0.8454757827468975,0.8467404638406929,0.8492269195258652,19.99,1019.749
1791536289.549893,69.52441468126457,0.8456144386683749,0.8458508964247943,0.848992514185329,20.01,1019.722
1791536320.8753734,69.52291422655298,0.8451006690690008,0.8458508964247943,0.8492269195258652,20.04,1019.772
1791536352.2246974,69.52544358874057,0.8467404638406929,0.8454757827468975,0.848992514185329,20.02,1019.757
1791536383.5733504,69.52572113763222,0.8460870670266061,0.8459482925807814,0.8494610402042504,20.02,1019.762
1791536414.9087105,69.52647090944947,0.8460870670266061,0.8457121811179791,0.8492269195258652,20.01,1019.762
1791536446.2463317,69.52946999671849,0.8464619529352333,0.8449624093007247,0.8490861542956232,20.01,1019.773
1791536477.58586,69.53321885580476,0.8468368388438604,0.8449624093007247,0.8494610402042504,20.01,1019.806
1791536508.9272656,69.53294130691312,0.8459482925807814,0.8460870670266061,0.8489455599071251,20.02,1019.797
1791536540.2767096,69.53266375802147,0.8459482925807814,0.8460870670266061,0.8494610402042504,20.04,1019.813
1791536571.6252153,69.53416148281704,0.8461841176573037,0.8454352552595212,0.8488051360495426,20.05,1019.835
1791536602.981584,69.53640807001038,0.8473074112539775,0.8461841176573037,0.8491795672484338,20.08,1019.82
1791536634.3071601,69.53893107953074,0.846558548856195,0.8452970440960179,0.8494132909276417,20.11,1019.829
1791536665.646731,69.53790579480595,0.8452970440960179,0.8458096864584126,0.8490390866702214,20.11,1019.82
1791536696.9952013,69.53865465720374,0.8461841176573037,0.8458096864584126,0.8488051360495426,20.14,1019.805
1791536728.3346002,69.53491034521483,0.8454352552595212,0.8473074112539775,0.8491795672484338,20.15,1019.767
1791536759.682122,69.53416102838324,0.8466976094123673,0.8470722678281603,0.8485709014913321,20.16,1019.753
1791536791.029627,69.53041444422531,0.8448243173334026,0.8466976094123673,0.8489455599071251,20.19,1019.747
1791536822.3591468,69.53940624620435,0.8459482925807814,0.8414523915912662,0.8494610402042504,20.19,1019.739
1791536853.7057335,69.5376291536782,0.8459482925807814,0.8468368388438604,0.8494610402042504,20.25,1019.731
1791536885.0471683,69.5373508119875,0.8464619529352333,0.8466011237805878,0.8498359261128774,20.25,1019.669
1791536916.3865824,69.54907565245094,0.8468368388438604,0.8409744186121364,0.8492269195258652,20.21,1019.665
1791536947.738095,69.55432405517172,0.8468368388438604,0.8442126374834705,0.8484766921700717,20.26,1019.618
1791536979.0796683,69.55799830840365,0.8467404638406929,0.8449033372247284,0.8490861542956232,20.25,1019.644
1791537010.4591322,69.54708766781252,0.8422711445187077,0.847726464814278,0.8489456577049089,20.22,1019.657
1791537041.7855399,69.53405284218172,0.8420997596458267,0.8486171724612229,0.8496020332037619,20.21,1019.638
1791537073.1330376,69.52354965920061,0.8424748733237235,0.847726464814278,0.8492269195258652,20.18,1019.663
1791537104.4595616,69.51932572567948,0.8436002143574137,0.8457121811179791,0.8494610402042504,20.16,1019.705
1791537135.8010545,69.51885350275387,0.8457121811179791,0.8459482925807814,0.8494610402042504,20.18,1019.695
1791537167.1494617,69.51660555225911,0.8455736341649884,0.8466976094123673,0.8496948767387109,20.16,1019.663
1791537198.503055,69.51585668986132,0.8458096864584126,0.8461841176573037,0.8489455599071251,20.15,1019.672
1791537229.857705,69.51530192872494,0.8458096864584126,0.8460870670266061,0.8489455599071251,20.14,1019.617
1791537261.1889389,69.51502437983329,0.8459482925807814,0.8460870670266061,0.8498359261128774,20.12,1019.616
1791537292.5294027,69.51502437983329,0.8468368388438604,0.8468368388438604,0.8498359261128774,20.12,1019.583
1791537323.8741074,69.51699523642206,0.8466976094123673,0.8457121811179791,0.8498359261128774,20.09,1019.586
1791537355.2154174,69.52374318277735,0.8475866106611146,0.8442126374834705,0.8496020332037619,20.08,1019.555
1791537386.540893,69.52393728403875,0.8461841176573037,0.8460870670266061,0.8500695351545039,20.07,1019.516
1791537417.890524,69.52413598643975,0.8444884134960569,0.8443890622955615,0.8492744447373213,20.08,1019.499
1791537449.2189415,69.54323473121697,0.8470103269749613,0.837460954586347,0.8488039565396363,20.14,1019.485
1791537480.5656,69.54872767023095,0.8460172495988931,0.8432707800919055,0.849182056604746,20.16,1019.49
1791537511.9018,69.55052008346134,0.8469134562140881,0.8460172495988931,0.8488039565396363,20.19,1019.467
1791537543.2463717,69.54523315804587,0.844744501796905,0.8473879645046374,0.8496537896826938,20.19,1019.461
1791537574.5911298,69.54022694620211,0.8443668642672288,0.8468699701891105,0.8492761521530177,20.18,1019.475
1791537605.9363234,69.53391129649661,0.8440895520224271,0.84724737687518,0.8489928416410928,20.15,1019.485
1791537637.280871,69.52767837497443,0.843473310014483,0.8465897707755743,0.8496053375314827,20.14,1019.52
1791537668.6133327,69.52287763832038,0.8445663482930377,0.846966716620063,0.8496053375314827,20.12,1019.555
1791537699.9377844,69.52231816117647,0.8462128249310857,0.8464925635030407,0.8496053375314827,20.08,1019.564
1791537731.283597,69.51985954636945,0.8448439042714526,0.846073211674965,0.8493700177656055,20.11,1019.546
1791537762.6288667,69.51910565468047,0.8454589332421086,0.8458358790865973,0.8494636542843012,20.12,1019.555
1791537793.972357,69.52438612042366,0.8486156655165801,0.8459754326449909,0.8489928416410928,20.11,1019.579
1791537825.313806,69.52430469540602,0.8453603434448316,0.8454010559536496,0.8492283916869943,20.08,1019.597
1791537856.6622744,69.52562195162864,0.8464377841300675,0.8457791560187592,0.8489457564615521,20.05,1019.547
1791537888.005738,69.52343590096946,0.8453020929251523,0.8463951182547429,0.849182056604746,20.08,1019.617
1791537919.2873435,69.52116868903437,0.8452615122871939,0.8463951182547429,0.8490401988456905,20.08,1019.623
1791537950.6308823,69.52371338103528,0.8466326894452851,0.8453603434448316,0.8496537896826938,20.07,1019.646
1791537981.9692006,69.52399236825613,0.8457377501309014,0.845598256520478,0.8495118169915984,20.05,1019.648
1791538013.2977512,69.52597852300826,0.8470103269749613,0.8460172495988931,0.8492761521530177,20.08,1019.609
1791538044.6292534,69.5256986302503,0.8457791560187592,0.8459191023977406,0.84941806750154,20.05,1019.604
1791538075.9807441,69.5226756810035,0.8452615122871939,0.8467729869105926,0.84941806750154,20.07,1019.618
1791538107.3192356,69.52371096846663,0.8457791560187592,0.8452615122871939,0.8492761521530177,20.05,1019.652
1791538138.6530778,69.52522522340652,0.8460592203950957,0.8453020929251523,0.8500807517354815,20.07,1019.667
1791538169.9941807,69.5221985693427,0.8451624388817878,0.8466757659136934,0.8500807517354815,20.05,1019.689
1791538201.3386378,69.52466787780953,0.8454010559536496,0.8441664017202373,0.8493240882195285,20.07,1019.718
1791538232.6801357,69.52590458514176,0.845581915422345,0.8449635617562358,0.8495146982678105,20.07,1019.779
1791538264.0286262,69.52514559615233,0.8451034369186573,0.8454829314133737,0.8492778763605369,20.09,1019.786
1791538295.3551462,69.52410707979405,0.8458207143300872,0.8463399725092267,0.8493722008567538,20.05,1019.771
1791538326.7006047,69.52306775320544,0.8459609439657857,0.8464806072600939,0.8493722008567538,20.08,1019.788
1791538358.0462394,69.52183302849036,0.8459609439657857,0.846578306323324,0.8497512294001945,20.08,1019.778
1791538389.3967004,69.52259155124229,0.8461013458841294,0.8457220845081648,0.8491354368918459,20.08,1019.79
1791538420.7512548,69.52107636725582,0.8458207143300872,0.846578306323324,0.8497512294001945,20.08,1019.785
1791538452.090754,69.52231260892299,0.8459609439657857,0.8453428231322002,0.8493722008567538,20.08,1019.767
1791538483.4271684,69.52326911906903,0.8462419204028063,0.845763665329788,0.8490407631418564,20.09,1019.778
1791538514.7745986,69.52498697343215,0.8465235885158238,0.8456646613342617,0.8497062473384815,20.09,1019.769
1791538546.118305,69.52403022095598,0.8459042916022032,0.8463826678402863,0.8491833196669489,20.09,1019.767
1791538577.460675,69.52857856347727,0.8463399725092267,0.8440658012485813,0.8491354368918459,20.09,1019.776
1791538608.8011065,69.52630299522149,0.8457220845081648,0.8468598686360584,0.8495146982678105,20.07,1019.763
1791538640.1526628,69.5252613515294,0.845763665329788,0.8462844871758308,0.8492778763605369,20.07,1019.779
1791538671.4931724,69.52801967030805,0.8460029399400621,0.8446237805507343,0.8493260517648539,20.08,1019.751
1791538702.8375187,69.5266968954279,0.8453837037367702,0.8460450911768479,0.8490885299175377,20.08,1019.752
1791538734.1910734,69.52621834620736,0.845763665329788,0.8460029399400621,0.8494204910420807,20.07,1019.761
1791538765.526568,69.5283003522798,0.8462844871758308,0.8452434841396134,0.8495632812599669,20.05,1019.762
1791538796.8681633,69.52877890150035,0.8460029399400621,0.845763665329788,0.8491833196669489,20.08,1019.748
1791538828.219554,69.5284971809943,0.8461436269228059,0.8462844871758308,0.8495632812599669,20.09,1019.735
1791538859.5652218,69.52773725780825,0.8461436269228059,0.8465235885158238,0.8495632812599669,20.08,1019.708
1791538890.9095497,69.52565035894975,0.8456646613342617,0.8467081107635164,0.8493260517648539,20.08,1019.713
1791538922.2520669,69.5274561284817,0.846087398538765,0.8451845137727848,0.849517608002792,20.08,1019.712
1791538953.6006074,69.5264116871707,0.8459463122681506,0.846468532923657,0.8498987423876839,20.11,1019.679
1791538984.9569633,69.52259798904478,0.8450845496703188,0.8469913987332719,0.8492796176088154,20.11,1019.707
1791539016.2995894,69.52316174159485,0.8458472892955001,0.8455654130204676,0.849517608002792,20.09,1019.701
1791539047.649601,69.52211777055825,0.8455654130204676,0.846087398538765,0.8493744054972968,20.11,1019.684
1791539079.0036783,69.52384201222505,0.846087398538765,0.8452252777053683,0.8491364736179002,20.12,1019.712
1791539110.3470268,69.52947183722809,0.8470355676882912,0.8442206551867717,0.8491845952277417,20.14,1019.708
1791539141.6924508,69.53481431466653,0.8471333053619565,0.8444620666427329,0.8494229385498625,20.11,1019.698
1791539173.036001,69.53557658343632,0.846468532923657,0.846087398538765,0.8494229385498625,20.11,1019.66
1791539204.3824933,69.53453062412002,0.8456068832366859,0.846129862894837,0.8494229385498625,20.12,1019.647
1791539235.708964,69.53022973341226,0.8447431006241825,0.8468935459780632,0.8495664367693548,20.12,1019.649
1791539267.0555263,69.53022973341226,0.845748021353224,0.845748021353224,0.8499482783109678,20.09,1019.684
1791539298.3978062,69.53042921275485,0.8454659194829095,0.8453661798116109,0.8493280347524002,20.11,1019.666
1791539329.7443678,69.53119195238004,0.8458472892955001,0.8454659194829095,0.8492796176088154,20.16,1019.646
1791539361.0898948,69.52946816565664,0.846271412000255,0.8471333053619565,0.8495664367693548,20.16,1019.649
1791539392.4373412,69.52584688629477,0.8446024967283848,0.8464131364093145,0.8491845952277417,20.15,1019.647
1791539423.7668462,69.52986006376328,0.8473727685458625,0.8453661798116109,0.8490413330185449,20.18,1019.643
1791539455.1113095,69.52841621199553,0.8449843382699977,0.8457062641538732,0.8490413330185449,20.16,1019.651
1791539486.4629624,69.52547892394014,0.8456646613342617,0.8471333053619565,0.8489935062496139,20.15,1019.617
1791539517.8064082,69.52491213285023,0.8463700942993213,0.846653489844273,0.8491845952277417,20.14,1019.615
1791539549.1587863,69.52338287509393,0.845266193092088,0.8460308219702389,0.8494716519219188,20.15,1019.577
1791539580.4883623,69.52366597330476,0.846271412000255,0.846129862894837,0.8491845952277417,20.16,1019.584
1791539611.8318567,69.52366597330476,0.846271412000255,0.846271412000255,0.8490893374828432,20.19,1019.589
1791539643.173337,69.52491344971656,0.8461724851205493,0.8455487469146448,0.849615447066512,20.15,1019.591
1791539674.518919,69.52567855237122,0.8454073824658909,0.8450248311385617,0.8497594205172144,20.18,1019.592
1791539705.8184962,69.52519749489402,0.8458893341562368,0.846129862894837,0.8497594205172144,20.19,1019.604
1791539737.1448412,69.52567902497603,0.845748021353224,0.8455072563122187,0.848945956908382,20.15,1019.608
1791539768.4873347,69.52587736971753,0.8461724851205493,0.8460733127497992,0.8492328957391828,20.15,1019.674
1791539799.8116808,69.52817838065694,0.8459738939730753,0.8448233885033728,0.8488981123950065,20.16,1019.597
1791539831.1651764,69.52741185314348,0.8458320023411803,0.8462152660979085,0.8490419085589486,20.15,1019.627
1791539862.5166087,69.52990740448207,0.8465550364478784,0.8453072607785828,0.8488503444118537,20.15,1019.626
1791539893.8662362,69.53019154051223,0.8461159619881523,0.8459738939730753,0.8492813761517346,20.18,1019.63
1791539925.2126398,69.53325765056606,0.8462152660979085,0.8446822110709954,0.8489460586277598,20.15,1019.649
1791539956.5562632,69.53575584132594,0.8473650573680933,0.8461159619881523,0.8488981123950065,20.18,1019.605
1791539987.9006615,69.5347902476469,0.845448738584452,0.8459315354239691,0.8497594205172144,20.18,1019.598
1791540019.2502127,69.53527179506132,0.8466971124426184,0.8464563387354073,0.849520546620273,20.19,1019.582
1791540050.5748599,69.5375713776017,0.8465985298546369,0.845448738584452,0.8487544946490565,20.19,1019.571
1791540081.9041743,69.53547276221651,0.8451659584053202,0.8462152660979085,0.8488981123950065,20.22,1019.597
1791540113.259699,69.53498894115043,0.845348481616799,0.8455903921498411,0.848802143287889,20.21,1019.613
1791540144.6012666,69.5347050344542,0.8460733127497992,0.8462152660979085,0.8492813761517346,20.22,1019.601
1791540175.9406161,69.53107005224854,0.8446822110709954,0.846499702173829,0.8491375206346647,20.21,1019.601
1791540207.279066,69.52905174716463,0.8449647414311223,0.8459738939730753,0.8495696236592423,20.18,1019.577
1791540238.6266859,69.52856782498738,0.8445412088073664,0.8447831698959957,0.848802143287889,20.19,1019.571
1791540269.9810452,69.527235015103,0.8457899337932201,0.8464563387354073,0.8489938434985654,20.22,1019.591
1791540301.3206067,69.52780201902911,0.8463143239332938,0.8460308219702389,0.848945956908382,20.22,1019.559
1791540332.664186,69.52549957791506,0.845348481616799,0.846499702173829,0.8490419085589486,20.22,1019.561
1791540363.9955587,69.52990440230599,0.845632192883881,0.8434297806884156,0.8490901530891144,20.22,1019.556
1791540395.3351955,69.53172778421649,0.8466860044744466,0.8457743135192011,0.849234427006571,20.22,1019.549
1791540426.6836357,69.52999181040678,0.8452479750832997,0.8461159619881523,0.848705935288533,20.19,1019.535
1791540458.0152485,69.53104129353198,0.8458320023411803,0.8453072607785828,0.8491858834735656,20.21,1019.569
1791540489.3605595,69.53868285041234,0.8470355676882912,0.8432147892481098,0.8490893374828432,20.22,1019.592
1791540520.6951067,69.53695501956351,0.8459315354239691,0.84679545084839,0.8492328957391828,20.22,1019.59
1791540552.0485818,69.53293354646405,0.8450248311385617,0.8470355676882912,0.8494716519219188,20.21,1019.585
1791540583.3941498,69.5343491151491,0.8471333053619565,0.8464255210194342,0.8491364736179002,20.21,1019.58
1791540614.7336483,69.52958617204807,0.8446634067725711,0.8470448783230867,0.849468959760124,20.28,1019.57
1791540646.0671644,69.52730359299255,0.8456646613342617,0.8468059508620204,0.8493260517648539,20.31,1019.589
1791540677.4076421,69.52302143964455,0.8449038016490893,0.8470448783230867,0.8497062473384815,20.29,1019.591
1791540708.762123,69.5233839854373,0.8455240960285753,0.8453428231322002,0.8497062473384815,20.32,1019.603
1791540740.0977852,69.5249028970382,0.8479015794411835,0.8471421236407349,0.8495146982678105,20.32,1019.599
1791540771.4351892,69.5264218086391,0.8471421236407349,0.8463826678402863,0.8500368653499696,20.31,1019.59
1791540802.776644,69.52633667509305,0.8462419204028063,0.8462844871758308,0.8496573708552532,20.26,1019.546
1791540834.1160738,69.52765784175729,0.8463826678402863,0.8457220845081648,0.8492778763605369,20.23,1019.541
1791540865.4656353,69.52518921811955,0.8450631223368503,0.8462974341557171,0.8494662940098413,20.26,1019.55
1791540896.809044,69.52897485546927,0.8468163478650392,0.8449235291901805,0.8494662940098413,20.29,1019.511
1791540928.14857,69.52642543554919,0.8454010559536496,0.8466757659136934,0.849182056604746,20.29,1019.518
1791540959.5001426,69.52889196199683,0.8465353561489785,0.8453020929251523,0.8493240882195285,20.31,1019.525
1791540990.844532,69.5271827873069,0.8461995103267056,0.8470540976716698,0.849182056604746,20.29,1019.511
1791541022.1894033,69.52889218628461,0.8465353561489785,0.8456806566601242,0.8495601566698557,20.32,1019.509
1791541053.535606,69.52435220518889,0.8444057753658348,0.8466757659136934,0.849702419977505,20.29,1019.504
1791541084.8769915,69.52179977839255,0.8453020929251523,0.846578306323324,0.8492298782996531,20.33,1019.509
1791541116.2195554,69.51649663443989,0.8446843263402318,0.847335898316561,0.8501302579436355,20.32,1019.525
1791541147.5492072,69.51422525203006,0.8456806566601242,0.8468163478650392,0.8494662940098413,20.32,1019.52
1791541178.8836682,69.51374777537674,0.8454419183334687,0.8456806566601242,0.8496086742962716,20.33,1019.523
1791541210.2271435,69.51195073683793,0.8461995103267056,0.8470980295961084,0.8499874702928901,20.36,1019.522
1791541241.5546272,69.51298810030258,0.8464377841300675,0.8459191023977406,0.8493722008567538,20.39,1019.49
1791541272.8960793,69.51573649484243,0.8471949116000108,0.8458207143300872,0.8496086742962716,20.38,1019.478
1791541304.2425911,69.51980457014854,0.8477146943131794,0.8456806566601242,0.8493722008567538,20.35,1019.488
1791541335.5890872,69.5238748497607,0.8474770581395493,0.8454419183334687,0.8496086742962716,20.38,1019.488
1791541366.9315572,69.52918124936888,0.8474770581395493,0.844823858335463,0.8492298782996531,20.36,1019.471
1791541398.2729971,69.53193115807042,0.847335898316561,0.8459609439657857,0.8497512294001945,20.35,1019.469
1791541429.608447,69.5288989297229,0.845202886878904,0.8467190010526676,0.8498939596437751,20.36,1019.459
1791541460.932891,69.5288989297229,0.8467190010526676,0.8467190010526676,0.8495146982678105,20.36,1019.465
1791541492.2774842,69.52406792070474,0.845202886878904,0.8476183913879876,0.8496086742962716,20.33,1019.479
1791541523.556059,69.52227031509497,0.8439649534345083,0.8448637562393893,0.8494204910420807,20.28,1019.468
1791541554.904533,69.51723362891497,0.8446237805507343,0.8471421236407349,0.8493260517648539,20.32,1019.464
1791541586.2478907,69.51771217813551,0.8460029399400621,0.845763665329788,0.8495632812599669,20.32,1019.434
1791541617.592423,69.51703790636165,0.8457220845081648,0.8460592203950957,0.8498448577448129,20.32,1019.413
1791541648.939013,69.5172328255424,0.8466757659136934,0.846578306323324,0.849702419977505,20.29,1019.406
1791541680.288396,69.52328984530195,0.8468163478650392,0.8437878379852655,0.8496086742962716,20.26,1019.405
1791541711.6309688,69.5230089209369,0.8461995103267056,0.8463399725092267,0.8496086742962716,20.25,1019.414
1791541742.9634202,69.52632241878617,0.8464806072600939,0.844823858335463,0.8489931723133128,20.31,1019.436
1791541774.3167837,69.52888100102932,0.8477598983816717,0.8464806072600939,0.8494204910420807,20.29,1019.428
1791541805.6613255,69.53039804653318,0.8461013458841294,0.8453428231322002,0.8491354368918459,20.28,1019.417
1791541836.9879844,69.52859857367936,0.8454829314133737,0.8463826678402863,0.8494204910420807,20.29,1019.416
1791541868.3233078,69.52811992343402,0.8449635617562358,0.845202886878904,0.8492778763605369,20.31,1019.377
1791541899.6708107,69.52915763076719,0.8461995103267056,0.8456806566601242,0.8496086742962716,20.31,1019.389
1791541931.0234287,69.525369670801,0.8458207143300872,0.8477146943131794,0.8492298782996531,20.26,1019.376
1791541962.3677588,69.52509048450766,0.8449235291901805,0.8450631223368503,0.8494662940098413,20.23,1019.365
1791541993.7123191,69.52101846390647,0.844823858335463,0.8468598686360584,0.8493722008567538,20.23,1019.377
1791542025.0567596,69.5228962573423,0.8458624259080899,0.8449235291901805,0.8498939596437751,20.25,1019.375
1791542056.3842762,69.52241970973557,0.8461995103267056,0.8464377841300675,0.8492298782996531,20.23,1019.367
1791542087.7338097,69.52468970028343,0.8459191023977406,0.8447841071238112,0.8493240882195285,20.25,1019.364
1791542119.064345,69.52440841736826,0.8469134562140881,0.8470540976716698,0.849182056604746,20.26,1019.36
1791542150.4028618,69.5221398169776,0.8457791560187592,0.8469134562140881,0.8490877302748695,20.25,1019.351
1791542181.751251,69.51759983588188,0.8451624388817878,0.8474324294296464,0.8498448577448129,20.25,1019.353
1791542213.094841,69.51807603841642,0.8469571023199425,0.8467190010526676,0.8496086742962716,20.21,1019.371
1791542244.443224,69.52139046759578,0.8472391300120231,0.845581915422345,0.8497512294001945,20.18,1019.344
1791542275.7868035,69.51939663450678,0.8457220845081648,0.8467190010526676,0.8488510823030347,20.22,1019.314
1791542307.1211128,69.52290751309964,0.8467190010526676,0.8449635617562358,0.8495146982678105,20.21,1019.318
1791542338.4756255,69.5244254910785,0.8470009093922388,0.8462419204028063,0.8492778763605369,20.21,1019.311
1791542369.818271,69.51938833751292,0.8442438189577165,0.8467623957405106,0.8491833196669489,20.21,1019.304
1791542401.1487563,69.52034553825003,0.8457220845081648,0.8452434841396134,0.8490407631418564,20.19,1019.319
1791542432.4952354,69.51854397137191,0.8453837037367702,0.8462844871758308,0.8488033580739311,20.19,1019.329
1791542463.8375483,69.51550053263122,0.8449038016490893,0.8464255210194342,0.8487081000749516,20.18,1019.323
1791542495.186177,69.51566435751367,0.8454247355734238,0.8453428231322002,0.849517608002792,20.12,1019.34
1791542526.5325782,69.51925646982183,0.8480934903097979,0.8462974341557171,0.8495146982678105,20.16,1019.349
1791542557.87412,69.5222812703427,0.8469134562140881,0.8454010559536496,0.849182056604746,20.16,1019.322
1791542589.205476,69.52275781794943,0.8464377841300675,0.8461995103267056,0.8493240882195285,20.15,1019.316
1791542620.553246,69.5244751854781,0.8458624259080899,0.8450037421437522,0.8488033580739311,20.14,1019.347
1791542651.912587,69.52295440318359,0.8455240960285753,0.8462844871758308,0.8493260517648539,20.14,1019.35
1791542683.2580822,69.52399592494221,0.8456646613342617,0.8451439004549473,0.8490885299175377,20.15,1019.336
1791542714.5875793,69.52571850900806,0.8463272115158336,0.8454659194829095,0.8488982477962248,20.15,1019.304
1791542745.969967,69.52391192118523,0.8449439953840894,0.8458472892955001,0.8488982477962248,20.16,1019.241
1791542777.3194485,69.52591927814007,0.846751699830639,0.845748021353224,0.8491845952277417,20.16,1019.26
1791542808.668017,69.52563642561596,0.8456485075311635,0.8457899337932201,0.8490893374828432,20.11,1019.29
1791542840.007486,69.5279345815296,0.8449242347929746,0.84377515683615,0.8487544946490565,20.15,1019.309
1791542871.3528492,69.52898064160235,0.8446422798112325,0.8441192497748614,0.8489938434985654,20.16,1019.329
1791542902.7034237,69.52266386053891,0.8438771771565742,0.8470355676882912,0.8492328957391828,20.19,1019.361
1791542934.0339458,69.52065756917092,0.8456068832366859,0.8466100289206813,0.8486597274872272,20.15,1019.323
1791542965.3713424,69.5212218098489,0.8463272115158336,0.8460450911768479,0.8487553392330083,20.19,1019.295
1791542996.7007883,69.52474662926456,0.847708721975982,0.8459463122681506,0.8492313795776875,20.18,1019.274
1791543028.0384276,69.52647037841301,0.8454247355734238,0.8445628609991974,0.8489935062496139,20.22,1019.242
1791543059.3908377,69.52819582642866,0.8468935459780632,0.8460308219702389,0.8490413330185449,20.15,1019.252
1791543090.7365563,69.52589909537271,0.8447831698959957,0.8459315354239691,0.84937663200789,20.15,1019.272
1791543122.0799906,69.52561684083919,0.8450248311385617,0.8451659584053202,0.8489938434985654,20.21,1019.271
1791543153.4303763,69.5312552883193,0.8455487469146448,0.8427295231745866,0.8492328957391828,20.22,1019.282
1791543184.768771,69.53326786738577,0.8465550364478784,0.8455487469146448,0.8486110549892408,20.23,1019.289
1791543216.119261,69.52964234794706,0.844501564213937,0.8463143239332938,0.8484677930845245,20.22,1019.279
1791543247.4608033,69.52782988810422,0.8442597284839033,0.8451659584053202,0.8483714686634484,20.26,1019.281
1791543278.7932951,69.52706431108557,0.8459315354239691,0.8463143239332938,0.8486110549892408,20.25,1019.237
1791543310.084756,69.52859451639489,0.8450248311385617,0.8442597284839033,0.8486110549892408,20.25,1019.223
1791543341.433301,69.52811417571472,0.8459884887680036,0.8462286591080908,0.8488982477962248,20.22,1019.231
1791543372.7777815,69.5286788693946,0.8462286591080908,0.8459463122681506,0.8492796176088154,20.22,1019.232
1791543404.10555,69.52630430574622,0.8457062641538732,0.8468935459780632,0.8494229385498625,20.23,1019.253
1791543435.4348664,69.530406291978,0.846653489844273,0.8446024967283848,0.8487070230437675,20.23,1019.216
1791543466.7781706,69.53088712077901,0.84679545084839,0.8465550364478784,0.8487070230437675,20.23,1019.2
1791543498.120715,69.52983834049887,0.8457899337932201,0.8463143239332938,0.8492328957391828,20.25,1019.199
1791543529.471277,69.5301222625071,0.84679545084839,0.846653489844273,0.8490893374828432,20.25,1019.167
1791543560.8138256,69.52734612574211,0.8454073824658909,0.84679545084839,0.8490893374828432,20.22,1019.167
1791543592.1491084,69.53423204963404,0.8465550364478784,0.8431120745019156,0.8491375206346647,20.22,1019.178
1791543623.474607,69.52972356555199,0.8445412088073664,0.84679545084839,0.8489938434985654,20.21,1019.17
1791543654.81812,69.52992475824317,0.8450248311385617,0.8449242347929746,0.8487070230437675,20.21,1019.183
1791543686.1605496,69.52887420171515,0.8466971124426184,0.8472223907066238,0.8489938434985654,20.22,1019.163
1791543717.509037,69.5299229819953,0.8463143239332938,0.8457899337932201,0.8487544946490565,20.18,1019.182
1791543748.8466964,69.53068808464995,0.8457899337932201,0.8454073824658909,0.8491375206346647,20.19,1019.191
1791543780.1811569,69.52284299221044,0.8438771771565742,0.8477997233763277,0.8493280347524002,20.19,1019.195
1791543811.5237124,69.52131845467088,0.8457062641538732,0.846468532923657,0.8492796176088154,20.19,1019.167
1791543842.8741043,69.5189418978853,0.8458472892955001,0.8470355676882912,0.8488982477962248,20.19,1019.177
1791543874.2105927,69.52784906707797,0.8474626894612673,0.8430091048649335,0.8488503444118537,20.19,1019.128
1791543905.558224,69.53119813274353,0.846981793611365,0.8453072607785828,0.8487544946490565,20.19,1019.16
1791543936.9025898,69.52813582466894,0.8451659584053202,0.8466971124426184,0.8492813761517346,20.19,1019.157
1791543968.2469776,69.53188147542271,0.8465550364478784,0.8446822110709954,0.849615447066512,20.21,1019.162
1791543999.6015048,69.53550699486142,0.8463143239332938,0.844501564213937,0.8493280347524002,20.21,1019.124
1791544030.9439478,69.53015459271437,0.845266193092088,0.8479423941656166,0.8494716519219188,20.21,1019.12
1791544062.28261,69.5227059288849,0.8425899920185592,0.8463143239332938,0.8484677930845245,20.14,1019.107
1791544093.6301568,69.51763104174384,0.8440175928773467,0.8465550364478784,0.8487544946490565,20.19,1019.128
1791544124.9655354,69.52258962190872,0.8472223907066238,0.8447431006241825,0.8488503444118537,20.18,1019.111
1791544156.3160102,69.52058084889212,0.8446024967283848,0.8456068832366859,0.8490413330185449,20.18,1019.083
1791544187.6554852,69.52122362414258,0.8453251297689813,0.8450037421437522,0.8490413330185449,20.16,1019.119
1791544219.0119152,69.52909139941174,0.8473804038869552,0.8434465162523774,0.8495146982678105,20.18,1019.107
1791544250.3384955,69.53259936520017,0.847335898316561,0.845581915422345,0.8493722008567538,20.16,1019.15
1791544281.682937,69.53108231969631,0.8449635617562358,0.8457220845081648,0.8489931723133128,20.15,1019.083
1791544313.0305092,69.5277674248519,0.8459609439657857,0.8476183913879876,0.8492778763605369,20.16,1019.093
1791544344.3678362,69.52397247990474,0.8462419204028063,0.8481393928763878,0.8492778763605369,20.16,1019.08
1791544375.70144,69.51865955697872,0.8447239424239409,0.8473804038869552,0.8496573708552532,20.15,1019.086
1791544407.039022,69.52197572949879,0.8470009093922388,0.8453428231322002,0.8490407631418564,20.15,1019.107
1791544438.3873694,69.51838061637467,0.844823858335463,0.8466214148975226,0.8493722008567538,20.15,1019.079
1791544469.7207806,69.5214165723324,0.8473804038869552,0.8458624259080899,0.849800218942305,20.15,1019.064
1791544501.057339,69.52293361783626,0.8472391300120231,0.8464806072600939,0.8492778763605369,20.14,1019.079
1791544532.410966,69.52169935821483,0.8463399725092267,0.8469571023199425,0.8492298782996531,20.15,1019.082
1791544563.7624238,69.5191434517874,0.845581915422345,0.8468598686360584,0.8493722008567538,20.16,1019.062
1791544595.1099093,69.52134426100459,0.8445843003802711,0.8434838957716806,0.8494204910420807,20.18,1019.106
1791544626.44934,69.5259478164024,0.8470448783230867,0.8447431006241825,0.8491364736179002,20.18,1019.085
1791544657.8018498,69.53043707950943,0.8474699092588823,0.8452252777053683,0.849517608002792,20.16,1019.065
1791544689.1584551,69.52814603025975,0.8465117044364502,0.8476572290612894,0.8490413330185449,20.18,1019.095
1791544720.506765,69.52698011158309,0.8442206551867717,0.8448036145251019,0.8494229385498625,20.18,1019.091
1791544751.8372903,69.52116942698682,0.8444227152774189,0.8473280575755556,0.8493744054972968,20.19,1019.067
1791544783.1856081,69.52088701147628,0.8464255210194342,0.846566728774703,0.8492313795776875,20.16,1019.074
1791544814.535264,69.51678584780647,0.8459884887680036,0.8480390706029025,0.849660987421406,20.19,1019.08
1791544845.8758032,69.52241614541433,0.8474176455323095,0.8446024967283848,0.8497101125964183,20.23,1019.058
1791544877.2211802,69.5198407027222,0.8447431006241825,0.8460308219702389,0.8491845952277417,20.22,1019.048
1791544908.556881,69.52241614541433,0.8460308219702389,0.8447431006241825,0.8497101125964183,20.19,1019.008
1791544939.898258,69.52990567041161,0.8474176455323095,0.8436728830336703,0.8491375206346647,20.21,1019.0
1791544971.2467227,69.52635383475965,0.845348481616799,0.8471243994427778,0.8492813761517346,20.19,1019.0
1791545002.587234,69.52521183694665,0.846499702173829,0.8470707010803231,0.8489941841097054,20.22,1018.997
1791545033.9326642,69.53468393698961,0.8466307682261893,0.841894718204712,0.848946161364394,20.21,1018.973
1791545065.2761908,69.5301316239048,0.844884119270778,0.8471602758131858,0.8493811519539752,20.16,1018.954
1791545096.6248868,69.51777513722406,0.841368172681596,0.8475464160219585,0.8484632098802085,20.21,1018.936
1791545127.9041014,69.51130155464539,0.8436466510701693,0.8468834423595055,0.848946161364394,20.18,1018.949
1791545159.251648,69.50422212638806,0.843915683557539,0.8474553976861997,0.8489941841097054,20.15,1018.964
1791545190.6002345,69.5043430277413,0.8450053994108965,0.8449449487342792,0.8491385780961246,20.15,1018.939
1791545221.9557464,69.50474913480119,0.8450871728007199,0.844884119270778,0.8490909768570492,20.15,1018.912
1791545253.285105,69.49951353019213,0.8450267510681304,0.8476445533726581,0.8491396461593522,20.12,1018.935
1791545284.626716,69.51029175096886,0.8449042770766941,0.8395151666883283,0.8489941841097054,20.15,1018.918
1791545315.9791336,69.50923776227012,0.8457743135192011,0.8463013078685703,0.8493788807155819,20.16,1018.893
1791545347.3376005,69.51260076518388,0.8464440229019415,0.8447625214450645,0.8489941841097054,20.16,1018.89
1791545378.6782105,69.51385846617116,0.8461019221507273,0.8454730716570872,0.8486570727923688,20.18,1018.888
1791545410.0106378,69.52150000875336,0.8474025659389243,0.8435817946478181,0.848946161364394,20.19,1018.869
1791545441.347042,69.52500308532404,0.8464315835938958,0.8446800453085579,0.8488009040978646,20.21,1018.907
1791545472.6955395,69.52606546107695,0.8455990713509239,0.8450678834744726,0.8480725576429801,20.23,1018.892
1791545504.0420802,69.53148838226552,0.8471063194046777,0.8443948588103909,0.8489462651336204,20.25,1018.858
1791545535.3835852,69.53275267363102,0.8471513991548566,0.8465192534721068,0.8489462651336204,20.26,1018.829
1791545566.7360976,69.53818923822908,0.8465192534721068,0.8438009711730785,0.8487037269587893,20.26,1018.826
1791545598.0915794,69.54827303054286,0.8462313979722169,0.8411895018153248,0.8483156450078061,20.28,1018.813
1791545629.441073,69.54177092606263,0.8438009711730785,0.8470520234131951,0.8487037269587893,20.28,1018.786
1791545660.7806003,69.53788277457755,0.844863758351015,0.8468078340935474,0.8491407249845864,20.29,1018.771
1791545692.1250107,69.53534941463238,0.8452525734995215,0.8465192534721068,0.8496258618138531,20.31,1018.74
1791545723.471629,69.526097791348,0.8428147822126988,0.8474405938548943,0.8488976980002241,20.28,1018.735
1791545754.8139868,69.52045071714868,0.8438399158718394,0.8466634529714958,0.8487519098360798,20.28,1018.725
1791545786.1465504,69.51577610368813,0.8437361105381304,0.8460734172684052,0.8490436700195617,20.26,1018.724
1791545817.4848616,69.51138925289793,0.8454381963601562,0.8476316217552549,0.8486543645316328,20.23,1018.795
1791545848.8345003,69.51118682742064,0.8456413886480281,0.8457426013866701,0.849286758163946,20.25,1018.743
1791545880.1759658,69.51486185235407,0.8470070743040465,0.8451695618373298,0.8494798908607556,20.23,1018.741
1791545911.5114126,69.51604384590443,0.8459871533019072,0.845396156526727,0.8493834460633907,20.25,1018.707
1791545942.8498466,69.52178250504,0.8460734172684052,0.8432040877006276,0.8488002751203922,20.31,1018.696
1791545974.2005143,69.52538557847427,0.8473414573453366,0.8455399206282014,0.849286758163946,20.28,1018.692
1791546005.5309966,69.5261646807177,0.84685251951183,0.8464629683901176,0.8490436700195617,20.26,1018.678
1791546036.8744671,69.52645319021748,0.8463185316040592,0.8461742768541709,0.8488976980002241,20.25,1018.674
1791546068.2218163,69.52821283271194,0.8449659493012335,0.8440861280540021,0.8491407249845864,20.23,1018.633
1791546099.5635695,69.52616759790574,0.8457852166904489,0.8468078340935474,0.8489948756216913,20.31,1018.632
1791546130.9079008,69.5242332894034,0.8452943150249802,0.8462614692761516,0.8490436700195617,20.26,1018.635
1791546162.2542996,69.5234517214937,0.8464063270513472,0.8467971110061991,0.8488488238495049,20.32,1018.664
1791546193.6009495,69.52325044604932,0.8465513683183243,0.8466520060405125,0.8488975570690828,20.33,1018.673
1791546224.949231,69.5196307090059,0.8449872424844852,0.8467971110061991,0.8493857633910382,20.32,1018.658
1791546256.289867,69.52467948071522,0.8465070845311472,0.8439826986764856,0.8495325986901617,20.35,1018.641
1791546287.6184564,69.52215640806747,0.8455569133507995,0.8468184496746753,0.8498177799989644,20.38,1018.623
1791546318.959734,69.51800005802335,0.844884119270778,0.8469622942928399,0.8495265122401318,20.35,1018.624
1791546350.3042097,69.51162686146357,0.8438654251333046,0.8470520234131951,0.8499133783209113,20.35,1018.612
1791546381.6531718,69.51367467553978,0.8457852166904489,0.8447613096523434,0.8491407249845864,20.38,1018.557
1791546413.0002346,69.51269410920311,0.8455399206282014,0.8460302037965344,0.849675818327668,20.35,1018.59
1791546444.328758,69.51318333988569,0.8461309274293883,0.8458863120880973,0.8498679728117388,20.32,1018.603
1791546475.6752367,69.51392605384044,0.8457852166904489,0.8454138597130724,0.8491884987848001,20.29,1018.624
1791546507.0078454,69.51179826758073,0.8452109893999409,0.8462748825297967,0.8493834460633907,20.32,1018.606
1791546538.3632543,69.51228700946535,0.8465192534721068,0.8462748825297967,0.8496258618138531,20.31,1018.622
1791546569.7047672,69.5171606306813,0.8460302037965344,0.8435933931885566,0.849675818327668,20.33,1018.608
1791546601.0522058,69.52211125939857,0.8460302037965344,0.8435548894379017,0.8489948756216913,20.35,1018.587
1791546632.4006386,69.51986740228688,0.8456413886480281,0.8467633172038734,0.8493834460633907,20.36,1018.592
1791546663.7251801,69.51811658611706,0.8458435598063022,0.8467189678912082,0.8499133783209113,20.38,1018.615
1791546695.0636315,69.5178287857933,0.8464753359762509,0.8466192361381317,0.8498679728117388,20.39,1018.589
1791546726.4241943,69.51685854950374,0.846244869369822,0.8467299875145998,0.8496223554700021,20.4,1018.565
1791546757.7756345,69.51628640301391,0.8461019221507273,0.8463879953956406,0.8498632572745944,20.42,1018.57
1791546789.1141343,69.51619836904408,0.8466307682261893,0.846674785211102,0.8498632572745944,20.43,1018.565
1791546820.4536498,69.51746021061133,0.846575185647898,0.8459442648642691,0.8495265122401318,20.42,1018.57
1791546851.8031504,69.51677252600217,0.8460877412893153,0.8464315835938958,0.8499636881586714,20.4,1018.56
1791546883.1465836,69.51823469430575,0.8471063194046777,0.8463752352528904,0.8501097796313647,20.38,1018.509
1791546914.43912,69.52288583054897,0.847250525350122,0.8449249572285085,0.8501097796313647,20.43,1018.497
1791546945.7865713,69.52308677163462,0.8462313979722169,0.8461309274293883,0.8494798908607556,20.4,1018.477
1791546977.1290755,69.52453183908938,0.8475854643905604,0.8468629306631864,0.8494798908607556,20.4,1018.441
1791547008.4775162,69.5211441287438,0.8459442648642691,0.8476381200370577,0.8499636881586714,20.38,1018.397
1791547039.8210707,69.51755403436637,0.8450678834744726,0.8468629306631864,0.8499636881586714,20.33,1018.379
1791547071.1634636,69.51581077274466,0.846674785211102,0.8475464160219585,0.8499133783209113,20.29,1018.375
1791547102.3801591,69.51715423484545,0.8463879953956406,0.8457162643452447,0.8498632572745944,20.32,1018.313
1791547133.6864638,69.51995977220001,0.8469176824271505,0.8455149137498706,0.8496223554700021,20.35,1018.32
1791547165.0400963,69.51947239992413,0.845657851432337,0.845901537570281,0.8500591634523752,20.35,1018.339
1791547196.381446,69.51889496572558,0.8473494029377818,0.8476381200370577,0.8502051315124339,20.38,1018.33
1791547227.730885,69.52227842789762,0.8459442648642691,0.8442525337782466,0.8491884987848001,20.36,1018.321
1791547259.0784707,69.52643853604482,0.8478810224316167,0.8458009683580141,0.8499636881586714,20.38,1018.287
1791547290.4259908,69.52334360739859,0.845657851432337,0.8472053157554549,0.8497677757743856,20.39,1018.299
1791547321.7753334,69.5151004289461,0.8435165308108136,0.8476381200370577,0.8499636881586714,20.4,1018.298
1791547353.1098888,69.51326188929123,0.8450678834744726,0.8459871533019072,0.8501097796313647,20.4,1018.268
1791547384.4453537,69.51403756562306,0.8450678834744726,0.8446800453085579,0.8499636881586714,20.39,1018.23
1791547415.7998953,69.50840714044685,0.8448229074489577,0.8476381200370577,0.8497219414654499,20.44,1018.217
1791547447.1493204,69.50395449257181,0.8459442648642691,0.8481705888017909,0.8501097796313647,20.42,1018.199
1791547478.4907794,69.50676939757537,0.8464753359762509,0.8450678834744726,0.8495760934717357,20.42,1018.211
1791547509.839364,69.50832270174624,0.8472959055575433,0.8465192534721068,0.8496258618138531,20.43,1018.173
1791547541.1708553,69.50648269938095,0.8462313979722169,0.8471513991548566,0.8495760934717357,20.43,1018.167
1791547572.466242,69.5070586618362,0.8467633172038734,0.8464753359762509,0.8499636881586714,20.4,1018.167
1791547603.8127215,69.51297432433523,0.8480257147239932,0.8450678834744726,0.8497219414654499,20.43,1018.155
1791547635.1491802,69.51481700510081,0.8474405938548943,0.8465192534721068,0.8500141878565716,20.44,1018.148
1791547666.500693,69.51171234949294,0.8467633172038734,0.8483156450078061,0.8496258618138531,20.44,1018.132
1791547697.839189,69.51946911281124,0.8470070743040465,0.8431286926448988,0.8501097796313647,20.46,1018.133
1791547729.1896284,69.52073230334341,0.8473949124699612,0.8467633172038734,0.8500141878565716,20.49,1018.109
1791547760.5362356,69.51840381163751,0.8452109893999409,0.8463752352528904,0.8502560547627218,20.43,1018.123
1791547791.8816056,69.51325723621177,0.8453542753439518,0.8479275630568229,0.8502560547627218,20.42,1018.095
1791547823.2061708,69.51762715955208,0.8479275630568229,0.8457426013866701,0.8502560547627218,20.44,1018.082
1791547854.5356576,69.5179164112098,0.8471966492420538,0.8470520234131951,0.8503071704301057,20.43,1018.051
1791547885.884128,69.51315268930739,0.8451506151402723,0.8475324760914746,0.8503584796072421,20.43,1018.035
1791547917.2195678,69.50974421648546,0.8454381963601562,0.8471424327711189,0.8498727360136099,20.44,1018.053
1791547948.5713377,69.51003443859527,0.8473871816884504,0.8472420706335425,0.8495793773638173,20.42,1018.057
1791547979.9096494,69.50720418832908,0.8455822594896953,0.8469973846227915,0.8501157611480622,20.38,1018.049
1791548011.2681468,69.5090495551601,0.8477305175090584,0.8468078340935474,0.8504539386551118,20.4,1018.067
1791548042.6207788,69.50885030269694,0.8469523971816146,0.8470520234131951,0.8500648784913898,20.4,1018.004
1791548073.950175,69.51343173021864,0.8470520234131951,0.8447613096523434,0.8498222809954196,20.43,1018.057
1791548105.297508,69.51879313119322,0.8475854643905604,0.8449047639032676,0.8498222809954196,20.44,1018.025
1791548136.641202,69.51703442701634,0.8462177904914739,0.847097142579917,0.8502627793339658,20.46,1018.016
1791548167.9884882,69.51567525916421,0.8462177904914739,0.8468973744175402,0.8496294036222907,20.46,1018.069
1791548199.332945,69.51205440352558,0.8459140348743879,0.8477244626937036,0.8502181069079674,20.44,1018.058
1791548230.6775827,69.50814408894098,0.8453782739429451,0.8473334312352437,0.8502181069079674,20.38,1018.071
1791548262.0101368,69.50913043668075,0.8464504753165593,0.8459573014466734,0.850070651444462,20.39,1018.062
1791548293.3495214,69.51197295894113,0.8472335301313777,0.8458122690011862,0.8499742219832425,20.39,1018.035
1791548324.69094,69.50845090219806,0.8450703503121154,0.8468313786836462,0.8497806273801982,20.38,1018.018
1791548356.042565,69.50461978353638,0.845317970800535,0.8472335301313777,0.849877547606573,20.35,1017.986
1791548387.384906,69.50676345210499,0.8466965934259478,0.8456247591416437,0.850070651444462,20.39,1017.964
1791548418.7315507,69.51693027002494,0.8481154941521633,0.8430320851921865,0.8498268276321875,20.4,1017.96
1791548450.0820029,69.52212083513263,0.8466965934259478,0.8441013108721038,0.8498268276321875,20.43,1017.952
1791548481.4173884,69.52348886793736,0.8476716129653907,0.8469875965630241,0.8496329814361038,20.44,1017.947
1791548512.7979445,69.52476627435425,0.8456674205017406,0.8450287172932942,0.8499742219832425,20.44,1017.925
1791548544.1403854,69.51907013203316,0.8442853041341015,0.8471333752946433,0.8501731504692049,20.44,1017.981
1791548575.4920375,69.51849067666784,0.8448224147652761,0.8451121424479415,0.8497806273801982,20.44,1017.951
1791548606.8344848,69.51978162324126,0.8472624327060756,0.8466169594193624,0.8489963012849225,20.46,1017.902
1791548638.1798868,69.51312816968976,0.8442782323154834,0.8476049590912327,0.8497424692791692,20.44,1017.913
1791548669.509326,69.5135068195896,0.8456772229777547,0.8454878980278411,0.8494407731224184,20.43,1017.922
1791548700.8528223,69.51063791395572,0.8450926105183832,0.8465270633353209,0.8497382794944656,20.42,1017.96
1791548732.134573,69.51283109855332,0.8471701177086325,0.8460735254098348,0.8491938902564897,20.44,1017.935
1791548763.4629796,69.51215487418787,0.8458238454641758,0.8461619576468976,0.849592851281063,20.47,1017.919
1791548794.8123386,69.51474663298659,0.8466621677946374,0.8453662883952816,0.8498407484335093,20.46,1017.93
1791548826.1529086,69.510369580211,0.8449264550660323,0.8471149814538237,0.8498407484335093,20.46,1017.945
1791548857.5053732,69.51224399413398,0.8464251049893273,0.8454878980278411,0.8498360606318762,20.44,1017.968
1791548888.8458548,69.51274117471111,0.8465270633353209,0.8462784730467564,0.8502313481413338,20.4,1017.967
1791548920.1802683,69.50928029574939,0.8453845419729618,0.8471149814538237,0.8498873189457855,20.42,1017.967
1791548951.5137837,69.507784136811,0.8458238454641758,0.8465719249333719,0.8497894152401094,20.43,1017.936
1791548982.8583207,69.50798553197043,0.8476117272466827,0.8475110296669611,0.8501340738146023,20.43,1017.93
1791549014.210818,69.50728670544468,0.8469677192535087,0.8473171325163835,0.8502833671589227,20.42,1017.926
1791549045.538282,69.50840599096769,0.8463674682735467,0.8458078255120427,0.8496402472985571,20.42,1017.937
1791549076.883883,69.51008981581597,0.845999571932157,0.8451576595080107,0.8495963069757239,20.43,1017.932
1791549108.225327,69.51000173037772,0.8458516976223744,0.8458957403415024,0.8494971376836711,20.44,1017.941
1791549139.5658236,69.51210745320684,0.8472451752690147,0.8461923138544561,0.849397710959832,20.46,1017.929
1791549170.902214,69.51317824049983,0.8467418243326689,0.8462064306861721,0.8488968304344109,20.46,1017.953
1791549202.2456672,69.5070196009795,0.8447386921749994,0.8478180119351636,0.8498824083318269,20.42,1017.932
1791549233.592449,69.50583951377536,0.8462177904914739,0.8468078340935474,0.8500648784913898,20.39,1017.903
1791549264.936787,69.5061290147642,0.8476842316002616,0.8475394811058399,0.8507908399420081,20.43,1017.884
1791549296.2863305,69.50079613567354,0.8462313979722169,0.8488978375175494,0.8503512828456069,20.42,1017.874
1791549327.62291,69.50088298554672,0.8463879953956406,0.846344570459046,0.8506871104824701,20.42,1017.876
1791549358.9672115,69.5024265809722,0.8474025659389243,0.8466307682261893,0.8501038579334963,20.43,1017.891
1791549390.31373,69.50531460390808,0.8471602758131858,0.8457162643452447,0.8504897567898636,20.43,1017.898
1791549421.65923,69.50839986635194,0.8480302111781408,0.84648757995621,0.850875655646231,20.46,1017.881
1791549453.0148597,69.51080585293167,0.8485602625080265,0.8473572692181577,0.8504897567898636,20.46,1017.9
1791549484.3682103,69.5119526164076,0.847742445824175,0.8471690640862071,0.8506783239213718,20.5,1017.903
1791549515.7006097,69.5132054930635,0.8474553976861997,0.8468289593582534,0.8502933874650601,20.47,1017.922
1791549547.0322425,69.52033806015532,0.847983768727189,0.8444174851812769,0.8500535054602799,20.5,1017.913
1791549578.365628,69.52042399780883,0.8462017394001052,0.8461587705733532,0.8499084510087481,20.49,1017.914
1791549609.7170622,69.51888521138532,0.8463013078685703,0.8470707010803231,0.8501482739273347,20.52,1017.909
1791549641.0637443,69.52349869603515,0.8465432276275054,0.8442364853025921,0.8503877981690278,20.53,1017.912
1791549672.4050374,69.51783993470951,0.8449647414311223,0.8477941220939361,0.8503371040305956,20.5,1017.904
1791549703.7365203,69.51840785400346,0.8461159619881523,0.8458320023411803,0.8506270242914403,20.53,1017.9
1791549735.0863018,69.51333141961943,0.8453072607785828,0.8478454779705918,0.8500479036651913,20.54,1017.891
1791549766.426622,69.51841225443293,0.8468393647210155,0.8442989473142672,0.8499035726058812,20.56,1017.892
1791549797.7691317,69.5138130893522,0.8450654748277238,0.8473650573680933,0.8500479036651913,20.53,1017.842
1791549829.114588,69.50738637033736,0.8449647414311223,0.8481781009385441,0.849953363844919,20.53,1017.87
1791549860.4591365,69.50892133108006,0.8468834423595055,0.8461159619881523,0.8504819740061916,20.54,1017.849
1791549891.8074963,69.51554165804278,0.8482749049124804,0.8449647414311223,0.8501924140286511,20.53,1017.856
1791549923.1521394,69.51736040086553,0.8475079012660118,0.8465985298546369,0.8503371040305956,20.56,1017.857
1791549954.4964705,69.51620383924293,0.8468393647210155,0.8474176455323095,0.8502865985914893,20.53,1017.827
1791549985.8421106,69.51314532373033,0.8460308219702389,0.847560079726541,0.8498539663609942,20.53,1017.837
1791550017.1855054,69.51266603643076,0.847560079726541,0.8477997233763277,0.8503805497211704,20.56,1017.88
1791550048.5299,69.51037214979631,0.8464131364093145,0.847560079726541,0.8502362808000697,20.52,1017.847
1791550079.8794396,69.51362544583947,0.8490893374828432,0.8474626894612673,0.8499979983938414,20.53,1017.85
1791550111.2259693,69.51286034318481,0.8457899337932201,0.8461724851205493,0.84937663200789,20.54,1017.852
1791550142.5506563,69.51141854954781,0.846981793611365,0.847702690429866,0.8500479036651913,20.54,1017.833
1791550173.8809447,69.51419125029173,0.8481818012203457,0.84679545084839,0.8492328957391828,20.52,1017.812
1791550205.2094169,69.51801439468248,0.8479423941656166,0.8460308219702389,0.8499979983938414,20.56,1017.839
1791550236.5491333,69.51877902356063,0.84679545084839,0.8464131364093145,0.8499979983938414,20.54,1017.814
1791550267.8924184,69.517729526294,0.8474176455323095,0.8479423941656166,0.8497101125964183,20.53,1017.807
1791550299.2449396,69.51668262293651,0.8463700942993213,0.8468935459780632,0.8495664367693548,20.53,1017.822
1791550330.5924106,69.51897509000062,0.8470355676882912,0.8458893341562368,0.8495664367693548,20.52,1017.82
1791550361.9317675,69.52681117760291,0.8475149108932742,0.843596867092128,0.8497101125964183,20.54,1017.811
1791550393.2853837,69.52271001393311,0.8459884887680036,0.8480390706029025,0.8500921904404365,20.57,1017.816
1791550424.6310356,69.51908848934185,0.8456068832366859,0.8474176455323095,0.8499482783109678,20.54,1017.791
1791550455.982415,69.51937170961611,0.8465117044364502,0.8463700942993213,0.8497101125964183,20.52,1017.787
1791550487.3168776,69.51946004752615,0.8470355676882912,0.8469913987332719,0.8498045440811802,20.54,1017.791
1791550518.6043797,69.51909298217667,0.8458472892955001,0.8460308219702389,0.8495664367693548,20.56,1017.803
1791550549.9537842,69.52005001813447,0.8484209121445156,0.8479423941656166,0.8500921904404365,20.57,1017.746
1791550581.304258,69.51651174213218,0.8456485075311635,0.8474176455323095,0.8500921904404365,20.54,1017.753
1791550612.6531246,69.512695686819,0.8459884887680036,0.847896516424592,0.8499482783109678,20.53,1017.776
1791550643.997282,69.50859546719039,0.8452252777053683,0.8472753875196763,0.8495664367693548,20.5,1017.764
1791550675.3377354,69.50754821329151,0.846129862894837,0.846653489844273,0.8500921904404365,20.5,1017.752
1791550706.6851816,69.5080277320593,0.8471333053619565,0.8468935459780632,0.8494229385498625,20.47,1017.748
1791550738.0127685,69.50879047168449,0.8469913987332719,0.8466100289206813,0.8498045440811802,20.49,1017.773
1791550769.3641672,69.51155596339915,0.8470890100111993,0.8457062641538732,0.8493744054972968,20.52,1017.775
1791550800.717891,69.51508325360916,0.8474699092588823,0.8457062641538732,0.8496120439781137,20.53,1017.769
1791550832.0682678,69.51860913299593,0.8486126070019311,0.8468496673085489,0.8500423572339966,20.54,1017.759
1791550863.3987172,69.51660437696984,0.8458472892955001,0.8468496673085489,0.8497553047449798,20.56,1017.738
1791550894.7511647,69.51603734285507,0.8466100289206813,0.8468935459780632,0.8495664367693548,20.54,1017.781
1791550926.0987556,69.51298449860452,0.8459884887680036,0.8475149108932742,0.8501861496124979,20.54,1017.769
1791550957.4432595,69.51374770966716,0.846751699830639,0.8463700942993213,0.8498045440811802,20.52,1017.754
1791550988.7916281,69.51298497004197,0.8462286591080908,0.8466100289206813,0.8505677551438154,20.54,1017.776
1791551020.1321185,69.51422686476589,0.8463272115158336,0.8457062641538732,0.8496120439781137,20.57,1017.789
1791551051.4736452,69.51270326777515,0.8463272115158336,0.8470890100111993,0.8497553047449798,20.57,1017.814
1791551082.8251038,69.51318348626168,0.846087398538765,0.8458472892955001,0.8504237270465872,20.6,1017.803
1791551114.1615405,69.51070122821918,0.8457062641538732,0.8469473931751293,0.8497553047449798,20.6,1017.777
1791551145.512181,69.51070122821918,0.8455240960285753,0.8455240960285753,0.8497553047449798,20.54,1017.799
1791551176.85555,69.51070122821918,0.8464255210194342,0.8464255210194342,0.8503733727789665,20.57,1017.795
1791551208.211091,69.51146255702002,0.846566728774703,0.8461860643742765,0.8498987423876839,20.53,1017.81
1791551239.553711,69.51554798605726,0.8475668105471929,0.8455240960285753,0.8498493896027103,20.57,1017.79
1791551270.8801708,69.5163093148581,0.8458053999738503,0.8454247355734238,0.8501362039926627,20.56,1017.807
1791551302.211628,69.51126089845171,0.8451845137727848,0.847708721975982,0.8497553047449798,20.57,1017.788
1791551333.5542893,69.51306678972556,0.8470890100111993,0.8461860643742765,0.8499927083785401,20.52,1017.801
1791551364.8934908,69.51258787643525,0.8461860643742765,0.8464255210194342,0.8496120439781137,20.52,1017.789
1791551396.237982,69.51154507035521,0.8456646613342617,0.8461860643742765,0.8496120439781137,20.54,1017.768
1791551427.5897326,69.51258624608607,0.8459042916022032,0.8453837037367702,0.8498493896027103,20.54,1017.769
1791551458.930028,69.51534574298789,0.8478052694703424,0.8464255210194342,0.8500864429121094,20.59,1017.739
1791551490.278583,69.51534574298789,0.8461860643742765,0.8461860643742765,0.8501362039926627,20.6,1017.725
1791551521.6101365,69.51410690824376,0.8469473931751293,0.8475668105471929,0.8498493896027103,20.62,1017.714
1791551552.951555,69.51286513584164,0.8451845137727848,0.8458053999738503,0.849468959760124,20.59,1017.682
1791551584.2969906,69.50934031642598,0.8459463122681506,0.847708721975982,0.8498493896027103,20.54,1017.724
1791551615.6365347,69.50734027359559,0.8456646613342617,0.8466646827494588,0.8506102492878826,20.54,1017.713
1791551646.9888973,69.50629816194228,0.8461436269228059,0.8466646827494588,0.8500864429121094,20.54,1017.674
1791551678.3333747,69.5085807409978,0.8468059508620204,0.8456646613342617,0.8498493896027103,20.56,1017.67
1791551709.6760025,69.51743286375046,0.8475668105471929,0.8431407491708657,0.8499927083785401,20.54,1017.646
1791551741.0224056,69.51847742622346,0.8470890100111993,0.846566728774703,0.8503733727789665,20.56,1017.672
1791551772.365013,69.52180644479353,0.8474699092588823,0.8458053999738503,0.8501362039926627,20.54,1017.653
1791551803.7124083,69.52313553059993,0.8476119360783326,0.8469473931751293,0.8498987423876839,20.56,1017.66
1791551835.0589945,69.52389592174718,0.8462844871758308,0.8459042916022032,0.8496120439781137,20.6,1017.672
1791551866.403372,69.52265673860197,0.8460450911768479,0.8466646827494588,0.8500864429121094,20.59,1017.674
1791551897.7367404,69.52009033668887,0.8464255210194342,0.847708721975982,0.8497062473384815,20.59,1017.664
1791551929.0813751,69.517327436996,0.8450440711729974,0.8464255210194342,0.8499927083785401,20.57,1017.671
1791551960.409844,69.51724000410294,0.8468059508620204,0.8468496673085489,0.8493744054972968,20.57,1017.631
1791551991.7512767,69.51876266170466,0.8469473931751293,0.8461860643742765,0.849517608002792,20.6,1017.631
1791552023.0949326,69.52000762775982,0.8450845496703188,0.8444620666427329,0.849660987421406,20.6,1017.591
1791552054.437184,69.51913860456484,0.8468935459780632,0.8473280575755556,0.8491845952277417,20.6,1017.604
1791552085.7747777,69.51837680606948,0.8455654130204676,0.8459463122681506,0.8497553047449798,20.59,1017.621
1791552117.1162963,69.5227451203107,0.8473280575755556,0.8451439004549473,0.8498987423876839,20.6,1017.588
1791552148.4457605,69.51893847630645,0.8450440711729974,0.8469473931751293,0.8496120439781137,20.62,1017.583
1791552179.768174,69.51617651484493,0.8458053999738503,0.8471863807046066,0.8498493896027103,20.59,1017.592
1791552211.1167545,69.51589387202928,0.8463272115158336,0.846468532923657,0.8502798767725759,20.6,1017.579
1791552242.4652672,69.51312885058904,0.846087398538765,0.8474699092588823,0.8498987423876839,20.6,1017.642
1791552273.8108068,69.50932220658478,0.8450440711729974,0.8469473931751293,0.8502298194452964,20.56,1017.596
1791552305.132396,69.51465479605234,0.8474699092588823,0.8448036145251019,0.8501362039926627,20.57,1017.586
1791552336.4347503,69.51569678634888,0.8460450911768479,0.8455240960285753,0.8497553047449798,20.59,1017.588
1791552367.785155,69.5118948306126,0.8451439004549473,0.8470448783230867,0.8493260517648539,20.59,1017.581
1791552399.1286392,69.5091313399978,0.8459463122681506,0.8473280575755556,0.8496120439781137,20.59,1017.602
1791552430.4691532,69.50932844481328,0.8463272115158336,0.8462286591080908,0.8498987423876839,20.62,1017.594
1791552461.8135998,69.50828435203479,0.8461860643742765,0.8467081107635164,0.8493744054972968,20.59,1017.581
1791552493.1601815,69.50876326532511,0.8464255210194342,0.8461860643742765,0.8497553047449798,20.62,1017.561
1791552524.5037332,69.50848121504185,0.8457062641538732,0.8458472892955001,0.8493744054972968,20.62,1017.576
1791552555.8542173,69.50743712226337,0.8461860643742765,0.8467081107635164,0.8493744054972968,20.63,1017.537
1791552587.1936424,69.50800205936213,0.846468532923657,0.8461860643742765,0.8493744054972968,20.62,1017.585
1791552618.5420988,69.51056799215954,0.8473280575755556,0.8460450911768479,0.8496120439781137,20.59,1017.553
1791552649.8866756,69.50828400575698,0.8458053999738503,0.8469473931751293,0.8497553047449798,20.53,1017.537
1791552681.2290316,69.50856723942911,0.8470890100111993,0.8469473931751293,0.8499927083785401,20.52,1017.531
1791552712.5768065,69.51065181049357,0.8468059508620204,0.845763665329788,0.8497062473384815,20.53,1017.536
1791552743.9061642,69.51093399896084,0.8466646827494588,0.8465235885158238,0.849800218942305,20.53,1017.526
1791552775.2505863,69.51149685065495,0.8460450911768479,0.845763665329788,0.8497062473384815,20.57,1017.527
1791552806.5802577,69.51045473900164,0.8461436269228059,0.8466646827494588,0.8497062473384815,20.56,1017.483
1791552837.9335625,69.5127387254042,0.8469473931751293,0.8458053999738503,0.8496120439781137,20.56,1017.486
1791552869.2821732,69.51417546636682,0.8466646827494588,0.8459463122681506,0.8499927083785401,20.57,1017.472
1791552900.6306744,69.51465556259538,0.8459463122681506,0.8457062641538732,0.8497553047449798,20.6,1017.456
1791552931.9839814,69.51256374894899,0.846087398538765,0.8471333053619565,0.849660987421406,20.6,1017.445
1791552963.339541,69.51208269147179,0.8458893341562368,0.846129862894837,0.8498045440811802,20.62,1017.436
1791552994.68508,69.51284402027264,0.8461860643742765,0.8458053999738503,0.849468959760124,20.6,1017.425
1791553026.0145226,69.51008311775708,0.8452842314916755,0.8466646827494588,0.8502298194452964,20.65,1017.411
1791553057.3540769,69.51160390005158,0.8474250738967144,0.8466646827494588,0.8503232044460026,20.63,1017.401
1791553088.7024682,69.50979929605502,0.8460450911768479,0.8469473931751293,0.8500864429121094,20.63,1017.404
1791553120.0290709,69.51256125751654,0.8471863807046066,0.8458053999738503,0.8499927083785401,20.63,1017.403
1791553151.355489,69.51428290045257,0.8467081107635164,0.8458472892955001,0.8505171032403456,20.62,1017.415
1791553182.7110567,69.51456542159123,0.8462286591080908,0.846087398538765,0.8498987423876839,20.62,1017.424
1791553214.0574803,69.51437042892826,0.8471333053619565,0.8472308016934407,0.849660987421406,20.65,1017.47
1791553245.4089096,69.51417332411278,0.8462286591080908,0.8463272115158336,0.8500423572339966,20.62,1017.418
1791553276.7474315,69.51265066651106,0.8461860643742765,0.8469473931751293,0.8492313795776875,20.63,1017.416
1791553308.0830812,69.51208642583309,0.8460450911768479,0.8463272115158336,0.8501362039926627,20.63,1017.415
1791553339.4154012,69.51457223713514,0.8473727685458625,0.846129862894837,0.8504237270465872,20.65,1017.381
1791553370.7608893,69.51409177432618,0.846129862894837,0.8463700942993213,0.8498045440811802,20.62,1017.406
1791553402.1124616,69.51380808203133,0.846751699830639,0.8468935459780632,0.8498045440811802,20.62,1017.44
1791553433.4698975,69.5142884227115,0.8462286591080908,0.8459884887680036,0.8499482783109678,20.59,1017.428
1791553464.8074937,69.51476923482913,0.8458472892955001,0.8456068832366859,0.8495664367693548,20.59,1017.435
1791553496.1578684,69.51143575518975,0.846087398538765,0.847754138358453,0.8494229385498625,20.62,1017.423
1791553527.5064611,69.51163240415822,0.8466100289206813,0.8465117044364502,0.8494229385498625,20.63,1017.425
1791553558.8490448,69.51143435821292,0.8458472892955001,0.8459463122681506,0.849517608002792,20.67,1017.415
1791553590.1915,69.51058783994445,0.8458053999738503,0.8462286591080908,0.8500423572339966,20.65,1017.394
1791553621.538013,69.50906236069409,0.8458472892955001,0.8466100289206813,0.8500423572339966,20.65,1017.397
1791553652.8683116,69.50906236069409,0.846087398538765,0.846087398538765,0.8500423572339966,20.62,1017.388
1791553684.1938736,69.50945757905163,0.8463700942993213,0.8461724851205493,0.8494716519219188,20.62,1017.4
1791553715.5372567,69.506397168433,0.8457899337932201,0.8473201391025369,0.849615447066512,20.63,1017.395
1791553746.8789072,69.50897840404573,0.8468393647210155,0.8455487469146448,0.8492813761517346,20.62,1017.394
1791553778.231401,69.50668735479606,0.845748021353224,0.8468935459780632,0.8497101125964183,20.65,1017.373
1791553809.5680165,69.51022717288619,0.8479423941656166,0.8461724851205493,0.8499482783109678,20.63,1017.394
1791553840.9203439,69.51195428498829,0.846653489844273,0.8457899337932201,0.8502362808000697,20.63,1017.411
1791553872.2548168,69.51042597361221,0.846653489844273,0.8474176455323095,0.8503805497211704,20.63,1017.46
1791553903.6163292,69.50335617689471,0.8430751305619325,0.8466100289206813,0.8501861496124979,20.57,1017.388
1791553934.974831,69.50451460631488,0.846751699830639,0.8461724851205493,0.8505677551438154,20.56,1017.357
1791553966.3023262,69.50604576035218,0.8466971124426184,0.8459315354239691,0.8499979983938414,20.57,1017.362
1791553997.6388147,69.50632943797767,0.8463143239332938,0.8461724851205493,0.8492328957391828,20.6,1017.334
1791554028.9883437,69.50911319316674,0.8462152660979085,0.8448233885033728,0.8492813761517346,20.65,1017.347
1791554060.3317552,69.51036414177261,0.846499702173829,0.8458742278708965,0.8491858834735656,20.66,1017.305
1791554091.682216,69.51113209946183,0.8462582067155043,0.8458742278708965,0.8493300374723679,20.7,1017.297
1791554122.9758072,69.51384097293199,0.8470707010803231,0.8457162643452447,0.8497635773214584,20.73,1017.282
1791554154.3221765,69.51798946866519,0.8469176824271505,0.8448434345605499,0.8488495917434731,20.76,1017.284
1791554185.663781,69.51721718824764,0.8456157149780953,0.8460018551868679,0.8490909768570492,20.77,1017.302
1791554217.008365,69.51673067717692,0.8456157149780953,0.8458589705134546,0.8490909768570492,20.79,1017.312
1791554248.3596928,69.5164452648405,0.8457162643452447,0.8458589705134546,0.848946161364394,20.79,1017.286
1791554279.7542448,69.5164452648405,0.8455737363479383,0.8455737363479383,0.8499585002055542,20.8,1017.264
1791554311.093603,69.51750199278789,0.8458589705134546,0.845330606539762,0.8497179590771288,20.8,1017.257
1791554342.4432285,69.51441865634345,0.8455737363479383,0.8471154045701536,0.8491871845945889,20.83,1017.249
1791554373.7866724,69.51595936276752,0.8473572692181577,0.8465869160061226,0.8494279069034764,20.82,1017.232
1791554405.1310713,69.51644405386168,0.8465869160061226,0.846344570459046,0.8496683288542625,20.8,1017.227
1791554436.4766753,69.5207840025337,0.8478862386812612,0.8457162643452447,0.8494279069034764,20.82,1017.222
1791554467.8190398,69.51846716128107,0.8452295747693226,0.8463879953956406,0.8493320602207614,20.8,1017.24
1791554499.1655667,69.5197270450156,0.8456157149780953,0.8449857731108281,0.8493811519539752,20.84,1017.229
1791554530.4951236,69.51798404741169,0.8454730716570872,0.846344570459046,0.8493320602207614,20.77,1017.212
1791554561.830597,69.51867092426248,0.8459591534034921,0.8456157149780953,0.8495728424000717,20.8,1017.194
1791554593.1690161,69.5159582059939,0.8449449487342792,0.8463013078685703,0.8491871845945889,20.77,1017.21
1791554624.5166047,69.5132798638976,0.8450053994108965,0.846344570459046,0.8498133239590302,20.8,1017.196
1791554655.8630724,69.51202433869233,0.8459591534034921,0.8465869160061226,0.8499084510087481,20.76,1017.185
1791554687.1966274,69.5100839364875,0.8450462095820527,0.8460164106844626,0.8499084510087481,20.74,1017.175
1791554718.550224,69.5228674070009,0.848705935288533,0.8423142000318309,0.8490901530891144,20.77,1017.167
1791554749.8945155,69.52460509651345,0.8475988322708771,0.8467299875145998,0.8491385780961246,20.8,1017.183
1791554781.2399504,69.52046718743632,0.8446610329760352,0.8467299875145998,0.8488979756422275,20.79,1017.201
1791554812.581633,69.52132022403032,0.8455737363479383,0.845147218050941,0.8498133239590302,20.79,1017.199
1791554843.913968,69.52476848863816,0.847840094292076,0.8461159619881523,0.8498539663609942,20.76,1017.193
1791554875.2565444,69.52706379660214,0.847702690429866,0.8465550364478784,0.8497594205172144,20.77,1017.142
1791554906.6020098,69.52982848966512,0.8476572290612894,0.8462748825297967,0.8497635773214584,20.77,1017.153
1791554937.944579,69.53612957695664,0.8480346629165356,0.844884119270778,0.8503877981690278,20.74,1017.168
1791554969.2810798,69.53411842098214,0.8466971124426184,0.847702690429866,0.8504742682844545,20.76,1017.184
1791555000.6195722,69.533353792104,0.847560079726541,0.8479423941656166,0.8506185952391453,20.76,1017.199
1791555031.9529707,69.52820395613668,0.8456068832366859,0.8481818012203457,0.8502362808000697,20.76,1017.156
1791555063.2955763,69.51673452296441,0.8437369353357859,0.8494716519219188,0.8504742682844545,20.76,1017.147
1791555094.639116,69.51577416541522,0.8470799009519427,0.847560079726541,0.850907786045188,20.74,1017.135
1791555125.9884717,69.51110571215467,0.8457426013866701,0.848076828016944,0.8506696245770975,20.73,1017.133
1791555157.3338706,69.50550129479954,0.8453721549740925,0.8481743636516591,0.8509695751256916,20.74,1017.123
1791555188.681537,69.50221662897341,0.8454730716570872,0.8471154045701536,0.8501038579334963,20.74,1017.09
1791555220.0209746,69.50768464490194,0.8488499699524188,0.8461159619881523,0.8506270242914403,20.77,1017.098
1791555251.3714695,69.50183227503547,0.8457322218024755,0.8486584067357144,0.8506270242914403,20.76,1017.076
1791555282.7078812,69.49551477463672,0.8451659584053202,0.8483247086046922,0.8507631010484996,20.73,1017.093
1791555314.056476,69.50191892217461,0.8492328957391828,0.8460308219702389,0.8510009096782207,20.73,1017.079
1791555345.4028978,69.50344628834107,0.8476572290612894,0.8468935459780632,0.8505677551438154,20.73,1017.103
1791555376.728516,69.50268354871588,0.8473727685458625,0.847754138358453,0.8504237270465872,20.7,1017.082
1791555408.0778418,69.50096543938102,0.8468496673085489,0.847708721975982,0.8508980024880286,20.66,1017.097
1791555439.4223237,69.50220474324082,0.8471863807046066,0.846566728774703,0.8503733727789665,20.66,1017.085
1791555470.7698398,69.50477466264024,0.8479930704632246,0.8467081107635164,0.8506610111574676,20.66,1017.07
1791555502.1103623,69.51705485440215,0.847896516424592,0.8417564205436384,0.8500423572339966,20.63,1017.062
1791555533.4549856,69.51572787641862,0.8464255210194342,0.8470890100111993,0.8503733727789665,20.66,1017.07
1791555564.7914793,69.52029866739082,0.8470890100111993,0.8448036145251019,0.8506610111574676,20.62,1017.074
1791555596.1329007,69.52487228000952,0.8479930704632246,0.8457062641538732,0.8501362039926627,20.65,1017.049
1791555627.4753954,69.52278092543332,0.8469473931751293,0.8479930704632246,0.8508980024880286,20.67,1017.056
1791555658.8208761,69.52420414245991,0.8485168779836343,0.8478052694703424,0.8509493606751332,20.69,1017.097
1791555690.1682708,69.52468187717868,0.8469035501088417,0.8466646827494588,0.8506102492878826,20.72,1017.08
1791555721.5097284,69.52192589532795,0.8465235885158238,0.8479015794411835,0.8503232044460026,20.74,1017.122
1791555752.852346,69.51613115550427,0.845763665329788,0.8486610352416321,0.8505596747427536,20.73,1017.117
1791555784.201732,69.5133736512274,0.8466646827494588,0.8480434348878952,0.8502298194452964,20.77,1017.108
1791555815.551466,69.51118181780515,0.8462844871758308,0.8473804038869552,0.8507958543394022,20.79,1017.099
1791555846.8947647,69.50966197143308,0.8472835117018596,0.8480434348878952,0.8504666384857374,20.83,1017.11
1791555878.2394235,69.51042142723352,0.8471421236407349,0.8467623957405106,0.850939402642978,20.79,1017.122
1791555909.5269024,69.51469094847025,0.8487561755158812,0.8466214148975226,0.850416359844686,20.79,1017.078
1791555940.8761995,69.51165872012272,0.8470980295961084,0.8486141437698719,0.8508883150305172,20.76,1017.083
1791555972.218802,69.50834161512763,0.8461013458841294,0.8477598983816717,0.8510317437716688,20.79,1017.051
1791556003.567409,69.50729879720816,0.8477598983816717,0.8482813073414078,0.8505092864870765,20.77,1017.085
1791556034.906826,69.50777641165755,0.8467623957405106,0.8465235885158238,0.8501799468425293,20.77,1017.102
1791556066.2601948,69.50616758204418,0.8467623957405106,0.8475668105471929,0.8506102492878826,20.77,1017.119
1791556097.5908842,69.50949168285833,0.8468059508620204,0.8451439004549473,0.8504666384857374,20.76,1017.085
1791556128.9242642,69.50768532188997,0.846566728774703,0.8474699092588823,0.8501362039926627,20.74,1017.068
1791556160.2628524,69.50539992640387,0.8467081107635164,0.8478508085065651,0.8506610111574676,20.76,1017.064
1791556191.6052718,69.50587802153258,0.8473280575755556,0.8470890100111993,0.8507540371793928,20.74,1017.043
1791556222.9496577,69.50463965590413,0.8473280575755556,0.847947240389779,0.8507540371793928,20.72,1017.051
1791556254.3022761,69.50112772494434,0.8458624259080899,0.8476183913879876,0.8503232044460026,20.73,1016.988
1791556285.6307359,69.50112772494434,0.8473804038869552,0.8473804038869552,0.8498939596437751,20.76,1017.005
1791556316.9691093,69.50416741768848,0.8480434348878952,0.8465235885158238,0.8504666384857374,20.74,1017.012
1791556348.3086016,69.50796937342476,0.848565660617598,0.8466646827494588,0.8504666384857374,20.79,1017.001
1791556379.6432505,69.51072629004665,0.8471421236407349,0.845763665329788,0.8503232044460026,20.77,1016.998
1791556410.9926898,69.51044387453611,0.8464255210194342,0.846566728774703,0.8502298194452964,20.76,1016.966
1791556442.3371668,69.5114876188475,0.8469473931751293,0.8464255210194342,0.8501362039926627,20.79,1016.987
1791556473.682611,69.5114876188475,0.8461860643742765,0.8461860643742765,0.8499927083785401,20.77,1016.946
1791556505.0061662,69.51072629004665,0.8461860643742765,0.846566728774703,0.8496120439781137,20.79,1016.974
1791556536.3517187,69.51425405053108,0.8470890100111993,0.8453251297689813,0.8502798767725759,20.76,1016.985
1791556567.6841,69.51273045354034,0.8459463122681506,0.8467081107635164,0.8502798767725759,20.77,1016.965
1791556599.0286276,69.51149009022176,0.8463272115158336,0.8469473931751293,0.8498493896027103,20.76,1016.98
1791556630.3730252,69.51453728420321,0.848231707754248,0.8467081107635164,0.8493744054972968,20.77,1016.99
1791556661.7206464,69.51205502616071,0.8457062641538732,0.8469473931751293,0.849517608002792,20.76,1016.974
1791556693.0671685,69.51005498333032,0.8456646613342617,0.8466646827494588,0.8496120439781137,20.72,1016.951
1791556724.307598,69.50901170813461,0.8460450911768479,0.846566728774703,0.8497553047449798,20.73,1016.938
